;Cycle;Origin;Destination;Total;age: [children];age: [adults];age: [elders];occupation: [student];occupation: [worker]
0;0;Aberta dos Morros;Aberta dos Morros;2800;200;1414;420;500;2300
1;0;Aberta dos Morros;Agronomia;100;0;55;21;0;100
2;0;Aberta dos Morros;Anchieta;50;0;26;14;0;50
3;0;Aberta dos Morros;Arquipélago;0;0;0;0;0;0
4;0;Aberta dos Morros;Auxiliadora;0;0;0;0;0;0
5;0;Aberta dos Morros;Azenha;100;0;59;12;0;100
6;0;Aberta dos Morros;Bela Vista;50;0;25;11;0;50
7;0;Aberta dos Morros;Belém Novo;150;100;29;10;100;50
8;0;Aberta dos Morros;Belém Velho;750;100;389;105;100;650
9;0;Aberta dos Morros;Boa Vista;50;0;28;13;0;50
10;0;Aberta dos Morros;Boa Vista do Sul;100;0;32;8;50;50
11;0;Aberta dos Morros;Bom Fim;0;0;0;0;0;0
12;0;Aberta dos Morros;Bom Jesus;0;0;0;0;0;0
13;0;Aberta dos Morros;Camaquã;200;0;119;44;0;200
14;0;Aberta dos Morros;Campo Novo;1733;50;868;234;283;1450
15;0;Aberta dos Morros;Cascata;0;0;0;0;0;0
16;0;Aberta dos Morros;Cavalhada;450;50;234;87;50;400
17;0;Aberta dos Morros;Cel. Aparício Borges;250;100;72;13;150;100
18;0;Aberta dos Morros;Centro Histórico;200;50;91;34;50;150
19;0;Aberta dos Morros;Chapéu do Sol;0;0;0;0;0;0
20;0;Aberta dos Morros;Chácara das Pedras;0;0;0;0;0;0
21;0;Aberta dos Morros;Cidade Baixa;100;0;31;3;50;50
22;0;Aberta dos Morros;Costa e Silva;100;0;69;14;0;100
23;0;Aberta dos Morros;Cristal;100;50;27;8;50;50
24;0;Aberta dos Morros;Cristo Redentor;0;0;0;0;0;0
25;0;Aberta dos Morros;Espírito Santo;1300;600;239;20;1150;150
26;0;Aberta dos Morros;Extrema;0;0;0;0;0;0
27;0;Aberta dos Morros;Farrapos;0;0;0;0;0;0
28;0;Aberta dos Morros;Farroupilha;50;0;0;0;50;0
29;0;Aberta dos Morros;Floresta;0;0;0;0;0;0
30;0;Aberta dos Morros;Glória;200;50;85;22;50;150
31;0;Aberta dos Morros;Guarujá;500;0;189;58;200;300
32;0;Aberta dos Morros;Higienópolis;50;0;30;12;0;50
33;0;Aberta dos Morros;Humaitá;50;0;27;10;0;50
34;0;Aberta dos Morros;Hípica;1600;300;711;154;600;1000
35;0;Aberta dos Morros;Independência;0;0;0;0;0;0
36;0;Aberta dos Morros;Ipanema;200;50;85;32;50;150
37;0;Aberta dos Morros;Jardim Botânico;50;0;25;9;0;50
38;0;Aberta dos Morros;Jardim Carvalho;100;0;59;21;0;100
39;0;Aberta dos Morros;Jardim Europa;50;0;0;0;50;0
40;0;Aberta dos Morros;Jardim Floresta;0;0;0;0;0;0
41;0;Aberta dos Morros;Jardim Isabel;400;0;224;59;50;350
42;0;Aberta dos Morros;Jardim Itú;0;0;0;0;0;0
43;0;Aberta dos Morros;Jardim Leopoldina;50;0;36;6;0;50
44;0;Aberta dos Morros;Jardim Lindóia;0;0;0;0;0;0
45;0;Aberta dos Morros;Jardim Sabará;50;0;0;0;50;0
46;0;Aberta dos Morros;Jardim São Pedro;0;0;0;0;0;0
47;0;Aberta dos Morros;Jardim do Salso;50;0;36;5;0;50
48;0;Aberta dos Morros;Lageado;150;100;33;7;100;50
49;0;Aberta dos Morros;Lami;0;0;0;0;0;0
50;0;Aberta dos Morros;Lomba do Pinheiro;150;50;56;17;50;100
51;0;Aberta dos Morros;Medianeira;100;0;63;20;0;100
52;0;Aberta dos Morros;Menino Deus;200;0;59;26;100;100
53;0;Aberta dos Morros;Moinhos de Vento;50;0;32;9;0;50
54;0;Aberta dos Morros;Mont'Serrat;0;0;0;0;0;0
55;0;Aberta dos Morros;Morro Santana;100;50;27;12;50;50
56;0;Aberta dos Morros;Mário Quintana;50;50;0;0;50;0
57;0;Aberta dos Morros;Navegantes;0;0;0;0;0;0
58;0;Aberta dos Morros;Nonoai;100;50;0;0;100;0
59;0;Aberta dos Morros;Parque Santa Fé;0;0;0;0;0;0
60;0;Aberta dos Morros;Partenon;250;100;56;22;150;100
61;0;Aberta dos Morros;Passo D'Areia;100;0;33;43;0;100
62;0;Aberta dos Morros;Passo das Pedras;50;0;50;0;50;0
63;0;Aberta dos Morros;Pedra Redonda;50;0;33;7;0;50
64;0;Aberta dos Morros;Petrópolis;100;50;29;17;50;50
65;0;Aberta dos Morros;Pitinga;0;0;0;0;0;0
66;0;Aberta dos Morros;Ponta Grossa;300;0;135;34;50;250
67;0;Aberta dos Morros;Praia de Belas;0;0;0;0;0;0
68;0;Aberta dos Morros;Restinga;2250;800;610;168;1150;1100
69;0;Aberta dos Morros;Rio Branco;150;0;26;13;100;50
70;0;Aberta dos Morros;Rubem Berta;0;0;0;0;0;0
71;0;Aberta dos Morros;Santa Cecília;0;0;0;0;0;0
72;0;Aberta dos Morros;Santa Maria Goretti;100;50;39;2;50;50
73;0;Aberta dos Morros;Santa Rosa de Lima;200;0;115;45;0;200
74;0;Aberta dos Morros;Santa Tereza;250;50;83;37;100;150
75;0;Aberta dos Morros;Santana;100;0;34;4;50;50
76;0;Aberta dos Morros;Santo Antônio;0;0;0;0;0;0
77;0;Aberta dos Morros;Sarandi;50;0;22;16;0;50
78;0;Aberta dos Morros;Serraria;900;250;152;61;600;300
79;0;Aberta dos Morros;São Caetano;0;0;0;0;0;0
80;0;Aberta dos Morros;São Geraldo;50;0;34;15;0;50
81;0;Aberta dos Morros;São José;50;0;24;10;0;50
82;0;Aberta dos Morros;São João;50;0;0;0;50;0
83;0;Aberta dos Morros;São Sebastião;0;0;0;0;0;0
84;0;Aberta dos Morros;Sétimo Céu;50;0;31;11;0;50
85;0;Aberta dos Morros;Teresópolis;100;50;0;0;100;0
86;0;Aberta dos Morros;Tristeza;50;0;0;0;50;0
87;0;Aberta dos Morros;Três Figueiras;0;0;0;0;0;0
88;0;Aberta dos Morros;Vila Assunção;50;0;0;0;50;0
89;0;Aberta dos Morros;Vila Conceição;150;100;0;0;150;0
90;0;Aberta dos Morros;Vila Ipiranga;200;0;54;19;100;100
91;0;Aberta dos Morros;Vila Jardim;50;0;34;13;0;50
92;0;Aberta dos Morros;Vila João Pessoa;0;0;0;0;0;0
93;0;Aberta dos Morros;Vila Nova;1000;150;477;147;200;800
94;0;Agronomia;Aberta dos Morros;100;0;55;21;0;100
95;0;Agronomia;Agronomia;400;200;0;0;400;0
96;0;Agronomia;Anchieta;50;50;0;0;50;0
97;0;Agronomia;Arquipélago;50;0;22;9;0;50
98;0;Agronomia;Auxiliadora;0;0;0;0;0;0
99;0;Agronomia;Azenha;200;0;97;35;50;150
100;0;Agronomia;Bela Vista;50;0;0;0;50;0
101;0;Agronomia;Belém Novo;50;0;35;9;0;50
102;0;Agronomia;Belém Velho;0;0;0;0;0;0
103;0;Agronomia;Boa Vista;0;0;0;0;0;0
104;0;Agronomia;Boa Vista do Sul;100;0;25;10;50;50
105;0;Agronomia;Bom Fim;0;0;0;0;0;0
106;0;Agronomia;Bom Jesus;650;200;97;23;500;150
107;0;Agronomia;Camaquã;0;0;0;0;0;0
108;0;Agronomia;Campo Novo;100;0;57;16;0;100
109;0;Agronomia;Cascata;450;150;148;40;200;250
110;0;Agronomia;Cavalhada;50;50;0;0;50;0
111;0;Agronomia;Cel. Aparício Borges;300;100;134;17;150;150
112;0;Agronomia;Centro Histórico;100;0;50;0;100;0
113;0;Agronomia;Chapéu do Sol;0;0;0;0;0;0
114;0;Agronomia;Chácara das Pedras;50;50;0;0;50;0
115;0;Agronomia;Cidade Baixa;0;0;0;0;0;0
116;0;Agronomia;Costa e Silva;50;0;28;8;0;50
117;0;Agronomia;Cristal;0;0;0;0;0;0
118;0;Agronomia;Cristo Redentor;50;0;0;0;50;0
119;0;Agronomia;Espírito Santo;0;0;0;0;0;0
120;0;Agronomia;Extrema;50;0;32;9;0;50
121;0;Agronomia;Farrapos;0;0;0;0;0;0
122;0;Agronomia;Farroupilha;0;0;0;0;0;0
123;0;Agronomia;Floresta;150;50;32;7;100;50
124;0;Agronomia;Glória;250;100;58;16;150;100
125;0;Agronomia;Guarujá;0;0;0;0;0;0
126;0;Agronomia;Higienópolis;150;0;93;26;0;150
127;0;Agronomia;Humaitá;0;0;0;0;0;0
128;0;Agronomia;Hípica;50;50;0;0;50;0
129;0;Agronomia;Independência;0;0;0;0;0;0
130;0;Agronomia;Ipanema;100;0;63;30;0;100
131;0;Agronomia;Jardim Botânico;50;0;0;0;50;0
132;0;Agronomia;Jardim Carvalho;3000;1550;321;59;2650;350
133;0;Agronomia;Jardim Europa;50;0;33;9;0;50
134;0;Agronomia;Jardim Floresta;0;0;0;0;0;0
135;0;Agronomia;Jardim Isabel;0;0;0;0;0;0
136;0;Agronomia;Jardim Itú;250;50;139;39;50;200
137;0;Agronomia;Jardim Leopoldina;250;0;110;38;50;200
138;0;Agronomia;Jardim Lindóia;0;0;0;0;0;0
139;0;Agronomia;Jardim Sabará;200;50;87;21;50;150
140;0;Agronomia;Jardim São Pedro;100;0;50;0;100;0
141;0;Agronomia;Jardim do Salso;0;0;0;0;0;0
142;0;Agronomia;Lageado;50;50;0;0;50;0
143;0;Agronomia;Lami;50;0;0;0;50;0
144;0;Agronomia;Lomba do Pinheiro;5200;550;2522;601;1000;4200
145;0;Agronomia;Medianeira;100;0;49;33;0;100
146;0;Agronomia;Menino Deus;50;0;27;12;0;50
147;0;Agronomia;Moinhos de Vento;0;0;0;0;0;0
148;0;Agronomia;Mont'Serrat;100;0;28;11;50;50
149;0;Agronomia;Morro Santana;550;0;338;89;0;550
150;0;Agronomia;Mário Quintana;250;50;92;14;100;150
151;0;Agronomia;Navegantes;0;0;0;0;0;0
152;0;Agronomia;Nonoai;50;0;31;10;0;50
153;0;Agronomia;Parque Santa Fé;50;50;0;0;50;0
154;0;Agronomia;Partenon;400;100;158;45;150;250
155;0;Agronomia;Passo D'Areia;100;0;16;13;50;50
156;0;Agronomia;Passo das Pedras;150;0;29;9;100;50
157;0;Agronomia;Pedra Redonda;0;0;0;0;0;0
158;0;Agronomia;Petrópolis;300;0;182;83;50;250
159;0;Agronomia;Pitinga;0;0;0;0;0;0
160;0;Agronomia;Ponta Grossa;0;0;0;0;0;0
161;0;Agronomia;Praia de Belas;0;0;0;0;0;0
162;0;Agronomia;Restinga;200;50;84;23;50;150
163;0;Agronomia;Rio Branco;250;0;79;31;100;150
164;0;Agronomia;Rubem Berta;50;0;19;26;0;50
165;0;Agronomia;Santa Cecília;0;0;0;0;0;0
166;0;Agronomia;Santa Maria Goretti;50;0;37;2;0;50
167;0;Agronomia;Santa Rosa de Lima;200;0;124;37;0;200
168;0;Agronomia;Santa Tereza;200;50;84;21;50;150
169;0;Agronomia;Santana;50;0;18;11;0;50
170;0;Agronomia;Santo Antônio;0;0;0;0;0;0
171;0;Agronomia;Sarandi;50;50;0;0;50;0
172;0;Agronomia;Serraria;0;0;0;0;0;0
173;0;Agronomia;São Caetano;0;0;0;0;0;0
174;0;Agronomia;São Geraldo;100;0;0;0;100;0
175;0;Agronomia;São José;3700;850;1359;354;1450;2250
176;0;Agronomia;São João;50;0;0;0;50;0
177;0;Agronomia;São Sebastião;0;0;0;0;0;0
178;0;Agronomia;Sétimo Céu;0;0;0;0;0;0
179;0;Agronomia;Teresópolis;0;0;0;0;0;0
180;0;Agronomia;Tristeza;50;0;31;13;0;50
181;0;Agronomia;Três Figueiras;50;0;0;0;50;0
182;0;Agronomia;Vila Assunção;0;0;0;0;0;0
183;0;Agronomia;Vila Conceição;0;0;0;0;0;0
184;0;Agronomia;Vila Ipiranga;0;0;0;0;0;0
185;0;Agronomia;Vila Jardim;150;50;21;13;100;50
186;0;Agronomia;Vila João Pessoa;150;0;90;28;0;150
187;0;Agronomia;Vila Nova;200;0;25;18;150;50
188;0;Anchieta;Aberta dos Morros;50;0;26;14;0;50
189;0;Anchieta;Agronomia;50;50;0;0;50;0
190;0;Anchieta;Anchieta;400;200;0;0;400;0
191;0;Anchieta;Arquipélago;0;0;0;0;0;0
192;0;Anchieta;Auxiliadora;200;100;69;16;100;100
193;0;Anchieta;Azenha;0;0;0;0;0;0
194;0;Anchieta;Bela Vista;150;0;87;33;0;150
195;0;Anchieta;Belém Novo;0;0;0;0;0;0
196;0;Anchieta;Belém Velho;200;50;69;14;100;100
197;0;Anchieta;Boa Vista;0;0;0;0;0;0
198;0;Anchieta;Boa Vista do Sul;0;0;0;0;0;0
199;0;Anchieta;Bom Fim;50;0;26;8;0;50
200;0;Anchieta;Bom Jesus;250;50;55;18;150;100
201;0;Anchieta;Camaquã;50;0;0;0;50;0
202;0;Anchieta;Campo Novo;0;0;0;0;0;0
203;0;Anchieta;Cascata;50;50;0;0;50;0
204;0;Anchieta;Cavalhada;0;0;0;0;0;0
205;0;Anchieta;Cel. Aparício Borges;100;0;57;15;0;100
206;0;Anchieta;Centro Histórico;150;100;37;8;100;50
207;0;Anchieta;Chapéu do Sol;0;0;0;0;0;0
208;0;Anchieta;Chácara das Pedras;100;50;28;15;50;50
209;0;Anchieta;Cidade Baixa;0;0;0;0;0;0
210;0;Anchieta;Costa e Silva;150;50;31;9;100;50
211;0;Anchieta;Cristal;50;0;26;15;0;50
212;0;Anchieta;Cristo Redentor;300;50;88;34;150;150
213;0;Anchieta;Espírito Santo;50;0;20;4;0;50
214;0;Anchieta;Extrema;0;0;0;0;0;0
215;0;Anchieta;Farrapos;1423;500;219;67;1073;350
216;0;Anchieta;Farroupilha;0;0;0;0;0;0
217;0;Anchieta;Floresta;0;0;0;0;0;0
218;0;Anchieta;Glória;50;0;28;8;0;50
219;0;Anchieta;Guarujá;0;0;0;0;0;0
220;0;Anchieta;Higienópolis;100;0;33;3;50;50
221;0;Anchieta;Humaitá;486;50;69;9;386;100
222;0;Anchieta;Hípica;100;50;27;5;50;50
223;0;Anchieta;Independência;100;0;23;8;50;50
224;0;Anchieta;Ipanema;50;0;0;0;50;0
225;0;Anchieta;Jardim Botânico;0;0;0;0;0;0
226;0;Anchieta;Jardim Carvalho;100;100;0;0;100;0
227;0;Anchieta;Jardim Europa;50;0;0;0;50;0
228;0;Anchieta;Jardim Floresta;50;0;26;5;0;50
229;0;Anchieta;Jardim Isabel;0;0;0;0;0;0
230;0;Anchieta;Jardim Itú;50;50;0;0;50;0
231;0;Anchieta;Jardim Leopoldina;0;0;0;0;0;0
232;0;Anchieta;Jardim Lindóia;0;0;0;0;0;0
233;0;Anchieta;Jardim Sabará;150;0;57;21;50;100
234;0;Anchieta;Jardim São Pedro;500;150;195;38;200;300
235;0;Anchieta;Jardim do Salso;0;0;0;0;0;0
236;0;Anchieta;Lageado;0;0;0;0;0;0
237;0;Anchieta;Lami;0;0;0;0;0;0
238;0;Anchieta;Lomba do Pinheiro;250;0;159;27;0;250
239;0;Anchieta;Medianeira;50;50;0;0;50;0
240;0;Anchieta;Menino Deus;50;0;29;9;0;50
241;0;Anchieta;Moinhos de Vento;50;0;0;0;50;0
242;0;Anchieta;Mont'Serrat;100;0;58;19;0;100
243;0;Anchieta;Morro Santana;50;0;28;5;0;50
244;0;Anchieta;Mário Quintana;50;0;36;4;0;50
245;0;Anchieta;Navegantes;0;0;0;0;0;0
246;0;Anchieta;Nonoai;100;0;64;28;0;100
247;0;Anchieta;Parque Santa Fé;50;0;36;7;0;50
248;0;Anchieta;Partenon;200;0;113;24;100;100
249;0;Anchieta;Passo D'Areia;0;0;0;0;0;0
250;0;Anchieta;Passo das Pedras;0;0;0;0;0;0
251;0;Anchieta;Pedra Redonda;0;0;0;0;0;0
252;0;Anchieta;Petrópolis;150;0;72;22;50;100
253;0;Anchieta;Pitinga;0;0;0;0;0;0
254;0;Anchieta;Ponta Grossa;0;0;0;0;0;0
255;0;Anchieta;Praia de Belas;0;0;0;0;0;0
256;0;Anchieta;Restinga;50;50;0;0;50;0
257;0;Anchieta;Rio Branco;50;0;20;11;0;50
258;0;Anchieta;Rubem Berta;50;0;19;22;0;50
259;0;Anchieta;Santa Cecília;50;0;30;15;0;50
260;0;Anchieta;Santa Maria Goretti;400;200;58;9;300;100
261;0;Anchieta;Santa Rosa de Lima;50;0;0;0;50;0
262;0;Anchieta;Santa Tereza;200;0;103;34;0;200
263;0;Anchieta;Santana;0;0;0;0;0;0
264;0;Anchieta;Santo Antônio;50;0;28;12;0;50
265;0;Anchieta;Sarandi;1700;150;871;356;350;1350
266;0;Anchieta;Serraria;100;0;48;23;0;100
267;0;Anchieta;São Caetano;0;0;0;0;0;0
268;0;Anchieta;São Geraldo;100;0;51;39;0;100
269;0;Anchieta;São José;100;0;67;19;0;100
270;0;Anchieta;São João;157;50;54;19;57;100
271;0;Anchieta;São Sebastião;100;0;28;12;50;50
272;0;Anchieta;Sétimo Céu;0;0;0;0;0;0
273;0;Anchieta;Teresópolis;100;0;31;10;50;50
274;0;Anchieta;Tristeza;50;0;0;0;50;0
275;0;Anchieta;Três Figueiras;100;50;31;15;50;50
276;0;Anchieta;Vila Assunção;0;0;0;0;0;0
277;0;Anchieta;Vila Conceição;0;0;0;0;0;0
278;0;Anchieta;Vila Ipiranga;50;50;0;0;50;0
279;0;Anchieta;Vila Jardim;0;0;0;0;0;0
280;0;Anchieta;Vila João Pessoa;50;0;44;6;0;50
281;0;Anchieta;Vila Nova;350;0;216;57;50;300
282;0;Arquipélago;Aberta dos Morros;0;0;0;0;0;0
283;0;Arquipélago;Agronomia;50;0;22;9;0;50
284;0;Arquipélago;Anchieta;0;0;0;0;0;0
285;0;Arquipélago;Arquipélago;0;0;0;0;0;0
286;0;Arquipélago;Auxiliadora;50;0;33;9;0;50
287;0;Arquipélago;Azenha;100;0;21;14;50;50
288;0;Arquipélago;Bela Vista;50;0;31;3;0;50
289;0;Arquipélago;Belém Novo;150;0;84;25;0;150
290;0;Arquipélago;Belém Velho;100;0;26;11;50;50
291;0;Arquipélago;Boa Vista;0;0;0;0;0;0
292;0;Arquipélago;Boa Vista do Sul;50;0;50;0;50;0
293;0;Arquipélago;Bom Fim;250;0;132;47;0;250
294;0;Arquipélago;Bom Jesus;150;0;93;29;0;150
295;0;Arquipélago;Camaquã;150;50;0;0;150;0
296;0;Arquipélago;Campo Novo;50;0;0;0;50;0
297;0;Arquipélago;Cascata;300;0;145;28;50;250
298;0;Arquipélago;Cavalhada;250;0;115;44;50;200
299;0;Arquipélago;Cel. Aparício Borges;50;0;33;11;0;50
300;0;Arquipélago;Centro Histórico;750;0;384;106;100;650
301;0;Arquipélago;Chapéu do Sol;0;0;0;0;0;0
302;0;Arquipélago;Chácara das Pedras;50;0;24;7;0;50
303;0;Arquipélago;Cidade Baixa;250;200;29;4;200;50
304;0;Arquipélago;Costa e Silva;150;0;53;22;50;100
305;0;Arquipélago;Cristal;250;50;55;19;150;100
306;0;Arquipélago;Cristo Redentor;100;50;0;0;100;0
307;0;Arquipélago;Espírito Santo;200;0;112;33;0;200
308;0;Arquipélago;Extrema;150;0;87;21;0;150
309;0;Arquipélago;Farrapos;100;0;54;14;0;100
310;0;Arquipélago;Farroupilha;350;100;119;39;150;200
311;0;Arquipélago;Floresta;100;0;76;9;50;50
312;0;Arquipélago;Glória;50;50;0;0;50;0
313;0;Arquipélago;Guarujá;100;0;56;15;0;100
314;0;Arquipélago;Higienópolis;0;0;0;0;0;0
315;0;Arquipélago;Humaitá;0;0;0;0;0;0
316;0;Arquipélago;Hípica;0;0;0;0;0;0
317;0;Arquipélago;Independência;200;0;84;19;50;150
318;0;Arquipélago;Ipanema;100;0;57;15;0;100
319;0;Arquipélago;Jardim Botânico;50;0;50;0;50;0
320;0;Arquipélago;Jardim Carvalho;50;0;30;16;0;50
321;0;Arquipélago;Jardim Europa;50;0;24;14;0;50
322;0;Arquipélago;Jardim Floresta;0;0;0;0;0;0
323;0;Arquipélago;Jardim Isabel;0;0;0;0;0;0
324;0;Arquipélago;Jardim Itú;100;0;31;9;50;50
325;0;Arquipélago;Jardim Leopoldina;50;0;0;0;50;0
326;0;Arquipélago;Jardim Lindóia;0;0;0;0;0;0
327;0;Arquipélago;Jardim Sabará;100;0;47;29;0;100
328;0;Arquipélago;Jardim São Pedro;100;0;58;23;0;100
329;0;Arquipélago;Jardim do Salso;0;0;0;0;0;0
330;0;Arquipélago;Lageado;50;0;0;0;50;0
331;0;Arquipélago;Lami;100;0;32;5;50;50
332;0;Arquipélago;Lomba do Pinheiro;450;100;193;39;150;300
333;0;Arquipélago;Medianeira;50;0;26;7;0;50
334;0;Arquipélago;Menino Deus;400;50;211;83;50;350
335;0;Arquipélago;Moinhos de Vento;100;0;50;16;0;100
336;0;Arquipélago;Mont'Serrat;100;50;34;14;50;50
337;0;Arquipélago;Morro Santana;50;0;31;8;0;50
338;0;Arquipélago;Mário Quintana;150;0;96;18;0;150
339;0;Arquipélago;Navegantes;50;0;30;8;0;50
340;0;Arquipélago;Nonoai;250;0;143;44;0;250
341;0;Arquipélago;Parque Santa Fé;100;0;58;13;0;100
342;0;Arquipélago;Partenon;200;50;60;19;100;100
343;0;Arquipélago;Passo D'Areia;250;0;53;53;100;150
344;0;Arquipélago;Passo das Pedras;0;0;0;0;0;0
345;0;Arquipélago;Pedra Redonda;0;0;0;0;0;0
346;0;Arquipélago;Petrópolis;250;50;112;22;150;100
347;0;Arquipélago;Pitinga;50;50;0;0;50;0
348;0;Arquipélago;Ponta Grossa;50;0;24;9;0;50
349;0;Arquipélago;Praia de Belas;1450;250;579;154;450;1000
350;0;Arquipélago;Restinga;300;50;121;32;100;200
351;0;Arquipélago;Rio Branco;50;0;26;9;0;50
352;0;Arquipélago;Rubem Berta;0;0;0;0;0;0
353;0;Arquipélago;Santa Cecília;50;50;0;0;50;0
354;0;Arquipélago;Santa Maria Goretti;50;0;31;1;0;50
355;0;Arquipélago;Santa Rosa de Lima;100;0;37;4;50;50
356;0;Arquipélago;Santa Tereza;550;50;217;84;150;400
357;0;Arquipélago;Santana;0;0;0;0;0;0
358;0;Arquipélago;Santo Antônio;200;50;63;26;100;100
359;0;Arquipélago;Sarandi;200;50;62;20;100;100
360;0;Arquipélago;Serraria;200;50;56;23;100;100
361;0;Arquipélago;São Caetano;0;0;0;0;0;0
362;0;Arquipélago;São Geraldo;100;0;24;8;50;50
363;0;Arquipélago;São José;250;50;119;29;50;200
364;0;Arquipélago;São João;100;50;50;0;100;0
365;0;Arquipélago;São Sebastião;100;50;27;7;50;50
366;0;Arquipélago;Sétimo Céu;0;0;0;0;0;0
367;0;Arquipélago;Teresópolis;50;0;29;5;0;50
368;0;Arquipélago;Tristeza;151;100;30;11;101;50
369;0;Arquipélago;Três Figueiras;100;0;72;16;50;50
370;0;Arquipélago;Vila Assunção;100;0;19;6;50;50
371;0;Arquipélago;Vila Conceição;0;0;0;0;0;0
372;0;Arquipélago;Vila Ipiranga;0;0;0;0;0;0
373;0;Arquipélago;Vila Jardim;50;0;36;6;0;50
374;0;Arquipélago;Vila João Pessoa;200;100;21;14;150;50
375;0;Arquipélago;Vila Nova;150;0;54;21;50;100
376;0;Auxiliadora;Aberta dos Morros;0;0;0;0;0;0
377;0;Auxiliadora;Agronomia;0;0;0;0;0;0
378;0;Auxiliadora;Anchieta;200;100;69;16;100;100
379;0;Auxiliadora;Arquipélago;50;0;33;9;0;50
380;0;Auxiliadora;Auxiliadora;4800;1200;1436;692;2400;2400
381;0;Auxiliadora;Azenha;200;50;85;42;50;150
382;0;Auxiliadora;Bela Vista;900;250;324;93;600;300
383;0;Auxiliadora;Belém Novo;50;0;20;20;0;50
384;0;Auxiliadora;Belém Velho;50;0;35;10;0;50
385;0;Auxiliadora;Boa Vista;950;100;433;180;200;750
386;0;Auxiliadora;Boa Vista do Sul;0;0;0;0;0;0
387;0;Auxiliadora;Bom Fim;250;0;52;36;150;100
388;0;Auxiliadora;Bom Jesus;50;0;22;18;0;50
389;0;Auxiliadora;Camaquã;0;0;0;0;0;0
390;0;Auxiliadora;Campo Novo;100;0;58;16;0;100
391;0;Auxiliadora;Cascata;50;0;31;10;0;50
392;0;Auxiliadora;Cavalhada;200;0;73;40;50;150
393;0;Auxiliadora;Cel. Aparício Borges;150;0;46;34;50;100
394;0;Auxiliadora;Centro Histórico;550;50;88;58;350;200
395;0;Auxiliadora;Chapéu do Sol;50;0;0;0;50;0
396;0;Auxiliadora;Chácara das Pedras;350;50;168;82;50;300
397;0;Auxiliadora;Cidade Baixa;350;100;118;35;150;200
398;0;Auxiliadora;Costa e Silva;100;0;30;10;50;50
399;0;Auxiliadora;Cristal;250;50;116;37;50;200
400;0;Auxiliadora;Cristo Redentor;300;50;135;67;50;250
401;0;Auxiliadora;Espírito Santo;100;0;29;16;50;50
402;0;Auxiliadora;Extrema;50;50;0;0;50;0
403;0;Auxiliadora;Farrapos;500;0;212;83;150;350
404;0;Auxiliadora;Farroupilha;150;50;58;28;50;100
405;0;Auxiliadora;Floresta;500;150;135;71;250;250
406;0;Auxiliadora;Glória;100;100;0;0;100;0
407;0;Auxiliadora;Guarujá;0;0;0;0;0;0
408;0;Auxiliadora;Higienópolis;400;100;88;30;250;150
409;0;Auxiliadora;Humaitá;0;0;0;0;0;0
410;0;Auxiliadora;Hípica;50;0;0;0;50;0
411;0;Auxiliadora;Independência;300;50;88;52;150;150
412;0;Auxiliadora;Ipanema;50;0;21;14;0;50
413;0;Auxiliadora;Jardim Botânico;150;0;75;36;0;150
414;0;Auxiliadora;Jardim Carvalho;100;50;35;11;50;50
415;0;Auxiliadora;Jardim Europa;250;50;76;36;100;150
416;0;Auxiliadora;Jardim Floresta;150;50;57;23;50;100
417;0;Auxiliadora;Jardim Isabel;50;50;0;0;50;0
418;0;Auxiliadora;Jardim Itú;200;0;92;37;50;150
419;0;Auxiliadora;Jardim Leopoldina;50;0;41;5;0;50
420;0;Auxiliadora;Jardim Lindóia;100;0;19;23;50;50
421;0;Auxiliadora;Jardim Sabará;200;50;74;45;50;150
422;0;Auxiliadora;Jardim São Pedro;150;0;47;29;50;100
423;0;Auxiliadora;Jardim do Salso;0;0;0;0;0;0
424;0;Auxiliadora;Lageado;50;0;20;19;0;50
425;0;Auxiliadora;Lami;0;0;0;0;0;0
426;0;Auxiliadora;Lomba do Pinheiro;100;0;30;7;50;50
427;0;Auxiliadora;Medianeira;50;0;0;0;50;0
428;0;Auxiliadora;Menino Deus;400;100;158;58;200;200
429;0;Auxiliadora;Moinhos de Vento;850;150;181;101;600;250
430;0;Auxiliadora;Mont'Serrat;2800;150;1469;665;400;2400
431;0;Auxiliadora;Morro Santana;200;0;109;48;0;200
432;0;Auxiliadora;Mário Quintana;50;50;0;0;50;0
433;0;Auxiliadora;Navegantes;50;0;0;0;50;0
434;0;Auxiliadora;Nonoai;150;0;59;21;50;100
435;0;Auxiliadora;Parque Santa Fé;100;0;23;19;50;50
436;0;Auxiliadora;Partenon;150;50;0;0;150;0
437;0;Auxiliadora;Passo D'Areia;450;50;152;100;150;300
438;0;Auxiliadora;Passo das Pedras;100;50;29;9;50;50
439;0;Auxiliadora;Pedra Redonda;0;0;0;0;0;0
440;0;Auxiliadora;Petrópolis;1000;250;293;121;600;400
441;0;Auxiliadora;Pitinga;0;0;0;0;0;0
442;0;Auxiliadora;Ponta Grossa;0;0;0;0;0;0
443;0;Auxiliadora;Praia de Belas;0;0;0;0;0;0
444;0;Auxiliadora;Restinga;100;0;30;6;50;50
445;0;Auxiliadora;Rio Branco;550;150;53;34;450;100
446;0;Auxiliadora;Rubem Berta;50;50;0;0;50;0
447;0;Auxiliadora;Santa Cecília;50;0;25;12;0;50
448;0;Auxiliadora;Santa Maria Goretti;100;0;65;2;0;100
449;0;Auxiliadora;Santa Rosa de Lima;100;0;59;16;0;100
450;0;Auxiliadora;Santa Tereza;150;50;55;19;50;100
451;0;Auxiliadora;Santana;250;0;84;45;100;150
452;0;Auxiliadora;Santo Antônio;100;50;0;0;100;0
453;0;Auxiliadora;Sarandi;150;50;22;20;100;50
454;0;Auxiliadora;Serraria;50;0;21;17;0;50
455;0;Auxiliadora;São Caetano;50;0;28;21;0;50
456;0;Auxiliadora;São Geraldo;400;50;61;21;300;100
457;0;Auxiliadora;São José;100;0;25;13;50;50
458;0;Auxiliadora;São João;1500;300;427;256;650;850
459;0;Auxiliadora;São Sebastião;100;0;53;19;0;100
460;0;Auxiliadora;Sétimo Céu;0;0;0;0;0;0
461;0;Auxiliadora;Teresópolis;100;0;57;28;0;100
462;0;Auxiliadora;Tristeza;150;50;24;20;100;50
463;0;Auxiliadora;Três Figueiras;800;50;300;180;200;600
464;0;Auxiliadora;Vila Assunção;50;0;33;10;0;50
465;0;Auxiliadora;Vila Conceição;50;0;50;0;50;0
466;0;Auxiliadora;Vila Ipiranga;150;0;88;46;0;150
467;0;Auxiliadora;Vila Jardim;100;0;55;25;0;100
468;0;Auxiliadora;Vila João Pessoa;250;100;92;30;100;150
469;0;Auxiliadora;Vila Nova;100;0;53;30;0;100
470;0;Azenha;Aberta dos Morros;100;0;59;12;0;100
471;0;Azenha;Agronomia;200;0;97;35;50;150
472;0;Azenha;Anchieta;0;0;0;0;0;0
473;0;Azenha;Arquipélago;100;0;21;14;50;50
474;0;Azenha;Auxiliadora;200;50;85;42;50;150
475;0;Azenha;Azenha;1800;200;754;358;500;1300
476;0;Azenha;Bela Vista;600;250;112;52;400;200
477;0;Azenha;Belém Novo;100;0;49;29;0;100
478;0;Azenha;Belém Velho;100;50;31;8;50;50
479;0;Azenha;Boa Vista;150;0;21;17;100;50
480;0;Azenha;Boa Vista do Sul;50;0;25;12;0;50
481;0;Azenha;Bom Fim;550;100;184;103;200;350
482;0;Azenha;Bom Jesus;0;0;0;0;0;0
483;0;Azenha;Camaquã;250;100;73;13;200;50
484;0;Azenha;Campo Novo;50;0;34;10;0;50
485;0;Azenha;Cascata;150;0;94;23;0;150
486;0;Azenha;Cavalhada;150;0;85;24;0;150
487;0;Azenha;Cel. Aparício Borges;450;100;196;69;100;350
488;0;Azenha;Centro Histórico;550;150;157;66;250;300
489;0;Azenha;Chapéu do Sol;100;0;0;0;100;0
490;0;Azenha;Chácara das Pedras;50;0;29;12;0;50
491;0;Azenha;Cidade Baixa;700;100;220;110;250;450
492;0;Azenha;Costa e Silva;150;50;56;16;50;100
493;0;Azenha;Cristal;600;50;200;67;250;350
494;0;Azenha;Cristo Redentor;50;0;33;6;0;50
495;0;Azenha;Espírito Santo;0;0;0;0;0;0
496;0;Azenha;Extrema;50;0;25;10;0;50
497;0;Azenha;Farrapos;100;0;52;19;0;100
498;0;Azenha;Farroupilha;550;0;157;75;250;300
499;0;Azenha;Floresta;350;0;160;83;50;300
500;0;Azenha;Glória;200;50;81;34;50;150
501;0;Azenha;Guarujá;50;50;0;0;50;0
502;0;Azenha;Higienópolis;100;50;0;0;100;0
503;0;Azenha;Humaitá;50;0;33;4;0;50
504;0;Azenha;Hípica;150;50;32;8;100;50
505;0;Azenha;Independência;450;100;134;72;200;250
506;0;Azenha;Ipanema;50;0;32;14;0;50
507;0;Azenha;Jardim Botânico;300;0;82;35;150;150
508;0;Azenha;Jardim Carvalho;150;100;30;12;100;50
509;0;Azenha;Jardim Europa;50;50;0;0;50;0
510;0;Azenha;Jardim Floresta;50;0;30;12;0;50
511;0;Azenha;Jardim Isabel;0;0;0;0;0;0
512;0;Azenha;Jardim Itú;50;0;27;11;0;50
513;0;Azenha;Jardim Leopoldina;50;0;27;13;0;50
514;0;Azenha;Jardim Lindóia;0;0;0;0;0;0
515;0;Azenha;Jardim Sabará;200;0;87;33;50;150
516;0;Azenha;Jardim São Pedro;50;0;0;0;50;0
517;0;Azenha;Jardim do Salso;50;0;23;12;0;50
518;0;Azenha;Lageado;250;50;71;36;100;150
519;0;Azenha;Lami;100;50;32;5;50;50
520;0;Azenha;Lomba do Pinheiro;50;50;0;0;50;0
521;0;Azenha;Medianeira;3150;550;1151;527;1100;2050
522;0;Azenha;Menino Deus;1850;300;706;348;650;1200
523;0;Azenha;Moinhos de Vento;500;0;167;98;150;350
524;0;Azenha;Mont'Serrat;250;0;133;62;0;250
525;0;Azenha;Morro Santana;150;50;57;19;50;100
526;0;Azenha;Mário Quintana;100;0;60;10;0;100
527;0;Azenha;Navegantes;100;0;46;29;0;100
528;0;Azenha;Nonoai;350;50;144;44;100;250
529;0;Azenha;Parque Santa Fé;0;0;0;0;0;0
530;0;Azenha;Partenon;2450;500;822;308;1150;1300
531;0;Azenha;Passo D'Areia;150;50;26;17;100;50
532;0;Azenha;Passo das Pedras;250;0;98;54;50;200
533;0;Azenha;Pedra Redonda;50;0;26;10;0;50
534;0;Azenha;Petrópolis;400;0;188;75;100;300
535;0;Azenha;Pitinga;50;0;31;11;0;50
536;0;Azenha;Ponta Grossa;100;50;25;14;50;50
537;0;Azenha;Praia de Belas;500;0;244;106;50;450
538;0;Azenha;Restinga;50;0;26;12;0;50
539;0;Azenha;Rio Branco;550;50;214;69;250;300
540;0;Azenha;Rubem Berta;400;100;149;66;200;200
541;0;Azenha;Santa Cecília;400;50;118;52;200;200
542;0;Azenha;Santa Maria Goretti;200;50;60;15;100;100
543;0;Azenha;Santa Rosa de Lima;150;0;90;40;0;150
544;0;Azenha;Santa Tereza;1350;100;461;153;550;800
545;0;Azenha;Santana;1000;200;373;180;300;700
546;0;Azenha;Santo Antônio;1300;250;404;108;750;550
547;0;Azenha;Sarandi;200;0;109;56;0;200
548;0;Azenha;Serraria;50;0;0;0;50;0
549;0;Azenha;São Caetano;200;50;47;30;100;100
550;0;Azenha;São Geraldo;200;100;22;11;150;50
551;0;Azenha;São José;200;0;109;20;100;100
552;0;Azenha;São João;150;50;23;17;100;50
553;0;Azenha;São Sebastião;0;0;0;0;0;0
554;0;Azenha;Sétimo Céu;0;0;0;0;0;0
555;0;Azenha;Teresópolis;500;100;207;90;150;350
556;0;Azenha;Tristeza;150;0;86;41;0;150
557;0;Azenha;Três Figueiras;0;0;0;0;0;0
558;0;Azenha;Vila Assunção;50;0;27;10;0;50
559;0;Azenha;Vila Conceição;50;0;28;15;0;50
560;0;Azenha;Vila Ipiranga;50;0;36;12;0;50
561;0;Azenha;Vila Jardim;100;50;20;20;50;50
562;0;Azenha;Vila João Pessoa;100;50;32;15;50;50
563;0;Azenha;Vila Nova;250;0;150;55;0;250
564;0;Bela Vista;Aberta dos Morros;50;0;25;11;0;50
565;0;Bela Vista;Agronomia;50;0;0;0;50;0
566;0;Bela Vista;Anchieta;150;0;87;33;0;150
567;0;Bela Vista;Arquipélago;50;0;31;3;0;50
568;0;Bela Vista;Auxiliadora;900;250;324;93;600;300
569;0;Bela Vista;Azenha;600;250;112;52;400;200
570;0;Bela Vista;Bela Vista;6600;1700;2094;782;3500;3100
571;0;Bela Vista;Belém Novo;250;100;64;23;150;100
572;0;Bela Vista;Belém Velho;100;0;66;28;0;100
573;0;Bela Vista;Boa Vista;350;50;138;75;100;250
574;0;Bela Vista;Boa Vista do Sul;50;0;26;12;0;50
575;0;Bela Vista;Bom Fim;250;0;108;31;150;100
576;0;Bela Vista;Bom Jesus;150;0;24;8;100;50
577;0;Bela Vista;Camaquã;100;50;30;14;50;50
578;0;Bela Vista;Campo Novo;0;0;0;0;0;0
579;0;Bela Vista;Cascata;50;0;31;4;0;50
580;0;Bela Vista;Cavalhada;100;0;32;10;50;50
581;0;Bela Vista;Cel. Aparício Borges;150;0;57;18;50;100
582;0;Bela Vista;Centro Histórico;500;150;89;36;350;150
583;0;Bela Vista;Chapéu do Sol;150;50;53;24;50;100
584;0;Bela Vista;Chácara das Pedras;100;0;23;12;50;50
585;0;Bela Vista;Cidade Baixa;350;50;75;33;200;150
586;0;Bela Vista;Costa e Silva;50;0;36;12;0;50
587;0;Bela Vista;Cristal;150;0;56;23;50;100
588;0;Bela Vista;Cristo Redentor;350;100;132;17;300;50
589;0;Bela Vista;Espírito Santo;100;0;60;21;0;100
590;0;Bela Vista;Extrema;0;0;0;0;0;0
591;0;Bela Vista;Farrapos;0;0;0;0;0;0
592;0;Bela Vista;Farroupilha;150;50;58;27;50;100
593;0;Bela Vista;Floresta;550;150;161;57;300;250
594;0;Bela Vista;Glória;250;100;118;26;150;100
595;0;Bela Vista;Guarujá;100;0;64;28;0;100
596;0;Bela Vista;Higienópolis;50;0;31;15;0;50
597;0;Bela Vista;Humaitá;50;0;33;3;0;50
598;0;Bela Vista;Hípica;200;0;105;28;50;150
599;0;Bela Vista;Independência;250;100;75;51;100;150
600;0;Bela Vista;Ipanema;150;0;88;32;0;150
601;0;Bela Vista;Jardim Botânico;350;200;33;9;300;50
602;0;Bela Vista;Jardim Carvalho;200;0;128;38;0;200
603;0;Bela Vista;Jardim Europa;50;0;31;12;0;50
604;0;Bela Vista;Jardim Floresta;50;0;32;14;0;50
605;0;Bela Vista;Jardim Isabel;0;0;0;0;0;0
606;0;Bela Vista;Jardim Itú;0;0;0;0;0;0
607;0;Bela Vista;Jardim Leopoldina;0;0;0;0;0;0
608;0;Bela Vista;Jardim Lindóia;150;0;110;22;50;100
609;0;Bela Vista;Jardim Sabará;0;0;0;0;0;0
610;0;Bela Vista;Jardim São Pedro;50;0;0;0;50;0
611;0;Bela Vista;Jardim do Salso;100;0;60;21;0;100
612;0;Bela Vista;Lageado;100;0;61;21;0;100
613;0;Bela Vista;Lami;100;0;58;29;0;100
614;0;Bela Vista;Lomba do Pinheiro;150;0;105;30;0;150
615;0;Bela Vista;Medianeira;200;100;56;26;100;100
616;0;Bela Vista;Menino Deus;650;150;199;112;300;350
617;0;Bela Vista;Moinhos de Vento;500;200;134;106;200;300
618;0;Bela Vista;Mont'Serrat;1800;300;770;337;500;1300
619;0;Bela Vista;Morro Santana;50;0;33;8;0;50
620;0;Bela Vista;Mário Quintana;50;0;34;5;0;50
621;0;Bela Vista;Navegantes;100;50;21;11;50;50
622;0;Bela Vista;Nonoai;100;0;30;14;50;50
623;0;Bela Vista;Parque Santa Fé;100;50;29;15;50;50
624;0;Bela Vista;Partenon;650;50;293;105;150;500
625;0;Bela Vista;Passo D'Areia;500;200;70;75;300;200
626;0;Bela Vista;Passo das Pedras;50;50;0;0;50;0
627;0;Bela Vista;Pedra Redonda;0;0;0;0;0;0
628;0;Bela Vista;Petrópolis;1850;100;830;302;550;1300
629;0;Bela Vista;Pitinga;0;0;0;0;0;0
630;0;Bela Vista;Ponta Grossa;0;0;0;0;0;0
631;0;Bela Vista;Praia de Belas;50;0;0;0;50;0
632;0;Bela Vista;Restinga;50;0;0;0;50;0
633;0;Bela Vista;Rio Branco;4350;900;944;415;2850;1500
634;0;Bela Vista;Rubem Berta;50;0;0;0;50;0
635;0;Bela Vista;Santa Cecília;1600;50;893;365;100;1500
636;0;Bela Vista;Santa Maria Goretti;150;0;67;3;50;100
637;0;Bela Vista;Santa Rosa de Lima;100;0;0;0;100;0
638;0;Bela Vista;Santa Tereza;300;50;132;53;50;250
639;0;Bela Vista;Santana;600;100;196;80;250;350
640;0;Bela Vista;Santo Antônio;400;0;141;65;150;250
641;0;Bela Vista;Sarandi;250;50;72;37;100;150
642;0;Bela Vista;Serraria;50;50;0;0;50;0
643;0;Bela Vista;São Caetano;0;0;0;0;0;0
644;0;Bela Vista;São Geraldo;200;0;143;42;0;200
645;0;Bela Vista;São José;200;50;79;33;50;150
646;0;Bela Vista;São João;350;50;136;78;100;250
647;0;Bela Vista;São Sebastião;0;0;0;0;0;0
648;0;Bela Vista;Sétimo Céu;150;0;98;34;0;150
649;0;Bela Vista;Teresópolis;0;0;0;0;0;0
650;0;Bela Vista;Tristeza;0;0;0;0;0;0
651;0;Bela Vista;Três Figueiras;400;150;114;50;200;200
652;0;Bela Vista;Vila Assunção;50;0;28;17;0;50
653;0;Bela Vista;Vila Conceição;100;0;57;31;0;100
654;0;Bela Vista;Vila Ipiranga;100;0;30;13;50;50
655;0;Bela Vista;Vila Jardim;100;0;63;27;0;100
656;0;Bela Vista;Vila João Pessoa;50;0;25;11;0;50
657;0;Bela Vista;Vila Nova;100;50;29;13;50;50
658;0;Belém Novo;Aberta dos Morros;150;100;29;10;100;50
659;0;Belém Novo;Agronomia;50;0;35;9;0;50
660;0;Belém Novo;Anchieta;0;0;0;0;0;0
661;0;Belém Novo;Arquipélago;150;0;84;25;0;150
662;0;Belém Novo;Auxiliadora;50;0;20;20;0;50
663;0;Belém Novo;Azenha;100;0;49;29;0;100
664;0;Belém Novo;Bela Vista;250;100;64;23;150;100
665;0;Belém Novo;Belém Novo;5700;700;2284;800;1800;3900
666;0;Belém Novo;Belém Velho;100;50;23;11;50;50
667;0;Belém Novo;Boa Vista;100;100;0;0;100;0
668;0;Belém Novo;Boa Vista do Sul;250;50;87;29;100;150
669;0;Belém Novo;Bom Fim;50;0;26;19;0;50
670;0;Belém Novo;Bom Jesus;50;0;25;11;0;50
671;0;Belém Novo;Camaquã;50;0;28;8;0;50
672;0;Belém Novo;Campo Novo;300;50;105;54;100;200
673;0;Belém Novo;Cascata;50;0;33;14;0;50
674;0;Belém Novo;Cavalhada;0;0;0;0;0;0
675;0;Belém Novo;Cel. Aparício Borges;50;0;0;0;50;0
676;0;Belém Novo;Centro Histórico;150;50;59;31;50;100
677;0;Belém Novo;Chapéu do Sol;350;0;194;78;0;350
678;0;Belém Novo;Chácara das Pedras;50;0;21;17;0;50
679;0;Belém Novo;Cidade Baixa;150;0;74;35;0;150
680;0;Belém Novo;Costa e Silva;0;0;0;0;0;0
681;0;Belém Novo;Cristal;50;0;25;15;0;50
682;0;Belém Novo;Cristo Redentor;0;0;0;0;0;0
683;0;Belém Novo;Espírito Santo;200;0;115;47;0;200
684;0;Belém Novo;Extrema;100;0;54;9;0;100
685;0;Belém Novo;Farrapos;150;50;47;14;50;100
686;0;Belém Novo;Farroupilha;0;0;0;0;0;0
687;0;Belém Novo;Floresta;50;50;0;0;50;0
688;0;Belém Novo;Glória;100;50;23;15;50;50
689;0;Belém Novo;Guarujá;300;50;152;40;50;250
690;0;Belém Novo;Higienópolis;150;100;29;5;100;50
691;0;Belém Novo;Humaitá;50;0;0;0;50;0
692;0;Belém Novo;Hípica;2250;300;1108;312;450;1800
693;0;Belém Novo;Independência;0;0;0;0;0;0
694;0;Belém Novo;Ipanema;50;50;0;0;50;0
695;0;Belém Novo;Jardim Botânico;50;0;0;0;50;0
696;0;Belém Novo;Jardim Carvalho;200;0;75;38;50;150
697;0;Belém Novo;Jardim Europa;0;0;0;0;0;0
698;0;Belém Novo;Jardim Floresta;0;0;0;0;0;0
699;0;Belém Novo;Jardim Isabel;0;0;0;0;0;0
700;0;Belém Novo;Jardim Itú;0;0;0;0;0;0
701;0;Belém Novo;Jardim Leopoldina;100;0;59;14;0;100
702;0;Belém Novo;Jardim Lindóia;100;0;51;31;0;100
703;0;Belém Novo;Jardim Sabará;0;0;0;0;0;0
704;0;Belém Novo;Jardim São Pedro;50;0;29;12;0;50
705;0;Belém Novo;Jardim do Salso;0;0;0;0;0;0
706;0;Belém Novo;Lageado;150;100;35;8;100;50
707;0;Belém Novo;Lami;100;50;29;11;50;50
708;0;Belém Novo;Lomba do Pinheiro;50;0;32;8;0;50
709;0;Belém Novo;Medianeira;0;0;0;0;0;0
710;0;Belém Novo;Menino Deus;200;0;82;39;50;150
711;0;Belém Novo;Moinhos de Vento;200;50;76;41;50;150
712;0;Belém Novo;Mont'Serrat;0;0;0;0;0;0
713;0;Belém Novo;Morro Santana;150;0;30;10;100;50
714;0;Belém Novo;Mário Quintana;0;0;0;0;0;0
715;0;Belém Novo;Navegantes;0;0;0;0;0;0
716;0;Belém Novo;Nonoai;0;0;0;0;0;0
717;0;Belém Novo;Parque Santa Fé;50;0;33;11;0;50
718;0;Belém Novo;Partenon;500;100;223;70;150;350
719;0;Belém Novo;Passo D'Areia;250;50;99;32;150;100
720;0;Belém Novo;Passo das Pedras;0;0;0;0;0;0
721;0;Belém Novo;Pedra Redonda;0;0;0;0;0;0
722;0;Belém Novo;Petrópolis;200;0;91;43;50;150
723;0;Belém Novo;Pitinga;50;0;0;0;50;0
724;0;Belém Novo;Ponta Grossa;500;150;176;53;200;300
725;0;Belém Novo;Praia de Belas;0;0;0;0;0;0
726;0;Belém Novo;Restinga;550;200;147;39;300;250
727;0;Belém Novo;Rio Branco;50;0;24;23;0;50
728;0;Belém Novo;Rubem Berta;50;0;22;25;0;50
729;0;Belém Novo;Santa Cecília;50;0;23;16;0;50
730;0;Belém Novo;Santa Maria Goretti;0;0;0;0;0;0
731;0;Belém Novo;Santa Rosa de Lima;250;100;28;10;200;50
732;0;Belém Novo;Santa Tereza;50;0;0;0;50;0
733;0;Belém Novo;Santana;150;0;89;26;0;150
734;0;Belém Novo;Santo Antônio;50;0;29;11;0;50
735;0;Belém Novo;Sarandi;100;50;25;19;50;50
736;0;Belém Novo;Serraria;200;0;110;51;0;200
737;0;Belém Novo;São Caetano;100;50;0;0;100;0
738;0;Belém Novo;São Geraldo;0;0;0;0;0;0
739;0;Belém Novo;São José;100;50;31;8;50;50
740;0;Belém Novo;São João;0;0;0;0;0;0
741;0;Belém Novo;São Sebastião;0;0;0;0;0;0
742;0;Belém Novo;Sétimo Céu;50;0;31;7;0;50
743;0;Belém Novo;Teresópolis;100;0;28;16;50;50
744;0;Belém Novo;Tristeza;50;50;0;0;50;0
745;0;Belém Novo;Três Figueiras;100;0;49;25;0;100
746;0;Belém Novo;Vila Assunção;100;0;62;24;0;100
747;0;Belém Novo;Vila Conceição;50;50;0;0;50;0
748;0;Belém Novo;Vila Ipiranga;150;0;82;43;0;150
749;0;Belém Novo;Vila Jardim;50;0;28;8;0;50
750;0;Belém Novo;Vila João Pessoa;200;0;131;42;0;200
751;0;Belém Novo;Vila Nova;300;0;130;54;50;250
752;0;Belém Velho;Aberta dos Morros;750;100;389;105;100;650
753;0;Belém Velho;Agronomia;50;0;24;5;0;50
754;0;Belém Velho;Anchieta;200;50;69;14;100;100
755;0;Belém Velho;Arquipélago;100;0;26;11;50;50
756;0;Belém Velho;Auxiliadora;50;0;35;10;0;50
757;0;Belém Velho;Azenha;100;50;31;8;50;50
758;0;Belém Velho;Bela Vista;100;0;66;28;0;100
759;0;Belém Velho;Belém Novo;100;50;23;11;50;50
760;0;Belém Velho;Belém Velho;6500;1800;1382;424;4200;2300
761;0;Belém Velho;Boa Vista;50;0;28;8;0;50
762;0;Belém Velho;Boa Vista do Sul;0;0;0;0;0;0
763;0;Belém Velho;Bom Fim;0;0;0;0;0;0
764;0;Belém Velho;Bom Jesus;250;0;118;40;50;200
765;0;Belém Velho;Camaquã;50;0;0;0;50;0
766;0;Belém Velho;Campo Novo;1568;600;293;43;1268;300
767;0;Belém Velho;Cascata;650;50;293;81;150;500
768;0;Belém Velho;Cavalhada;150;50;29;11;100;50
769;0;Belém Velho;Cel. Aparício Borges;200;50;75;24;50;150
770;0;Belém Velho;Centro Histórico;50;0;31;6;0;50
771;0;Belém Velho;Chapéu do Sol;100;50;0;0;100;0
772;0;Belém Velho;Chácara das Pedras;0;0;0;0;0;0
773;0;Belém Velho;Cidade Baixa;100;0;68;22;0;100
774;0;Belém Velho;Costa e Silva;0;0;0;0;0;0
775;0;Belém Velho;Cristal;150;0;35;10;100;50
776;0;Belém Velho;Cristo Redentor;100;0;65;22;0;100
777;0;Belém Velho;Espírito Santo;200;100;39;8;150;50
778;0;Belém Velho;Extrema;0;0;0;0;0;0
779;0;Belém Velho;Farrapos;150;0;68;17;50;100
780;0;Belém Velho;Farroupilha;50;0;26;16;0;50
781;0;Belém Velho;Floresta;100;50;31;5;50;50
782;0;Belém Velho;Glória;250;0;150;46;0;250
783;0;Belém Velho;Guarujá;100;50;21;8;50;50
784;0;Belém Velho;Higienópolis;150;0;86;32;0;150
785;0;Belém Velho;Humaitá;50;0;31;6;0;50
786;0;Belém Velho;Hípica;450;150;174;42;150;300
787;0;Belém Velho;Independência;50;0;31;15;0;50
788;0;Belém Velho;Ipanema;400;50;211;67;50;350
789;0;Belém Velho;Jardim Botânico;50;0;34;11;0;50
790;0;Belém Velho;Jardim Carvalho;150;50;38;6;100;50
791;0;Belém Velho;Jardim Europa;0;0;0;0;0;0
792;0;Belém Velho;Jardim Floresta;0;0;0;0;0;0
793;0;Belém Velho;Jardim Isabel;50;50;0;0;50;0
794;0;Belém Velho;Jardim Itú;0;0;0;0;0;0
795;0;Belém Velho;Jardim Leopoldina;200;0;121;30;0;200
796;0;Belém Velho;Jardim Lindóia;150;0;98;35;50;100
797;0;Belém Velho;Jardim Sabará;50;50;0;0;50;0
798;0;Belém Velho;Jardim São Pedro;0;0;0;0;0;0
799;0;Belém Velho;Jardim do Salso;50;0;0;0;50;0
800;0;Belém Velho;Lageado;50;50;0;0;50;0
801;0;Belém Velho;Lami;0;0;0;0;0;0
802;0;Belém Velho;Lomba do Pinheiro;1500;100;802;172;250;1250
803;0;Belém Velho;Medianeira;0;0;0;0;0;0
804;0;Belém Velho;Menino Deus;200;100;56;24;100;100
805;0;Belém Velho;Moinhos de Vento;50;0;0;0;50;0
806;0;Belém Velho;Mont'Serrat;100;50;0;0;100;0
807;0;Belém Velho;Morro Santana;100;50;0;0;100;0
808;0;Belém Velho;Mário Quintana;350;50;171;31;50;300
809;0;Belém Velho;Navegantes;0;0;0;0;0;0
810;0;Belém Velho;Nonoai;400;50;192;58;100;300
811;0;Belém Velho;Parque Santa Fé;50;0;33;13;0;50
812;0;Belém Velho;Partenon;200;100;51;28;100;100
813;0;Belém Velho;Passo D'Areia;0;0;0;0;0;0
814;0;Belém Velho;Passo das Pedras;150;50;63;11;50;100
815;0;Belém Velho;Pedra Redonda;0;0;0;0;0;0
816;0;Belém Velho;Petrópolis;450;200;136;44;300;150
817;0;Belém Velho;Pitinga;50;0;33;6;0;50
818;0;Belém Velho;Ponta Grossa;100;50;26;11;50;50
819;0;Belém Velho;Praia de Belas;50;0;29;11;0;50
820;0;Belém Velho;Restinga;1550;200;679;144;450;1100
821;0;Belém Velho;Rio Branco;50;0;25;9;0;50
822;0;Belém Velho;Rubem Berta;150;0;74;32;0;150
823;0;Belém Velho;Santa Cecília;250;50;111;51;50;200
824;0;Belém Velho;Santa Maria Goretti;0;0;0;0;0;0
825;0;Belém Velho;Santa Rosa de Lima;350;50;144;50;100;250
826;0;Belém Velho;Santa Tereza;200;0;86;32;50;150
827;0;Belém Velho;Santana;50;0;29;9;0;50
828;0;Belém Velho;Santo Antônio;50;0;30;13;0;50
829;0;Belém Velho;Sarandi;600;50;267;126;100;500
830;0;Belém Velho;Serraria;200;0;142;38;0;200
831;0;Belém Velho;São Caetano;150;0;103;29;0;150
832;0;Belém Velho;São Geraldo;0;0;0;0;0;0
833;0;Belém Velho;São José;850;100;452;90;200;650
834;0;Belém Velho;São João;0;0;0;0;0;0
835;0;Belém Velho;São Sebastião;50;0;0;0;50;0
836;0;Belém Velho;Sétimo Céu;50;0;32;9;0;50
837;0;Belém Velho;Teresópolis;850;100;307;95;350;500
838;0;Belém Velho;Tristeza;100;0;60;23;0;100
839;0;Belém Velho;Três Figueiras;50;0;35;8;0;50
840;0;Belém Velho;Vila Assunção;0;0;0;0;0;0
841;0;Belém Velho;Vila Conceição;50;0;29;17;0;50
842;0;Belém Velho;Vila Ipiranga;150;100;26;15;100;50
843;0;Belém Velho;Vila Jardim;100;50;36;9;50;50
844;0;Belém Velho;Vila João Pessoa;250;0;161;38;0;250
845;0;Belém Velho;Vila Nova;4450;550;1928;670;1100;3350
846;0;Boa Vista;Aberta dos Morros;50;0;28;13;0;50
847;0;Boa Vista;Agronomia;0;0;0;0;0;0
848;0;Boa Vista;Anchieta;0;0;0;0;0;0
849;0;Boa Vista;Arquipélago;0;0;0;0;0;0
850;0;Boa Vista;Auxiliadora;950;100;433;180;200;750
851;0;Boa Vista;Azenha;150;0;21;17;100;50
852;0;Boa Vista;Bela Vista;350;50;138;75;100;250
853;0;Boa Vista;Belém Novo;100;100;0;0;100;0
854;0;Boa Vista;Belém Velho;50;0;28;8;0;50
855;0;Boa Vista;Boa Vista;2700;200;1470;548;200;2500
856;0;Boa Vista;Boa Vista do Sul;0;0;0;0;0;0
857;0;Boa Vista;Bom Fim;50;0;15;17;0;50
858;0;Boa Vista;Bom Jesus;300;100;28;10;250;50
859;0;Boa Vista;Camaquã;50;0;28;9;0;50
860;0;Boa Vista;Campo Novo;100;0;29;6;50;50
861;0;Boa Vista;Cascata;50;0;38;7;0;50
862;0;Boa Vista;Cavalhada;300;150;81;37;150;150
863;0;Boa Vista;Cel. Aparício Borges;50;0;30;4;0;50
864;0;Boa Vista;Centro Histórico;400;0;168;83;100;300
865;0;Boa Vista;Chapéu do Sol;0;0;0;0;0;0
866;0;Boa Vista;Chácara das Pedras;350;100;87;35;200;150
867;0;Boa Vista;Cidade Baixa;100;0;34;24;0;100
868;0;Boa Vista;Costa e Silva;100;0;54;19;0;100
869;0;Boa Vista;Cristal;150;0;92;23;0;150
870;0;Boa Vista;Cristo Redentor;700;100;343;93;300;400
871;0;Boa Vista;Espírito Santo;0;0;0;0;0;0
872;0;Boa Vista;Extrema;50;0;28;13;0;50
873;0;Boa Vista;Farrapos;100;0;58;22;0;100
874;0;Boa Vista;Farroupilha;100;0;54;32;0;100
875;0;Boa Vista;Floresta;100;0;29;18;50;50
876;0;Boa Vista;Glória;200;0;103;50;0;200
877;0;Boa Vista;Guarujá;0;0;0;0;0;0
878;0;Boa Vista;Higienópolis;1400;150;669;275;250;1150
879;0;Boa Vista;Humaitá;100;50;39;5;50;50
880;0;Boa Vista;Hípica;0;0;0;0;0;0
881;0;Boa Vista;Independência;100;0;26;18;50;50
882;0;Boa Vista;Ipanema;50;50;0;0;50;0
883;0;Boa Vista;Jardim Botânico;0;0;0;0;0;0
884;0;Boa Vista;Jardim Carvalho;50;0;23;14;0;50
885;0;Boa Vista;Jardim Europa;250;50;85;26;100;150
886;0;Boa Vista;Jardim Floresta;200;0;139;38;50;150
887;0;Boa Vista;Jardim Isabel;0;0;0;0;0;0
888;0;Boa Vista;Jardim Itú;201;50;68;20;101;100
889;0;Boa Vista;Jardim Leopoldina;250;50;84;10;200;50
890;0;Boa Vista;Jardim Lindóia;200;50;31;11;150;50
891;0;Boa Vista;Jardim Sabará;150;0;86;38;0;150
892;0;Boa Vista;Jardim São Pedro;400;50;179;62;100;300
893;0;Boa Vista;Jardim do Salso;50;50;0;0;50;0
894;0;Boa Vista;Lageado;0;0;0;0;0;0
895;0;Boa Vista;Lami;0;0;0;0;0;0
896;0;Boa Vista;Lomba do Pinheiro;150;0;95;22;0;150
897;0;Boa Vista;Medianeira;100;0;57;20;0;100
898;0;Boa Vista;Menino Deus;150;0;81;35;0;150
899;0;Boa Vista;Moinhos de Vento;300;0;143;66;50;250
900;0;Boa Vista;Mont'Serrat;850;150;392;164;150;700
901;0;Boa Vista;Morro Santana;150;0;96;29;0;150
902;0;Boa Vista;Mário Quintana;150;100;34;3;100;50
903;0;Boa Vista;Navegantes;100;0;67;18;0;100
904;0;Boa Vista;Nonoai;50;0;25;10;0;50
905;0;Boa Vista;Parque Santa Fé;0;0;0;0;0;0
906;0;Boa Vista;Partenon;150;0;93;22;50;100
907;0;Boa Vista;Passo D'Areia;1950;100;773;544;200;1750
908;0;Boa Vista;Passo das Pedras;200;100;38;6;150;50
909;0;Boa Vista;Pedra Redonda;0;0;0;0;0;0
910;0;Boa Vista;Petrópolis;650;50;254;125;200;450
911;0;Boa Vista;Pitinga;50;0;25;15;0;50
912;0;Boa Vista;Ponta Grossa;50;0;26;8;0;50
913;0;Boa Vista;Praia de Belas;0;0;0;0;0;0
914;0;Boa Vista;Restinga;100;50;29;13;50;50
915;0;Boa Vista;Rio Branco;400;0;179;108;50;350
916;0;Boa Vista;Rubem Berta;100;0;23;18;50;50
917;0;Boa Vista;Santa Cecília;300;0;137;71;50;250
918;0;Boa Vista;Santa Maria Goretti;750;0;395;92;200;550
919;0;Boa Vista;Santa Rosa de Lima;200;50;77;37;50;150
920;0;Boa Vista;Santa Tereza;300;50;161;44;50;250
921;0;Boa Vista;Santana;150;50;49;24;50;100
922;0;Boa Vista;Santo Antônio;0;0;0;0;0;0
923;0;Boa Vista;Sarandi;150;50;60;25;50;100
924;0;Boa Vista;Serraria;0;0;0;0;0;0
925;0;Boa Vista;São Caetano;50;0;50;0;50;0
926;0;Boa Vista;São Geraldo;50;0;0;0;50;0
927;0;Boa Vista;São José;100;0;68;17;0;100
928;0;Boa Vista;São João;350;0;190;75;0;350
929;0;Boa Vista;São Sebastião;200;50;85;32;50;150
930;0;Boa Vista;Sétimo Céu;0;0;0;0;0;0
931;0;Boa Vista;Teresópolis;200;50;59;31;100;100
932;0;Boa Vista;Tristeza;0;0;0;0;0;0
933;0;Boa Vista;Três Figueiras;800;150;393;138;250;550
934;0;Boa Vista;Vila Assunção;100;50;24;16;50;50
935;0;Boa Vista;Vila Conceição;0;0;0;0;0;0
936;0;Boa Vista;Vila Ipiranga;600;150;249;97;150;450
937;0;Boa Vista;Vila Jardim;300;100;90;41;150;150
938;0;Boa Vista;Vila João Pessoa;50;0;25;9;0;50
939;0;Boa Vista;Vila Nova;50;0;32;8;0;50
940;0;Boa Vista do Sul;Aberta dos Morros;100;0;32;8;50;50
941;0;Boa Vista do Sul;Agronomia;100;0;25;10;50;50
942;0;Boa Vista do Sul;Anchieta;0;0;0;0;0;0
943;0;Boa Vista do Sul;Arquipélago;50;0;50;0;50;0
944;0;Boa Vista do Sul;Auxiliadora;0;0;0;0;0;0
945;0;Boa Vista do Sul;Azenha;50;0;25;12;0;50
946;0;Boa Vista do Sul;Bela Vista;50;0;26;12;0;50
947;0;Boa Vista do Sul;Belém Novo;250;50;87;29;100;150
948;0;Boa Vista do Sul;Belém Velho;0;0;0;0;0;0
949;0;Boa Vista do Sul;Boa Vista;0;0;0;0;0;0
950;0;Boa Vista do Sul;Boa Vista do Sul;600;300;188;50;300;300
951;0;Boa Vista do Sul;Bom Fim;50;0;23;23;0;50
952;0;Boa Vista do Sul;Bom Jesus;50;0;27;10;0;50
953;0;Boa Vista do Sul;Camaquã;0;0;0;0;0;0
954;0;Boa Vista do Sul;Campo Novo;0;0;0;0;0;0
955;0;Boa Vista do Sul;Cascata;0;0;0;0;0;0
956;0;Boa Vista do Sul;Cavalhada;0;0;0;0;0;0
957;0;Boa Vista do Sul;Cel. Aparício Borges;50;50;0;0;50;0
958;0;Boa Vista do Sul;Centro Histórico;100;0;35;31;0;100
959;0;Boa Vista do Sul;Chapéu do Sol;0;0;0;0;0;0
960;0;Boa Vista do Sul;Chácara das Pedras;50;0;23;19;0;50
961;0;Boa Vista do Sul;Cidade Baixa;50;0;0;0;50;0
962;0;Boa Vista do Sul;Costa e Silva;50;50;0;0;50;0
963;0;Boa Vista do Sul;Cristal;150;50;0;0;150;0
964;0;Boa Vista do Sul;Cristo Redentor;50;0;27;9;0;50
965;0;Boa Vista do Sul;Espírito Santo;0;0;0;0;0;0
966;0;Boa Vista do Sul;Extrema;0;0;0;0;0;0
967;0;Boa Vista do Sul;Farrapos;100;0;67;15;0;100
968;0;Boa Vista do Sul;Farroupilha;0;0;0;0;0;0
969;0;Boa Vista do Sul;Floresta;100;0;54;31;0;100
970;0;Boa Vista do Sul;Glória;50;50;0;0;50;0
971;0;Boa Vista do Sul;Guarujá;0;0;0;0;0;0
972;0;Boa Vista do Sul;Higienópolis;0;0;0;0;0;0
973;0;Boa Vista do Sul;Humaitá;150;50;35;7;100;50
974;0;Boa Vista do Sul;Hípica;150;0;87;25;0;150
975;0;Boa Vista do Sul;Independência;50;0;26;14;0;50
976;0;Boa Vista do Sul;Ipanema;50;0;27;15;0;50
977;0;Boa Vista do Sul;Jardim Botânico;0;0;0;0;0;0
978;0;Boa Vista do Sul;Jardim Carvalho;50;0;28;6;0;50
979;0;Boa Vista do Sul;Jardim Europa;0;0;0;0;0;0
980;0;Boa Vista do Sul;Jardim Floresta;0;0;0;0;0;0
981;0;Boa Vista do Sul;Jardim Isabel;0;0;0;0;0;0
982;0;Boa Vista do Sul;Jardim Itú;50;0;23;10;0;50
983;0;Boa Vista do Sul;Jardim Leopoldina;150;100;0;0;150;0
984;0;Boa Vista do Sul;Jardim Lindóia;50;0;23;10;0;50
985;0;Boa Vista do Sul;Jardim Sabará;100;0;24;12;50;50
986;0;Boa Vista do Sul;Jardim São Pedro;0;0;0;0;0;0
987;0;Boa Vista do Sul;Jardim do Salso;150;50;27;12;100;50
988;0;Boa Vista do Sul;Lageado;50;0;0;0;50;0
989;0;Boa Vista do Sul;Lami;100;0;31;4;50;50
990;0;Boa Vista do Sul;Lomba do Pinheiro;350;100;119;34;150;200
991;0;Boa Vista do Sul;Medianeira;50;0;26;13;0;50
992;0;Boa Vista do Sul;Menino Deus;200;0;53;23;100;100
993;0;Boa Vista do Sul;Moinhos de Vento;100;50;0;0;100;0
994;0;Boa Vista do Sul;Mont'Serrat;0;0;0;0;0;0
995;0;Boa Vista do Sul;Morro Santana;150;50;31;12;100;50
996;0;Boa Vista do Sul;Mário Quintana;150;0;93;15;0;150
997;0;Boa Vista do Sul;Navegantes;0;0;0;0;0;0
998;0;Boa Vista do Sul;Nonoai;100;0;30;11;50;50
999;0;Boa Vista do Sul;Parque Santa Fé;0;0;0;0;0;0
1000;0;Boa Vista do Sul;Partenon;450;0;222;88;50;400
1001;0;Boa Vista do Sul;Passo D'Areia;50;0;19;15;0;50
1002;0;Boa Vista do Sul;Passo das Pedras;150;100;28;6;100;50
1003;0;Boa Vista do Sul;Pedra Redonda;0;0;0;0;0;0
1004;0;Boa Vista do Sul;Petrópolis;300;50;133;50;100;200
1005;0;Boa Vista do Sul;Pitinga;100;0;65;20;0;100
1006;0;Boa Vista do Sul;Ponta Grossa;100;100;0;0;100;0
1007;0;Boa Vista do Sul;Praia de Belas;0;0;0;0;0;0
1008;0;Boa Vista do Sul;Restinga;100;0;59;19;0;100
1009;0;Boa Vista do Sul;Rio Branco;150;0;28;11;100;50
1010;0;Boa Vista do Sul;Rubem Berta;200;0;104;68;0;200
1011;0;Boa Vista do Sul;Santa Cecília;50;50;0;0;50;0
1012;0;Boa Vista do Sul;Santa Maria Goretti;0;0;0;0;0;0
1013;0;Boa Vista do Sul;Santa Rosa de Lima;200;50;88;23;50;150
1014;0;Boa Vista do Sul;Santa Tereza;300;50;159;40;100;200
1015;0;Boa Vista do Sul;Santana;0;0;0;0;0;0
1016;0;Boa Vista do Sul;Santo Antônio;0;0;0;0;0;0
1017;0;Boa Vista do Sul;Sarandi;250;0;107;52;50;200
1018;0;Boa Vista do Sul;Serraria;50;0;0;0;50;0
1019;0;Boa Vista do Sul;São Caetano;50;0;23;12;0;50
1020;0;Boa Vista do Sul;São Geraldo;50;0;25;17;0;50
1021;0;Boa Vista do Sul;São José;150;50;53;13;50;100
1022;0;Boa Vista do Sul;São João;0;0;0;0;0;0
1023;0;Boa Vista do Sul;São Sebastião;0;0;0;0;0;0
1024;0;Boa Vista do Sul;Sétimo Céu;0;0;0;0;0;0
1025;0;Boa Vista do Sul;Teresópolis;150;0;60;20;50;100
1026;0;Boa Vista do Sul;Tristeza;50;0;23;17;0;50
1027;0;Boa Vista do Sul;Três Figueiras;0;0;0;0;0;0
1028;0;Boa Vista do Sul;Vila Assunção;50;0;25;11;0;50
1029;0;Boa Vista do Sul;Vila Conceição;0;0;0;0;0;0
1030;0;Boa Vista do Sul;Vila Ipiranga;100;0;71;15;0;100
1031;0;Boa Vista do Sul;Vila Jardim;100;0;29;12;50;50
1032;0;Boa Vista do Sul;Vila João Pessoa;50;0;25;12;0;50
1033;0;Boa Vista do Sul;Vila Nova;100;100;0;0;100;0
1034;0;Bom Fim;Aberta dos Morros;0;0;0;0;0;0
1035;0;Bom Fim;Agronomia;0;0;0;0;0;0
1036;0;Bom Fim;Anchieta;50;0;26;8;0;50
1037;0;Bom Fim;Arquipélago;250;0;132;47;0;250
1038;0;Bom Fim;Auxiliadora;250;0;52;36;150;100
1039;0;Bom Fim;Azenha;550;100;184;103;200;350
1040;0;Bom Fim;Bela Vista;250;0;108;31;150;100
1041;0;Bom Fim;Belém Novo;50;0;26;19;0;50
1042;0;Bom Fim;Belém Velho;0;0;0;0;0;0
1043;0;Bom Fim;Boa Vista;50;0;15;17;0;50
1044;0;Bom Fim;Boa Vista do Sul;50;0;23;23;0;50
1045;0;Bom Fim;Bom Fim;4400;1200;1060;540;2500;1900
1046;0;Bom Fim;Bom Jesus;150;0;80;26;0;150
1047;0;Bom Fim;Camaquã;50;50;0;0;50;0
1048;0;Bom Fim;Campo Novo;100;0;70;14;0;100
1049;0;Bom Fim;Cascata;50;0;27;17;0;50
1050;0;Bom Fim;Cavalhada;100;0;21;19;50;50
1051;0;Bom Fim;Cel. Aparício Borges;100;0;43;20;0;100
1052;0;Bom Fim;Centro Histórico;2500;200;903;358;1050;1450
1053;0;Bom Fim;Chapéu do Sol;100;0;0;0;100;0
1054;0;Bom Fim;Chácara das Pedras;100;0;39;9;50;50
1055;0;Bom Fim;Cidade Baixa;1550;0;542;302;450;1100
1056;0;Bom Fim;Costa e Silva;100;50;0;0;100;0
1057;0;Bom Fim;Cristal;200;50;43;28;100;100
1058;0;Bom Fim;Cristo Redentor;250;0;120;53;50;200
1059;0;Bom Fim;Espírito Santo;100;50;23;12;50;50
1060;0;Bom Fim;Extrema;0;0;0;0;0;0
1061;0;Bom Fim;Farrapos;150;0;88;35;0;150
1062;0;Bom Fim;Farroupilha;1547;100;509;260;597;950
1063;0;Bom Fim;Floresta;750;50;155;105;450;300
1064;0;Bom Fim;Glória;0;0;0;0;0;0
1065;0;Bom Fim;Guarujá;0;0;0;0;0;0
1066;0;Bom Fim;Higienópolis;200;50;40;8;150;50
1067;0;Bom Fim;Humaitá;100;0;71;11;0;100
1068;0;Bom Fim;Hípica;50;50;0;0;50;0
1069;0;Bom Fim;Independência;3550;400;1088;631;1350;2200
1070;0;Bom Fim;Ipanema;0;0;0;0;0;0
1071;0;Bom Fim;Jardim Botânico;350;0;180;82;50;300
1072;0;Bom Fim;Jardim Carvalho;250;0;83;41;100;150
1073;0;Bom Fim;Jardim Europa;100;0;31;12;50;50
1074;0;Bom Fim;Jardim Floresta;100;0;50;22;0;100
1075;0;Bom Fim;Jardim Isabel;0;0;0;0;0;0
1076;0;Bom Fim;Jardim Itú;100;0;61;26;0;100
1077;0;Bom Fim;Jardim Leopoldina;100;50;0;0;100;0
1078;0;Bom Fim;Jardim Lindóia;100;0;63;24;0;100
1079;0;Bom Fim;Jardim Sabará;150;0;51;29;50;100
1080;0;Bom Fim;Jardim São Pedro;100;0;25;16;50;50
1081;0;Bom Fim;Jardim do Salso;0;0;0;0;0;0
1082;0;Bom Fim;Lageado;50;0;30;14;0;50
1083;0;Bom Fim;Lami;100;0;31;8;50;50
1084;0;Bom Fim;Lomba do Pinheiro;100;50;0;0;100;0
1085;0;Bom Fim;Medianeira;100;0;56;23;0;100
1086;0;Bom Fim;Menino Deus;700;100;270;162;200;500
1087;0;Bom Fim;Moinhos de Vento;1400;250;477;295;450;950
1088;0;Bom Fim;Mont'Serrat;50;0;32;9;0;50
1089;0;Bom Fim;Morro Santana;0;0;0;0;0;0
1090;0;Bom Fim;Mário Quintana;50;50;0;0;50;0
1091;0;Bom Fim;Navegantes;150;0;0;0;150;0
1092;0;Bom Fim;Nonoai;200;50;26;9;150;50
1093;0;Bom Fim;Parque Santa Fé;100;0;21;17;50;50
1094;0;Bom Fim;Partenon;350;50;132;43;100;250
1095;0;Bom Fim;Passo D'Areia;0;0;0;0;0;0
1096;0;Bom Fim;Passo das Pedras;100;50;32;18;50;50
1097;0;Bom Fim;Pedra Redonda;50;0;0;0;50;0
1098;0;Bom Fim;Petrópolis;500;50;168;95;150;350
1099;0;Bom Fim;Pitinga;50;0;30;12;0;50
1100;0;Bom Fim;Ponta Grossa;50;0;26;8;0;50
1101;0;Bom Fim;Praia de Belas;350;0;127;71;100;250
1102;0;Bom Fim;Restinga;100;0;33;5;50;50
1103;0;Bom Fim;Rio Branco;2750;150;1146;658;450;2300
1104;0;Bom Fim;Rubem Berta;300;50;69;62;150;150
1105;0;Bom Fim;Santa Cecília;600;100;95;58;400;200
1106;0;Bom Fim;Santa Maria Goretti;50;0;21;16;0;50
1107;0;Bom Fim;Santa Rosa de Lima;0;0;0;0;0;0
1108;0;Bom Fim;Santa Tereza;300;0;101;51;100;200
1109;0;Bom Fim;Santana;1100;150;344;212;400;700
1110;0;Bom Fim;Santo Antônio;50;0;0;0;50;0
1111;0;Bom Fim;Sarandi;450;50;229;106;50;400
1112;0;Bom Fim;Serraria;50;0;21;11;0;50
1113;0;Bom Fim;São Caetano;0;0;0;0;0;0
1114;0;Bom Fim;São Geraldo;200;50;28;18;150;50
1115;0;Bom Fim;São José;50;0;26;10;0;50
1116;0;Bom Fim;São João;350;50;116;53;150;200
1117;0;Bom Fim;São Sebastião;50;0;26;12;0;50
1118;0;Bom Fim;Sétimo Céu;0;0;0;0;0;0
1119;0;Bom Fim;Teresópolis;150;100;50;0;150;0
1120;0;Bom Fim;Tristeza;0;0;0;0;0;0
1121;0;Bom Fim;Três Figueiras;0;0;0;0;0;0
1122;0;Bom Fim;Vila Assunção;0;0;0;0;0;0
1123;0;Bom Fim;Vila Conceição;50;0;0;0;50;0
1124;0;Bom Fim;Vila Ipiranga;100;0;32;10;50;50
1125;0;Bom Fim;Vila Jardim;100;0;25;11;50;50
1126;0;Bom Fim;Vila João Pessoa;50;0;28;14;0;50
1127;0;Bom Fim;Vila Nova;50;0;18;22;0;50
1128;0;Bom Jesus;Aberta dos Morros;0;0;0;0;0;0
1129;0;Bom Jesus;Agronomia;650;200;97;23;500;150
1130;0;Bom Jesus;Anchieta;250;50;55;18;150;100
1131;0;Bom Jesus;Arquipélago;150;0;93;29;0;150
1132;0;Bom Jesus;Auxiliadora;50;0;22;18;0;50
1133;0;Bom Jesus;Azenha;0;0;0;0;0;0
1134;0;Bom Jesus;Bela Vista;150;0;24;8;100;50
1135;0;Bom Jesus;Belém Novo;50;0;25;11;0;50
1136;0;Bom Jesus;Belém Velho;250;0;118;40;50;200
1137;0;Bom Jesus;Boa Vista;300;100;28;10;250;50
1138;0;Bom Jesus;Boa Vista do Sul;50;0;27;10;0;50
1139;0;Bom Jesus;Bom Fim;150;0;80;26;0;150
1140;0;Bom Jesus;Bom Jesus;24700;4300;9810;2814;8700;16000
1141;0;Bom Jesus;Camaquã;0;0;0;0;0;0
1142;0;Bom Jesus;Campo Novo;250;150;32;10;200;50
1143;0;Bom Jesus;Cascata;300;0;113;26;100;200
1144;0;Bom Jesus;Cavalhada;100;0;23;11;50;50
1145;0;Bom Jesus;Cel. Aparício Borges;350;50;94;24;200;150
1146;0;Bom Jesus;Centro Histórico;250;0;53;20;150;100
1147;0;Bom Jesus;Chapéu do Sol;100;50;37;9;50;50
1148;0;Bom Jesus;Chácara das Pedras;1700;150;866;282;250;1450
1149;0;Bom Jesus;Cidade Baixa;150;0;28;18;100;50
1150;0;Bom Jesus;Costa e Silva;200;200;0;0;200;0
1151;0;Bom Jesus;Cristal;250;50;82;31;100;150
1152;0;Bom Jesus;Cristo Redentor;200;50;65;23;100;100
1153;0;Bom Jesus;Espírito Santo;0;0;0;0;0;0
1154;0;Bom Jesus;Extrema;100;0;81;12;50;50
1155;0;Bom Jesus;Farrapos;200;100;50;0;200;0
1156;0;Bom Jesus;Farroupilha;200;50;67;23;100;100
1157;0;Bom Jesus;Floresta;150;0;43;29;50;100
1158;0;Bom Jesus;Glória;200;100;54;20;100;100
1159;0;Bom Jesus;Guarujá;250;50;89;16;100;150
1160;0;Bom Jesus;Higienópolis;300;100;103;32;150;150
1161;0;Bom Jesus;Humaitá;200;0;115;32;0;200
1162;0;Bom Jesus;Hípica;150;50;25;6;100;50
1163;0;Bom Jesus;Independência;100;0;64;19;0;100
1164;0;Bom Jesus;Ipanema;50;0;22;9;0;50
1165;0;Bom Jesus;Jardim Botânico;700;200;200;70;350;350
1166;0;Bom Jesus;Jardim Carvalho;1600;400;520;138;850;750
1167;0;Bom Jesus;Jardim Europa;619;150;160;62;319;300
1168;0;Bom Jesus;Jardim Floresta;100;0;60;14;0;100
1169;0;Bom Jesus;Jardim Isabel;150;100;22;8;100;50
1170;0;Bom Jesus;Jardim Itú;350;0;156;59;50;300
1171;0;Bom Jesus;Jardim Leopoldina;250;50;83;30;100;150
1172;0;Bom Jesus;Jardim Lindóia;200;100;63;15;100;100
1173;0;Bom Jesus;Jardim Sabará;2800;50;1384;426;450;2350
1174;0;Bom Jesus;Jardim São Pedro;0;0;0;0;0;0
1175;0;Bom Jesus;Jardim do Salso;2750;500;1202;378;700;2050
1176;0;Bom Jesus;Lageado;100;0;59;16;0;100
1177;0;Bom Jesus;Lami;150;0;98;21;0;150
1178;0;Bom Jesus;Lomba do Pinheiro;750;200;156;28;500;250
1179;0;Bom Jesus;Medianeira;0;0;0;0;0;0
1180;0;Bom Jesus;Menino Deus;50;0;28;6;0;50
1181;0;Bom Jesus;Moinhos de Vento;250;0;100;62;50;200
1182;0;Bom Jesus;Mont'Serrat;200;50;79;23;50;150
1183;0;Bom Jesus;Morro Santana;1350;150;698;179;300;1050
1184;0;Bom Jesus;Mário Quintana;450;0;247;49;50;400
1185;0;Bom Jesus;Navegantes;200;50;55;25;100;100
1186;0;Bom Jesus;Nonoai;300;100;139;43;100;200
1187;0;Bom Jesus;Parque Santa Fé;50;0;0;0;50;0
1188;0;Bom Jesus;Partenon;1100;550;107;28;900;200
1189;0;Bom Jesus;Passo D'Areia;400;100;141;102;100;300
1190;0;Bom Jesus;Passo das Pedras;450;200;112;45;250;200
1191;0;Bom Jesus;Pedra Redonda;200;0;110;46;0;200
1192;0;Bom Jesus;Petrópolis;200;100;27;7;150;50
1193;0;Bom Jesus;Pitinga;0;0;0;0;0;0
1194;0;Bom Jesus;Ponta Grossa;100;0;61;21;0;100
1195;0;Bom Jesus;Praia de Belas;200;50;61;12;100;100
1196;0;Bom Jesus;Restinga;150;50;64;14;50;100
1197;0;Bom Jesus;Rio Branco;400;0;168;76;100;300
1198;0;Bom Jesus;Rubem Berta;100;50;25;20;50;50
1199;0;Bom Jesus;Santa Cecília;150;100;27;7;100;50
1200;0;Bom Jesus;Santa Maria Goretti;150;0;55;18;50;100
1201;0;Bom Jesus;Santa Rosa de Lima;350;150;142;27;200;150
1202;0;Bom Jesus;Santa Tereza;350;50;134;48;100;250
1203;0;Bom Jesus;Santana;100;0;23;13;50;50
1204;0;Bom Jesus;Santo Antônio;250;0;150;44;0;250
1205;0;Bom Jesus;Sarandi;250;0;121;38;50;200
1206;0;Bom Jesus;Serraria;150;0;92;26;0;150
1207;0;Bom Jesus;São Caetano;100;0;27;7;50;50
1208;0;Bom Jesus;São Geraldo;50;0;32;5;0;50
1209;0;Bom Jesus;São José;450;100;238;41;150;300
1210;0;Bom Jesus;São João;0;0;0;0;0;0
1211;0;Bom Jesus;São Sebastião;200;50;37;7;150;50
1212;0;Bom Jesus;Sétimo Céu;0;0;0;0;0;0
1213;0;Bom Jesus;Teresópolis;50;0;32;7;0;50
1214;0;Bom Jesus;Tristeza;0;0;0;0;0;0
1215;0;Bom Jesus;Três Figueiras;250;0;149;45;0;250
1216;0;Bom Jesus;Vila Assunção;0;0;0;0;0;0
1217;0;Bom Jesus;Vila Conceição;0;0;0;0;0;0
1218;0;Bom Jesus;Vila Ipiranga;750;150;320;107;200;550
1219;0;Bom Jesus;Vila Jardim;2400;900;693;230;1200;1200
1220;0;Bom Jesus;Vila João Pessoa;600;50;335;117;50;550
1221;0;Bom Jesus;Vila Nova;150;0;96;27;0;150
1222;0;Camaquã;Aberta dos Morros;200;0;119;44;0;200
1223;0;Camaquã;Agronomia;0;0;0;0;0;0
1224;0;Camaquã;Anchieta;50;0;0;0;50;0
1225;0;Camaquã;Arquipélago;150;50;0;0;150;0
1226;0;Camaquã;Auxiliadora;0;0;0;0;0;0
1227;0;Camaquã;Azenha;200;100;50;0;200;0
1228;0;Camaquã;Bela Vista;100;50;30;14;50;50
1229;0;Camaquã;Belém Novo;50;0;28;8;0;50
1230;0;Camaquã;Belém Velho;50;0;0;0;50;0
1231;0;Camaquã;Boa Vista;50;0;28;9;0;50
1232;0;Camaquã;Boa Vista do Sul;0;0;0;0;0;0
1233;0;Camaquã;Bom Fim;50;50;0;0;50;0
1234;0;Camaquã;Bom Jesus;0;0;0;0;0;0
1235;0;Camaquã;Camaquã;12400;600;6454;2424;1100;11300
1236;0;Camaquã;Campo Novo;350;150;108;41;150;200
1237;0;Camaquã;Cascata;0;0;0;0;0;0
1238;0;Camaquã;Cavalhada;2350;450;952;355;650;1700
1239;0;Camaquã;Cel. Aparício Borges;200;50;84;21;50;150
1240;0;Camaquã;Centro Histórico;200;0;79;46;50;150
1241;0;Camaquã;Chapéu do Sol;50;0;0;0;50;0
1242;0;Camaquã;Chácara das Pedras;0;0;0;0;0;0
1243;0;Camaquã;Cidade Baixa;50;0;27;15;0;50
1244;0;Camaquã;Costa e Silva;250;50;83;25;100;150
1245;0;Camaquã;Cristal;3250;600;1266;370;1200;2050
1246;0;Camaquã;Cristo Redentor;250;50;49;19;150;100
1247;0;Camaquã;Espírito Santo;200;0;92;26;50;150
1248;0;Camaquã;Extrema;50;0;31;8;0;50
1249;0;Camaquã;Farrapos;0;0;0;0;0;0
1250;0;Camaquã;Farroupilha;100;50;0;0;100;0
1251;0;Camaquã;Floresta;0;0;0;0;0;0
1252;0;Camaquã;Glória;350;100;79;41;200;150
1253;0;Camaquã;Guarujá;500;150;203;37;250;250
1254;0;Camaquã;Higienópolis;50;0;0;0;50;0
1255;0;Camaquã;Humaitá;100;50;28;7;50;50
1256;0;Camaquã;Hípica;150;0;92;34;0;150
1257;0;Camaquã;Independência;0;0;0;0;0;0
1258;0;Camaquã;Ipanema;550;150;224;74;200;350
1259;0;Camaquã;Jardim Botânico;50;0;0;0;50;0
1260;0;Camaquã;Jardim Carvalho;0;0;0;0;0;0
1261;0;Camaquã;Jardim Europa;150;0;65;15;50;100
1262;0;Camaquã;Jardim Floresta;0;0;0;0;0;0
1263;0;Camaquã;Jardim Isabel;1700;100;857;344;150;1550
1264;0;Camaquã;Jardim Itú;0;0;0;0;0;0
1265;0;Camaquã;Jardim Leopoldina;50;0;34;8;0;50
1266;0;Camaquã;Jardim Lindóia;0;0;0;0;0;0
1267;0;Camaquã;Jardim Sabará;0;0;0;0;0;0
1268;0;Camaquã;Jardim São Pedro;0;0;0;0;0;0
1269;0;Camaquã;Jardim do Salso;50;0;26;9;0;50
1270;0;Camaquã;Lageado;0;0;0;0;0;0
1271;0;Camaquã;Lami;50;50;0;0;50;0
1272;0;Camaquã;Lomba do Pinheiro;150;0;53;27;50;100
1273;0;Camaquã;Medianeira;450;150;166;51;250;200
1274;0;Camaquã;Menino Deus;150;50;30;12;100;50
1275;0;Camaquã;Moinhos de Vento;50;0;31;9;0;50
1276;0;Camaquã;Mont'Serrat;50;0;27;17;0;50
1277;0;Camaquã;Morro Santana;50;0;0;0;50;0
1278;0;Camaquã;Mário Quintana;50;0;0;0;50;0
1279;0;Camaquã;Navegantes;50;0;27;11;0;50
1280;0;Camaquã;Nonoai;1850;250;816;281;500;1350
1281;0;Camaquã;Parque Santa Fé;0;0;0;0;0;0
1282;0;Camaquã;Partenon;350;100;91;25;200;150
1283;0;Camaquã;Passo D'Areia;150;0;19;19;100;50
1284;0;Camaquã;Passo das Pedras;150;50;0;0;150;0
1285;0;Camaquã;Pedra Redonda;200;50;60;22;100;100
1286;0;Camaquã;Petrópolis;400;50;116;52;200;200
1287;0;Camaquã;Pitinga;50;0;50;0;50;0
1288;0;Camaquã;Ponta Grossa;150;0;54;24;50;100
1289;0;Camaquã;Praia de Belas;100;0;54;26;0;100
1290;0;Camaquã;Restinga;300;50;143;33;50;250
1291;0;Camaquã;Rio Branco;50;0;27;8;0;50
1292;0;Camaquã;Rubem Berta;50;50;0;0;50;0
1293;0;Camaquã;Santa Cecília;150;50;57;19;50;100
1294;0;Camaquã;Santa Maria Goretti;0;0;0;0;0;0
1295;0;Camaquã;Santa Rosa de Lima;150;0;53;18;50;100
1296;0;Camaquã;Santa Tereza;500;100;240;65;150;350
1297;0;Camaquã;Santana;0;0;0;0;0;0
1298;0;Camaquã;Santo Antônio;50;50;0;0;50;0
1299;0;Camaquã;Sarandi;50;0;26;16;0;50
1300;0;Camaquã;Serraria;0;0;0;0;0;0
1301;0;Camaquã;São Caetano;0;0;0;0;0;0
1302;0;Camaquã;São Geraldo;100;0;57;21;0;100
1303;0;Camaquã;São José;200;0;92;33;50;150
1304;0;Camaquã;São João;150;0;60;14;50;100
1305;0;Camaquã;São Sebastião;50;0;29;12;0;50
1306;0;Camaquã;Sétimo Céu;1400;300;577;201;400;1000
1307;0;Camaquã;Teresópolis;850;100;448;136;100;750
1308;0;Camaquã;Tristeza;1250;400;451;217;450;800
1309;0;Camaquã;Três Figueiras;100;0;46;26;0;100
1310;0;Camaquã;Vila Assunção;900;200;160;73;600;300
1311;0;Camaquã;Vila Conceição;300;50;154;46;50;250
1312;0;Camaquã;Vila Ipiranga;200;0;54;23;100;100
1313;0;Camaquã;Vila Jardim;50;50;0;0;50;0
1314;0;Camaquã;Vila João Pessoa;150;50;67;18;50;100
1315;0;Camaquã;Vila Nova;600;0;263;82;150;450
1316;0;Campo Novo;Aberta dos Morros;1733;50;868;234;283;1450
1317;0;Campo Novo;Agronomia;100;0;57;16;0;100
1318;0;Campo Novo;Anchieta;0;0;0;0;0;0
1319;0;Campo Novo;Arquipélago;50;0;0;0;50;0
1320;0;Campo Novo;Auxiliadora;100;0;58;16;0;100
1321;0;Campo Novo;Azenha;50;0;34;10;0;50
1322;0;Campo Novo;Bela Vista;0;0;0;0;0;0
1323;0;Campo Novo;Belém Novo;300;50;105;54;100;200
1324;0;Campo Novo;Belém Velho;1568;600;293;43;1268;300
1325;0;Campo Novo;Boa Vista;100;0;29;6;50;50
1326;0;Campo Novo;Boa Vista do Sul;0;0;0;0;0;0
1327;0;Campo Novo;Bom Fim;100;0;70;14;0;100
1328;0;Campo Novo;Bom Jesus;250;150;32;10;200;50
1329;0;Campo Novo;Camaquã;350;150;108;41;150;200
1330;0;Campo Novo;Campo Novo;5000;1700;1466;308;2900;2100
1331;0;Campo Novo;Cascata;100;50;31;7;50;50
1332;0;Campo Novo;Cavalhada;300;50;118;45;100;200
1333;0;Campo Novo;Cel. Aparício Borges;200;0;88;27;50;150
1334;0;Campo Novo;Centro Histórico;50;50;0;0;50;0
1335;0;Campo Novo;Chapéu do Sol;50;0;32;5;0;50
1336;0;Campo Novo;Chácara das Pedras;0;0;0;0;0;0
1337;0;Campo Novo;Cidade Baixa;50;0;0;0;50;0
1338;0;Campo Novo;Costa e Silva;50;0;32;6;0;50
1339;0;Campo Novo;Cristal;150;50;48;20;50;100
1340;0;Campo Novo;Cristo Redentor;0;0;0;0;0;0
1341;0;Campo Novo;Espírito Santo;400;50;209;69;50;350
1342;0;Campo Novo;Extrema;0;0;0;0;0;0
1343;0;Campo Novo;Farrapos;0;0;0;0;0;0
1344;0;Campo Novo;Farroupilha;0;0;0;0;0;0
1345;0;Campo Novo;Floresta;0;0;0;0;0;0
1346;0;Campo Novo;Glória;100;0;61;21;0;100
1347;0;Campo Novo;Guarujá;350;50;140;29;200;150
1348;0;Campo Novo;Higienópolis;50;0;0;0;50;0
1349;0;Campo Novo;Humaitá;200;0;120;31;0;200
1350;0;Campo Novo;Hípica;300;100;120;29;100;200
1351;0;Campo Novo;Independência;0;0;0;0;0;0
1352;0;Campo Novo;Ipanema;700;0;413;138;0;700
1353;0;Campo Novo;Jardim Botânico;100;50;36;10;50;50
1354;0;Campo Novo;Jardim Carvalho;0;0;0;0;0;0
1355;0;Campo Novo;Jardim Europa;0;0;0;0;0;0
1356;0;Campo Novo;Jardim Floresta;50;50;0;0;50;0
1357;0;Campo Novo;Jardim Isabel;150;50;64;20;50;100
1358;0;Campo Novo;Jardim Itú;100;0;33;11;50;50
1359;0;Campo Novo;Jardim Leopoldina;50;0;0;0;50;0
1360;0;Campo Novo;Jardim Lindóia;0;0;0;0;0;0
1361;0;Campo Novo;Jardim Sabará;0;0;0;0;0;0
1362;0;Campo Novo;Jardim São Pedro;50;0;38;3;0;50
1363;0;Campo Novo;Jardim do Salso;0;0;0;0;0;0
1364;0;Campo Novo;Lageado;50;0;36;6;0;50
1365;0;Campo Novo;Lami;50;50;0;0;50;0
1366;0;Campo Novo;Lomba do Pinheiro;250;50;91;31;100;150
1367;0;Campo Novo;Medianeira;50;0;0;0;50;0
1368;0;Campo Novo;Menino Deus;150;0;102;26;0;150
1369;0;Campo Novo;Moinhos de Vento;50;0;32;8;0;50
1370;0;Campo Novo;Mont'Serrat;0;0;0;0;0;0
1371;0;Campo Novo;Morro Santana;100;0;57;18;0;100
1372;0;Campo Novo;Mário Quintana;50;0;29;9;0;50
1373;0;Campo Novo;Navegantes;50;0;27;16;0;50
1374;0;Campo Novo;Nonoai;250;0;123;38;50;200
1375;0;Campo Novo;Parque Santa Fé;0;0;0;0;0;0
1376;0;Campo Novo;Partenon;200;0;115;45;0;200
1377;0;Campo Novo;Passo D'Areia;50;0;25;7;0;50
1378;0;Campo Novo;Passo das Pedras;100;50;31;9;50;50
1379;0;Campo Novo;Pedra Redonda;100;0;59;16;0;100
1380;0;Campo Novo;Petrópolis;50;0;31;17;0;50
1381;0;Campo Novo;Pitinga;100;0;58;20;0;100
1382;0;Campo Novo;Ponta Grossa;200;50;108;14;100;100
1383;0;Campo Novo;Praia de Belas;50;0;27;10;0;50
1384;0;Campo Novo;Restinga;950;350;227;55;600;350
1385;0;Campo Novo;Rio Branco;50;0;30;14;0;50
1386;0;Campo Novo;Rubem Berta;150;0;50;41;50;100
1387;0;Campo Novo;Santa Cecília;100;0;54;27;0;100
1388;0;Campo Novo;Santa Maria Goretti;100;0;82;5;50;50
1389;0;Campo Novo;Santa Rosa de Lima;50;0;0;0;50;0
1390;0;Campo Novo;Santa Tereza;200;50;54;19;100;100
1391;0;Campo Novo;Santana;100;0;30;10;50;50
1392;0;Campo Novo;Santo Antônio;100;0;31;6;50;50
1393;0;Campo Novo;Sarandi;400;100;171;78;100;300
1394;0;Campo Novo;Serraria;200;0;124;48;0;200
1395;0;Campo Novo;São Caetano;0;0;0;0;0;0
1396;0;Campo Novo;São Geraldo;50;0;33;10;0;50
1397;0;Campo Novo;São José;50;0;32;10;0;50
1398;0;Campo Novo;São João;0;0;0;0;0;0
1399;0;Campo Novo;São Sebastião;0;0;0;0;0;0
1400;0;Campo Novo;Sétimo Céu;50;0;26;9;0;50
1401;0;Campo Novo;Teresópolis;350;100;151;44;100;250
1402;0;Campo Novo;Tristeza;400;0;199;106;50;350
1403;0;Campo Novo;Três Figueiras;100;0;31;15;50;50
1404;0;Campo Novo;Vila Assunção;50;0;50;0;50;0
1405;0;Campo Novo;Vila Conceição;0;0;0;0;0;0
1406;0;Campo Novo;Vila Ipiranga;100;100;0;0;100;0
1407;0;Campo Novo;Vila Jardim;50;50;0;0;50;0
1408;0;Campo Novo;Vila João Pessoa;200;50;55;25;100;100
1409;0;Campo Novo;Vila Nova;1950;200;759;257;600;1350
1410;0;Cascata;Aberta dos Morros;0;0;0;0;0;0
1411;0;Cascata;Agronomia;450;150;148;40;200;250
1412;0;Cascata;Anchieta;50;50;0;0;50;0
1413;0;Cascata;Arquipélago;300;0;145;28;50;250
1414;0;Cascata;Auxiliadora;50;0;31;10;0;50
1415;0;Cascata;Azenha;150;0;94;23;0;150
1416;0;Cascata;Bela Vista;50;0;31;4;0;50
1417;0;Cascata;Belém Novo;50;0;33;14;0;50
1418;0;Cascata;Belém Velho;650;50;293;81;150;500
1419;0;Cascata;Boa Vista;50;0;38;7;0;50
1420;0;Cascata;Boa Vista do Sul;0;0;0;0;0;0
1421;0;Cascata;Bom Fim;50;0;27;17;0;50
1422;0;Cascata;Bom Jesus;300;0;113;26;100;200
1423;0;Cascata;Camaquã;0;0;0;0;0;0
1424;0;Cascata;Campo Novo;100;50;31;7;50;50
1425;0;Cascata;Cascata;1900;300;862;192;500;1400
1426;0;Cascata;Cavalhada;250;50;62;12;150;100
1427;0;Cascata;Cel. Aparício Borges;1050;200;341;75;450;600
1428;0;Cascata;Centro Histórico;100;0;25;7;50;50
1429;0;Cascata;Chapéu do Sol;0;0;0;0;0;0
1430;0;Cascata;Chácara das Pedras;200;50;94;15;50;150
1431;0;Cascata;Cidade Baixa;200;0;125;40;0;200
1432;0;Cascata;Costa e Silva;100;50;0;0;100;0
1433;0;Cascata;Cristal;0;0;0;0;0;0
1434;0;Cascata;Cristo Redentor;50;0;30;16;0;50
1435;0;Cascata;Espírito Santo;0;0;0;0;0;0
1436;0;Cascata;Extrema;50;50;0;0;50;0
1437;0;Cascata;Farrapos;50;0;29;6;0;50
1438;0;Cascata;Farroupilha;0;0;0;0;0;0
1439;0;Cascata;Floresta;100;0;67;9;0;100
1440;0;Cascata;Glória;1450;250;574;171;450;1000
1441;0;Cascata;Guarujá;200;50;64;16;100;100
1442;0;Cascata;Higienópolis;100;50;31;4;50;50
1443;0;Cascata;Humaitá;100;100;0;0;100;0
1444;0;Cascata;Hípica;150;50;36;5;100;50
1445;0;Cascata;Independência;150;50;73;20;100;50
1446;0;Cascata;Ipanema;50;0;0;0;50;0
1447;0;Cascata;Jardim Botânico;450;0;206;65;100;350
1448;0;Cascata;Jardim Carvalho;750;200;365;96;200;550
1449;0;Cascata;Jardim Europa;0;0;0;0;0;0
1450;0;Cascata;Jardim Floresta;0;0;0;0;0;0
1451;0;Cascata;Jardim Isabel;0;0;0;0;0;0
1452;0;Cascata;Jardim Itú;0;0;0;0;0;0
1453;0;Cascata;Jardim Leopoldina;0;0;0;0;0;0
1454;0;Cascata;Jardim Lindóia;200;0;49;25;100;100
1455;0;Cascata;Jardim Sabará;150;0;50;20;50;100
1456;0;Cascata;Jardim São Pedro;150;0;92;24;0;150
1457;0;Cascata;Jardim do Salso;250;50;113;31;50;200
1458;0;Cascata;Lageado;0;0;0;0;0;0
1459;0;Cascata;Lami;150;0;119;8;50;100
1460;0;Cascata;Lomba do Pinheiro;1200;100;592;136;200;1000
1461;0;Cascata;Medianeira;150;0;75;35;0;150
1462;0;Cascata;Menino Deus;150;0;64;20;50;100
1463;0;Cascata;Moinhos de Vento;50;0;0;0;50;0
1464;0;Cascata;Mont'Serrat;150;0;90;27;0;150
1465;0;Cascata;Morro Santana;200;50;88;22;50;150
1466;0;Cascata;Mário Quintana;250;0;114;22;50;200
1467;0;Cascata;Navegantes;0;0;0;0;0;0
1468;0;Cascata;Nonoai;300;0;168;24;100;200
1469;0;Cascata;Parque Santa Fé;300;50;131;23;100;200
1470;0;Cascata;Partenon;650;100;271;102;200;450
1471;0;Cascata;Passo D'Areia;50;50;0;0;50;0
1472;0;Cascata;Passo das Pedras;0;0;0;0;0;0
1473;0;Cascata;Pedra Redonda;0;0;0;0;0;0
1474;0;Cascata;Petrópolis;250;50;67;24;150;100
1475;0;Cascata;Pitinga;200;0;78;20;50;150
1476;0;Cascata;Ponta Grossa;150;50;62;18;50;100
1477;0;Cascata;Praia de Belas;0;0;0;0;0;0
1478;0;Cascata;Restinga;550;200;145;41;300;250
1479;0;Cascata;Rio Branco;50;0;20;13;0;50
1480;0;Cascata;Rubem Berta;100;50;31;6;50;50
1481;0;Cascata;Santa Cecília;350;50;177;57;50;300
1482;0;Cascata;Santa Maria Goretti;50;0;37;2;0;50
1483;0;Cascata;Santa Rosa de Lima;150;50;84;3;100;50
1484;0;Cascata;Santa Tereza;300;0;98;15;200;100
1485;0;Cascata;Santana;50;0;0;0;50;0
1486;0;Cascata;Santo Antônio;100;0;54;14;0;100
1487;0;Cascata;Sarandi;350;50;82;35;200;150
1488;0;Cascata;Serraria;150;0;101;21;0;150
1489;0;Cascata;São Caetano;100;50;32;8;50;50
1490;0;Cascata;São Geraldo;0;0;0;0;0;0
1491;0;Cascata;São José;6100;450;3036;734;1450;4650
1492;0;Cascata;São João;0;0;0;0;0;0
1493;0;Cascata;São Sebastião;0;0;0;0;0;0
1494;0;Cascata;Sétimo Céu;50;0;25;9;0;50
1495;0;Cascata;Teresópolis;450;100;109;29;250;200
1496;0;Cascata;Tristeza;200;50;0;0;200;0
1497;0;Cascata;Três Figueiras;50;0;22;7;0;50
1498;0;Cascata;Vila Assunção;0;0;0;0;0;0
1499;0;Cascata;Vila Conceição;0;0;0;0;0;0
1500;0;Cascata;Vila Ipiranga;0;0;0;0;0;0
1501;0;Cascata;Vila Jardim;100;50;50;0;100;0
1502;0;Cascata;Vila João Pessoa;1250;300;508;106;500;750
1503;0;Cascata;Vila Nova;1100;250;315;91;650;450
1504;0;Cavalhada;Aberta dos Morros;450;50;234;87;50;400
1505;0;Cavalhada;Agronomia;50;50;0;0;50;0
1506;0;Cavalhada;Anchieta;0;0;0;0;0;0
1507;0;Cavalhada;Arquipélago;250;0;115;44;50;200
1508;0;Cavalhada;Auxiliadora;200;0;73;40;50;150
1509;0;Cavalhada;Azenha;150;0;85;24;0;150
1510;0;Cavalhada;Bela Vista;100;0;32;10;50;50
1511;0;Cavalhada;Belém Novo;0;0;0;0;0;0
1512;0;Cavalhada;Belém Velho;150;50;29;11;100;50
1513;0;Cavalhada;Boa Vista;300;150;81;37;150;150
1514;0;Cavalhada;Boa Vista do Sul;0;0;0;0;0;0
1515;0;Cavalhada;Bom Fim;100;0;21;19;50;50
1516;0;Cavalhada;Bom Jesus;100;0;23;11;50;50
1517;0;Cavalhada;Camaquã;2350;450;952;355;650;1700
1518;0;Cavalhada;Campo Novo;300;50;118;45;100;200
1519;0;Cavalhada;Cascata;250;50;62;12;150;100
1520;0;Cavalhada;Cavalhada;9924;5500;734;88;9524;400
1521;0;Cavalhada;Cel. Aparício Borges;200;0;81;26;50;150
1522;0;Cavalhada;Centro Histórico;200;0;119;54;0;200
1523;0;Cavalhada;Chapéu do Sol;50;0;25;10;0;50
1524;0;Cavalhada;Chácara das Pedras;100;50;23;16;50;50
1525;0;Cavalhada;Cidade Baixa;150;100;0;0;150;0
1526;0;Cavalhada;Costa e Silva;150;100;35;9;100;50
1527;0;Cavalhada;Cristal;9100;400;4945;1668;450;8650
1528;0;Cavalhada;Cristo Redentor;150;0;63;27;50;100
1529;0;Cavalhada;Espírito Santo;750;250;110;37;550;200
1530;0;Cavalhada;Extrema;100;50;32;4;50;50
1531;0;Cavalhada;Farrapos;50;0;30;13;0;50
1532;0;Cavalhada;Farroupilha;0;0;0;0;0;0
1533;0;Cavalhada;Floresta;0;0;0;0;0;0
1534;0;Cavalhada;Glória;50;0;0;0;50;0
1535;0;Cavalhada;Guarujá;450;50;146;50;200;250
1536;0;Cavalhada;Higienópolis;50;0;24;10;0;50
1537;0;Cavalhada;Humaitá;100;0;65;17;0;100
1538;0;Cavalhada;Hípica;550;50;199;69;200;350
1539;0;Cavalhada;Independência;100;0;32;14;50;50
1540;0;Cavalhada;Ipanema;2000;750;242;83;1600;400
1541;0;Cavalhada;Jardim Botânico;150;50;30;10;100;50
1542;0;Cavalhada;Jardim Carvalho;250;0;166;52;0;250
1543;0;Cavalhada;Jardim Europa;50;50;0;0;50;0
1544;0;Cavalhada;Jardim Floresta;0;0;0;0;0;0
1545;0;Cavalhada;Jardim Isabel;5050;450;2561;871;800;4250
1546;0;Cavalhada;Jardim Itú;100;0;59;15;0;100
1547;0;Cavalhada;Jardim Leopoldina;50;50;0;0;50;0
1548;0;Cavalhada;Jardim Lindóia;200;100;55;27;100;100
1549;0;Cavalhada;Jardim Sabará;50;0;25;11;0;50
1550;0;Cavalhada;Jardim São Pedro;0;0;0;0;0;0
1551;0;Cavalhada;Jardim do Salso;0;0;0;0;0;0
1552;0;Cavalhada;Lageado;50;50;0;0;50;0
1553;0;Cavalhada;Lami;0;0;0;0;0;0
1554;0;Cavalhada;Lomba do Pinheiro;50;0;28;8;0;50
1555;0;Cavalhada;Medianeira;150;0;68;23;50;100
1556;0;Cavalhada;Menino Deus;350;50;164;87;50;300
1557;0;Cavalhada;Moinhos de Vento;200;100;52;26;100;100
1558;0;Cavalhada;Mont'Serrat;250;50;112;49;50;200
1559;0;Cavalhada;Morro Santana;250;50;122;42;50;200
1560;0;Cavalhada;Mário Quintana;50;0;28;8;0;50
1561;0;Cavalhada;Navegantes;100;0;69;21;0;100
1562;0;Cavalhada;Nonoai;1850;50;1040;378;100;1750
1563;0;Cavalhada;Parque Santa Fé;100;0;57;22;0;100
1564;0;Cavalhada;Partenon;800;150;372;128;150;650
1565;0;Cavalhada;Passo D'Areia;250;50;98;37;150;100
1566;0;Cavalhada;Passo das Pedras;150;0;94;25;0;150
1567;0;Cavalhada;Pedra Redonda;3021;500;987;363;1321;1700
1568;0;Cavalhada;Petrópolis;100;0;52;30;0;100
1569;0;Cavalhada;Pitinga;0;0;0;0;0;0
1570;0;Cavalhada;Ponta Grossa;200;100;35;9;150;50
1571;0;Cavalhada;Praia de Belas;100;50;23;12;50;50
1572;0;Cavalhada;Restinga;400;50;149;39;150;250
1573;0;Cavalhada;Rio Branco;0;0;0;0;0;0
1574;0;Cavalhada;Rubem Berta;100;0;43;36;0;100
1575;0;Cavalhada;Santa Cecília;150;0;60;24;50;100
1576;0;Cavalhada;Santa Maria Goretti;0;0;0;0;0;0
1577;0;Cavalhada;Santa Rosa de Lima;250;0;139;46;0;250
1578;0;Cavalhada;Santa Tereza;1450;200;655;225;350;1100
1579;0;Cavalhada;Santana;300;50;129;76;50;250
1580;0;Cavalhada;Santo Antônio;300;0;57;18;200;100
1581;0;Cavalhada;Sarandi;250;0;106;50;50;200
1582;0;Cavalhada;Serraria;350;0;209;74;0;350
1583;0;Cavalhada;São Caetano;100;50;36;9;50;50
1584;0;Cavalhada;São Geraldo;150;50;57;22;50;100
1585;0;Cavalhada;São José;50;0;0;0;50;0
1586;0;Cavalhada;São João;50;50;0;0;50;0
1587;0;Cavalhada;São Sebastião;50;0;33;7;0;50
1588;0;Cavalhada;Sétimo Céu;6350;700;2991;1080;1300;5050
1589;0;Cavalhada;Teresópolis;600;150;246;97;250;350
1590;0;Cavalhada;Tristeza;900;150;290;121;400;500
1591;0;Cavalhada;Três Figueiras;150;100;27;11;100;50
1592;0;Cavalhada;Vila Assunção;400;50;195;83;50;350
1593;0;Cavalhada;Vila Conceição;600;150;186;68;250;350
1594;0;Cavalhada;Vila Ipiranga;150;0;77;35;0;150
1595;0;Cavalhada;Vila Jardim;100;50;22;12;50;50
1596;0;Cavalhada;Vila João Pessoa;200;100;29;13;150;50
1597;0;Cavalhada;Vila Nova;1750;300;751;293;450;1300
1598;0;Cel. Aparício Borges;Aberta dos Morros;250;100;72;13;150;100
1599;0;Cel. Aparício Borges;Agronomia;300;100;134;17;150;150
1600;0;Cel. Aparício Borges;Anchieta;100;0;57;15;0;100
1601;0;Cel. Aparício Borges;Arquipélago;50;0;33;11;0;50
1602;0;Cel. Aparício Borges;Auxiliadora;150;0;46;34;50;100
1603;0;Cel. Aparício Borges;Azenha;450;100;196;69;100;350
1604;0;Cel. Aparício Borges;Bela Vista;150;0;57;18;50;100
1605;0;Cel. Aparício Borges;Belém Novo;50;0;0;0;50;0
1606;0;Cel. Aparício Borges;Belém Velho;200;50;75;24;50;150
1607;0;Cel. Aparício Borges;Boa Vista;50;0;30;4;0;50
1608;0;Cel. Aparício Borges;Boa Vista do Sul;50;50;0;0;50;0
1609;0;Cel. Aparício Borges;Bom Fim;100;0;43;20;0;100
1610;0;Cel. Aparício Borges;Bom Jesus;350;50;94;24;200;150
1611;0;Cel. Aparício Borges;Camaquã;200;50;84;21;50;150
1612;0;Cel. Aparício Borges;Campo Novo;200;0;88;27;50;150
1613;0;Cel. Aparício Borges;Cascata;1050;200;341;75;450;600
1614;0;Cel. Aparício Borges;Cavalhada;200;0;81;26;50;150
1615;0;Cel. Aparício Borges;Cel. Aparício Borges;11800;800;6212;1572;800;11000
1616;0;Cel. Aparício Borges;Centro Histórico;200;0;80;36;50;150
1617;0;Cel. Aparício Borges;Chapéu do Sol;50;50;0;0;50;0
1618;0;Cel. Aparício Borges;Chácara das Pedras;100;0;55;19;0;100
1619;0;Cel. Aparício Borges;Cidade Baixa;100;0;24;10;50;50
1620;0;Cel. Aparício Borges;Costa e Silva;0;0;0;0;0;0
1621;0;Cel. Aparício Borges;Cristal;250;50;114;39;50;200
1622;0;Cel. Aparício Borges;Cristo Redentor;50;0;32;8;0;50
1623;0;Cel. Aparício Borges;Espírito Santo;50;0;0;0;50;0
1624;0;Cel. Aparício Borges;Extrema;100;0;59;16;0;100
1625;0;Cel. Aparício Borges;Farrapos;50;0;26;14;0;50
1626;0;Cel. Aparício Borges;Farroupilha;0;0;0;0;0;0
1627;0;Cel. Aparício Borges;Floresta;100;0;64;19;0;100
1628;0;Cel. Aparício Borges;Glória;4700;500;2179;784;700;4000
1629;0;Cel. Aparício Borges;Guarujá;100;50;25;11;50;50
1630;0;Cel. Aparício Borges;Higienópolis;150;100;30;7;100;50
1631;0;Cel. Aparício Borges;Humaitá;200;50;89;17;50;150
1632;0;Cel. Aparício Borges;Hípica;150;0;97;20;0;150
1633;0;Cel. Aparício Borges;Independência;50;0;25;25;0;50
1634;0;Cel. Aparício Borges;Ipanema;0;0;0;0;0;0
1635;0;Cel. Aparício Borges;Jardim Botânico;1100;200;406;87;500;600
1636;0;Cel. Aparício Borges;Jardim Carvalho;377;0;135;37;127;250
1637;0;Cel. Aparício Borges;Jardim Europa;150;50;66;16;50;100
1638;0;Cel. Aparício Borges;Jardim Floresta;50;0;38;4;0;50
1639;0;Cel. Aparício Borges;Jardim Isabel;50;50;0;0;50;0
1640;0;Cel. Aparício Borges;Jardim Itú;150;0;25;10;100;50
1641;0;Cel. Aparício Borges;Jardim Leopoldina;50;0;30;8;0;50
1642;0;Cel. Aparício Borges;Jardim Lindóia;50;0;35;6;0;50
1643;0;Cel. Aparício Borges;Jardim Sabará;300;0;108;36;100;200
1644;0;Cel. Aparício Borges;Jardim São Pedro;50;0;29;5;0;50
1645;0;Cel. Aparício Borges;Jardim do Salso;750;150;334;102;150;600
1646;0;Cel. Aparício Borges;Lageado;50;0;24;9;0;50
1647;0;Cel. Aparício Borges;Lami;150;0;88;21;0;150
1648;0;Cel. Aparício Borges;Lomba do Pinheiro;250;50;94;9;100;150
1649;0;Cel. Aparício Borges;Medianeira;250;150;53;16;150;100
1650;0;Cel. Aparício Borges;Menino Deus;350;0;159;57;100;250
1651;0;Cel. Aparício Borges;Moinhos de Vento;100;0;56;30;0;100
1652;0;Cel. Aparício Borges;Mont'Serrat;100;0;31;4;50;50
1653;0;Cel. Aparício Borges;Morro Santana;150;100;30;12;100;50
1654;0;Cel. Aparício Borges;Mário Quintana;50;0;30;7;0;50
1655;0;Cel. Aparício Borges;Navegantes;0;0;0;0;0;0
1656;0;Cel. Aparício Borges;Nonoai;150;0;79;25;0;150
1657;0;Cel. Aparício Borges;Parque Santa Fé;50;0;29;8;0;50
1658;0;Cel. Aparício Borges;Partenon;1550;100;820;241;150;1400
1659;0;Cel. Aparício Borges;Passo D'Areia;50;0;50;0;50;0
1660;0;Cel. Aparício Borges;Passo das Pedras;150;0;56;21;50;100
1661;0;Cel. Aparício Borges;Pedra Redonda;0;0;0;0;0;0
1662;0;Cel. Aparício Borges;Petrópolis;400;0;221;106;0;400
1663;0;Cel. Aparício Borges;Pitinga;100;0;61;16;0;100
1664;0;Cel. Aparício Borges;Ponta Grossa;100;0;62;14;0;100
1665;0;Cel. Aparício Borges;Praia de Belas;50;50;0;0;50;0
1666;0;Cel. Aparício Borges;Restinga;200;50;81;29;50;150
1667;0;Cel. Aparício Borges;Rio Branco;100;50;28;5;50;50
1668;0;Cel. Aparício Borges;Rubem Berta;0;0;0;0;0;0
1669;0;Cel. Aparício Borges;Santa Cecília;300;0;166;52;0;300
1670;0;Cel. Aparício Borges;Santa Maria Goretti;100;0;71;7;0;100
1671;0;Cel. Aparício Borges;Santa Rosa de Lima;0;0;0;0;0;0
1672;0;Cel. Aparício Borges;Santa Tereza;2200;0;1219;409;50;2150
1673;0;Cel. Aparício Borges;Santana;150;50;79;8;100;50
1674;0;Cel. Aparício Borges;Santo Antônio;650;150;226;77;250;400
1675;0;Cel. Aparício Borges;Sarandi;400;100;58;20;300;100
1676;0;Cel. Aparício Borges;Serraria;100;0;29;10;50;50
1677;0;Cel. Aparício Borges;São Caetano;150;50;0;0;150;0
1678;0;Cel. Aparício Borges;São Geraldo;0;0;0;0;0;0
1679;0;Cel. Aparício Borges;São José;1950;900;261;86;1450;500
1680;0;Cel. Aparício Borges;São João;50;0;28;14;0;50
1681;0;Cel. Aparício Borges;São Sebastião;50;0;0;0;50;0
1682;0;Cel. Aparício Borges;Sétimo Céu;0;0;0;0;0;0
1683;0;Cel. Aparício Borges;Teresópolis;350;50;177;64;50;300
1684;0;Cel. Aparício Borges;Tristeza;50;0;30;18;0;50
1685;0;Cel. Aparício Borges;Três Figueiras;100;0;59;11;0;100
1686;0;Cel. Aparício Borges;Vila Assunção;50;0;26;5;0;50
1687;0;Cel. Aparício Borges;Vila Conceição;50;0;25;9;0;50
1688;0;Cel. Aparício Borges;Vila Ipiranga;100;0;57;21;0;100
1689;0;Cel. Aparício Borges;Vila Jardim;200;50;104;23;100;100
1690;0;Cel. Aparício Borges;Vila João Pessoa;4350;1200;1336;418;1950;2400
1691;0;Cel. Aparício Borges;Vila Nova;450;50;186;50;200;250
1692;0;Centro Histórico;Aberta dos Morros;200;50;91;34;50;150
1693;0;Centro Histórico;Agronomia;100;0;50;0;100;0
1694;0;Centro Histórico;Anchieta;150;100;37;8;100;50
1695;0;Centro Histórico;Arquipélago;750;0;384;106;100;650
1696;0;Centro Histórico;Auxiliadora;550;50;88;58;350;200
1697;0;Centro Histórico;Azenha;550;150;157;66;250;300
1698;0;Centro Histórico;Bela Vista;500;150;89;36;350;150
1699;0;Centro Histórico;Belém Novo;150;50;59;31;50;100
1700;0;Centro Histórico;Belém Velho;50;0;31;6;0;50
1701;0;Centro Histórico;Boa Vista;400;0;168;83;100;300
1702;0;Centro Histórico;Boa Vista do Sul;100;0;35;31;0;100
1703;0;Centro Histórico;Bom Fim;2500;200;903;358;1050;1450
1704;0;Centro Histórico;Bom Jesus;250;0;53;20;150;100
1705;0;Centro Histórico;Camaquã;200;0;79;46;50;150
1706;0;Centro Histórico;Campo Novo;50;50;0;0;50;0
1707;0;Centro Histórico;Cascata;100;0;25;7;50;50
1708;0;Centro Histórico;Cavalhada;200;0;119;54;0;200
1709;0;Centro Histórico;Cel. Aparício Borges;200;0;80;36;50;150
1710;0;Centro Histórico;Centro Histórico;19200;5000;1842;578;16900;2300
1711;0;Centro Histórico;Chapéu do Sol;50;0;31;17;0;50
1712;0;Centro Histórico;Chácara das Pedras;200;100;50;27;100;100
1713;0;Centro Histórico;Cidade Baixa;1800;200;620;243;750;1050
1714;0;Centro Histórico;Costa e Silva;300;50;168;42;100;200
1715;0;Centro Histórico;Cristal;250;100;63;20;150;100
1716;0;Centro Histórico;Cristo Redentor;150;100;0;0;150;0
1717;0;Centro Histórico;Espírito Santo;350;0;189;80;0;350
1718;0;Centro Histórico;Extrema;100;0;55;21;0;100
1719;0;Centro Histórico;Farrapos;50;0;27;9;0;50
1720;0;Centro Histórico;Farroupilha;11600;300;5718;2602;850;10750
1721;0;Centro Histórico;Floresta;650;100;137;60;400;250
1722;0;Centro Histórico;Glória;100;0;58;24;0;100
1723;0;Centro Histórico;Guarujá;0;0;0;0;0;0
1724;0;Centro Histórico;Higienópolis;700;0;319;137;150;550
1725;0;Centro Histórico;Humaitá;150;0;89;35;0;150
1726;0;Centro Histórico;Hípica;100;0;42;27;0;100
1727;0;Centro Histórico;Independência;1650;150;578;233;750;900
1728;0;Centro Histórico;Ipanema;200;100;57;20;100;100
1729;0;Centro Histórico;Jardim Botânico;400;50;182;79;50;350
1730;0;Centro Histórico;Jardim Carvalho;100;0;19;9;50;50
1731;0;Centro Histórico;Jardim Europa;200;0;94;49;0;200
1732;0;Centro Histórico;Jardim Floresta;150;50;24;9;100;50
1733;0;Centro Histórico;Jardim Isabel;0;0;0;0;0;0
1734;0;Centro Histórico;Jardim Itú;100;0;63;22;0;100
1735;0;Centro Histórico;Jardim Leopoldina;0;0;0;0;0;0
1736;0;Centro Histórico;Jardim Lindóia;0;0;0;0;0;0
1737;0;Centro Histórico;Jardim Sabará;150;0;56;26;50;100
1738;0;Centro Histórico;Jardim São Pedro;200;0;106;59;0;200
1739;0;Centro Histórico;Jardim do Salso;150;0;58;34;50;100
1740;0;Centro Histórico;Lageado;200;100;27;6;150;50
1741;0;Centro Histórico;Lami;250;0;80;36;100;150
1742;0;Centro Histórico;Lomba do Pinheiro;150;0;81;25;0;150
1743;0;Centro Histórico;Medianeira;350;100;72;44;200;150
1744;0;Centro Histórico;Menino Deus;1650;350;350;140;1150;500
1745;0;Centro Histórico;Moinhos de Vento;2400;150;1036;545;300;2100
1746;0;Centro Histórico;Mont'Serrat;450;100;117;82;200;250
1747;0;Centro Histórico;Morro Santana;150;50;53;21;50;100
1748;0;Centro Histórico;Mário Quintana;300;100;50;18;200;100
1749;0;Centro Histórico;Navegantes;250;0;146;56;0;250
1750;0;Centro Histórico;Nonoai;150;0;40;31;50;100
1751;0;Centro Histórico;Parque Santa Fé;50;0;0;0;50;0
1752;0;Centro Histórico;Partenon;450;0;222;95;50;400
1753;0;Centro Histórico;Passo D'Areia;450;50;200;77;50;400
1754;0;Centro Histórico;Passo das Pedras;200;50;60;20;100;100
1755;0;Centro Histórico;Pedra Redonda;0;0;0;0;0;0
1756;0;Centro Histórico;Petrópolis;350;50;67;28;250;100
1757;0;Centro Histórico;Pitinga;50;0;32;12;0;50
1758;0;Centro Histórico;Ponta Grossa;150;50;23;12;100;50
1759;0;Centro Histórico;Praia de Belas;1250;200;488;238;300;950
1760;0;Centro Histórico;Restinga;300;50;142;36;150;150
1761;0;Centro Histórico;Rio Branco;1450;50;613;313;250;1200
1762;0;Centro Histórico;Rubem Berta;0;0;0;0;0;0
1763;0;Centro Histórico;Santa Cecília;450;50;24;18;400;50
1764;0;Centro Histórico;Santa Maria Goretti;200;100;49;31;100;100
1765;0;Centro Histórico;Santa Rosa de Lima;50;0;27;12;0;50
1766;0;Centro Histórico;Santa Tereza;600;50;234;89;150;450
1767;0;Centro Histórico;Santana;900;0;212;103;500;400
1768;0;Centro Histórico;Santo Antônio;650;0;268;136;100;550
1769;0;Centro Histórico;Sarandi;250;50;110;47;50;200
1770;0;Centro Histórico;Serraria;200;50;99;30;50;150
1771;0;Centro Histórico;São Caetano;250;0;137;42;100;150
1772;0;Centro Histórico;São Geraldo;300;50;54;20;200;100
1773;0;Centro Histórico;São José;100;50;0;0;100;0
1774;0;Centro Histórico;São João;366;0;128;56;166;200
1775;0;Centro Histórico;São Sebastião;250;50;58;23;150;100
1776;0;Centro Histórico;Sétimo Céu;50;0;0;0;50;0
1777;0;Centro Histórico;Teresópolis;150;0;52;28;50;100
1778;0;Centro Histórico;Tristeza;200;0;114;51;0;200
1779;0;Centro Histórico;Três Figueiras;500;50;173;76;150;350
1780;0;Centro Histórico;Vila Assunção;100;0;40;25;0;100
1781;0;Centro Histórico;Vila Conceição;150;0;56;18;50;100
1782;0;Centro Histórico;Vila Ipiranga;150;0;86;30;0;150
1783;0;Centro Histórico;Vila Jardim;300;50;121;30;100;200
1784;0;Centro Histórico;Vila João Pessoa;50;0;19;15;0;50
1785;0;Centro Histórico;Vila Nova;250;100;51;22;150;100
1786;0;Chapéu do Sol;Aberta dos Morros;0;0;0;0;0;0
1787;0;Chapéu do Sol;Agronomia;0;0;0;0;0;0
1788;0;Chapéu do Sol;Anchieta;0;0;0;0;0;0
1789;0;Chapéu do Sol;Arquipélago;0;0;0;0;0;0
1790;0;Chapéu do Sol;Auxiliadora;50;0;0;0;50;0
1791;0;Chapéu do Sol;Azenha;100;0;0;0;100;0
1792;0;Chapéu do Sol;Bela Vista;150;50;53;24;50;100
1793;0;Chapéu do Sol;Belém Novo;350;0;194;78;0;350
1794;0;Chapéu do Sol;Belém Velho;100;50;0;0;100;0
1795;0;Chapéu do Sol;Boa Vista;0;0;0;0;0;0
1796;0;Chapéu do Sol;Boa Vista do Sul;0;0;0;0;0;0
1797;0;Chapéu do Sol;Bom Fim;100;0;0;0;100;0
1798;0;Chapéu do Sol;Bom Jesus;100;50;37;9;50;50
1799;0;Chapéu do Sol;Camaquã;50;0;0;0;50;0
1800;0;Chapéu do Sol;Campo Novo;50;0;32;5;0;50
1801;0;Chapéu do Sol;Cascata;0;0;0;0;0;0
1802;0;Chapéu do Sol;Cavalhada;50;0;25;10;0;50
1803;0;Chapéu do Sol;Cel. Aparício Borges;50;50;0;0;50;0
1804;0;Chapéu do Sol;Centro Histórico;50;0;31;17;0;50
1805;0;Chapéu do Sol;Chapéu do Sol;1200;100;500;140;300;900
1806;0;Chapéu do Sol;Chácara das Pedras;50;0;32;18;0;50
1807;0;Chapéu do Sol;Cidade Baixa;50;0;0;0;50;0
1808;0;Chapéu do Sol;Costa e Silva;50;0;34;4;0;50
1809;0;Chapéu do Sol;Cristal;0;0;0;0;0;0
1810;0;Chapéu do Sol;Cristo Redentor;0;0;0;0;0;0
1811;0;Chapéu do Sol;Espírito Santo;50;0;28;8;0;50
1812;0;Chapéu do Sol;Extrema;0;0;0;0;0;0
1813;0;Chapéu do Sol;Farrapos;50;0;26;10;0;50
1814;0;Chapéu do Sol;Farroupilha;0;0;0;0;0;0
1815;0;Chapéu do Sol;Floresta;50;0;30;18;0;50
1816;0;Chapéu do Sol;Glória;50;0;22;13;0;50
1817;0;Chapéu do Sol;Guarujá;50;50;0;0;50;0
1818;0;Chapéu do Sol;Higienópolis;150;0;95;33;0;150
1819;0;Chapéu do Sol;Humaitá;50;0;31;7;0;50
1820;0;Chapéu do Sol;Hípica;5300;1000;2127;489;2200;3100
1821;0;Chapéu do Sol;Independência;0;0;0;0;0;0
1822;0;Chapéu do Sol;Ipanema;50;50;0;0;50;0
1823;0;Chapéu do Sol;Jardim Botânico;50;0;0;0;50;0
1824;0;Chapéu do Sol;Jardim Carvalho;250;100;86;33;100;150
1825;0;Chapéu do Sol;Jardim Europa;0;0;0;0;0;0
1826;0;Chapéu do Sol;Jardim Floresta;0;0;0;0;0;0
1827;0;Chapéu do Sol;Jardim Isabel;50;0;30;4;0;50
1828;0;Chapéu do Sol;Jardim Itú;0;0;0;0;0;0
1829;0;Chapéu do Sol;Jardim Leopoldina;100;50;0;0;100;0
1830;0;Chapéu do Sol;Jardim Lindóia;0;0;0;0;0;0
1831;0;Chapéu do Sol;Jardim Sabará;100;0;57;29;0;100
1832;0;Chapéu do Sol;Jardim São Pedro;0;0;0;0;0;0
1833;0;Chapéu do Sol;Jardim do Salso;50;0;24;10;0;50
1834;0;Chapéu do Sol;Lageado;450;50;239;58;50;400
1835;0;Chapéu do Sol;Lami;100;0;52;13;0;100
1836;0;Chapéu do Sol;Lomba do Pinheiro;500;100;178;26;300;200
1837;0;Chapéu do Sol;Medianeira;0;0;0;0;0;0
1838;0;Chapéu do Sol;Menino Deus;150;100;28;12;100;50
1839;0;Chapéu do Sol;Moinhos de Vento;50;0;24;13;0;50
1840;0;Chapéu do Sol;Mont'Serrat;0;0;0;0;0;0
1841;0;Chapéu do Sol;Morro Santana;50;0;36;3;0;50
1842;0;Chapéu do Sol;Mário Quintana;50;0;38;5;0;50
1843;0;Chapéu do Sol;Navegantes;0;0;0;0;0;0
1844;0;Chapéu do Sol;Nonoai;200;150;35;7;150;50
1845;0;Chapéu do Sol;Parque Santa Fé;100;50;24;12;50;50
1846;0;Chapéu do Sol;Partenon;100;0;26;17;50;50
1847;0;Chapéu do Sol;Passo D'Areia;50;0;24;17;0;50
1848;0;Chapéu do Sol;Passo das Pedras;50;0;30;12;0;50
1849;0;Chapéu do Sol;Pedra Redonda;50;50;0;0;50;0
1850;0;Chapéu do Sol;Petrópolis;100;0;62;24;0;100
1851;0;Chapéu do Sol;Pitinga;0;0;0;0;0;0
1852;0;Chapéu do Sol;Ponta Grossa;200;0;121;23;0;200
1853;0;Chapéu do Sol;Praia de Belas;0;0;0;0;0;0
1854;0;Chapéu do Sol;Restinga;3850;150;2046;542;300;3550
1855;0;Chapéu do Sol;Rio Branco;250;100;85;45;100;150
1856;0;Chapéu do Sol;Rubem Berta;100;0;51;41;0;100
1857;0;Chapéu do Sol;Santa Cecília;0;0;0;0;0;0
1858;0;Chapéu do Sol;Santa Maria Goretti;0;0;0;0;0;0
1859;0;Chapéu do Sol;Santa Rosa de Lima;150;0;86;26;0;150
1860;0;Chapéu do Sol;Santa Tereza;100;50;0;0;100;0
1861;0;Chapéu do Sol;Santana;150;0;52;34;50;100
1862;0;Chapéu do Sol;Santo Antônio;50;50;0;0;50;0
1863;0;Chapéu do Sol;Sarandi;100;0;55;28;0;100
1864;0;Chapéu do Sol;Serraria;100;0;61;14;0;100
1865;0;Chapéu do Sol;São Caetano;0;0;0;0;0;0
1866;0;Chapéu do Sol;São Geraldo;0;0;0;0;0;0
1867;0;Chapéu do Sol;São José;50;0;26;9;0;50
1868;0;Chapéu do Sol;São João;0;0;0;0;0;0
1869;0;Chapéu do Sol;São Sebastião;0;0;0;0;0;0
1870;0;Chapéu do Sol;Sétimo Céu;0;0;0;0;0;0
1871;0;Chapéu do Sol;Teresópolis;150;50;33;7;100;50
1872;0;Chapéu do Sol;Tristeza;100;50;29;14;50;50
1873;0;Chapéu do Sol;Três Figueiras;50;0;27;7;0;50
1874;0;Chapéu do Sol;Vila Assunção;0;0;0;0;0;0
1875;0;Chapéu do Sol;Vila Conceição;0;0;0;0;0;0
1876;0;Chapéu do Sol;Vila Ipiranga;100;0;58;16;0;100
1877;0;Chapéu do Sol;Vila Jardim;0;0;0;0;0;0
1878;0;Chapéu do Sol;Vila João Pessoa;0;0;0;0;0;0
1879;0;Chapéu do Sol;Vila Nova;150;50;62;24;50;100
1880;0;Chácara das Pedras;Aberta dos Morros;0;0;0;0;0;0
1881;0;Chácara das Pedras;Agronomia;50;50;0;0;50;0
1882;0;Chácara das Pedras;Anchieta;100;50;28;15;50;50
1883;0;Chácara das Pedras;Arquipélago;50;0;24;7;0;50
1884;0;Chácara das Pedras;Auxiliadora;350;50;168;82;50;300
1885;0;Chácara das Pedras;Azenha;50;0;29;12;0;50
1886;0;Chácara das Pedras;Bela Vista;100;0;23;12;50;50
1887;0;Chácara das Pedras;Belém Novo;50;0;21;17;0;50
1888;0;Chácara das Pedras;Belém Velho;0;0;0;0;0;0
1889;0;Chácara das Pedras;Boa Vista;350;100;87;35;200;150
1890;0;Chácara das Pedras;Boa Vista do Sul;50;0;23;19;0;50
1891;0;Chácara das Pedras;Bom Fim;100;0;39;9;50;50
1892;0;Chácara das Pedras;Bom Jesus;1700;150;866;282;250;1450
1893;0;Chácara das Pedras;Camaquã;0;0;0;0;0;0
1894;0;Chácara das Pedras;Campo Novo;0;0;0;0;0;0
1895;0;Chácara das Pedras;Cascata;200;50;94;15;50;150
1896;0;Chácara das Pedras;Cavalhada;100;50;23;16;50;50
1897;0;Chácara das Pedras;Cel. Aparício Borges;100;0;55;19;0;100
1898;0;Chácara das Pedras;Centro Histórico;200;100;50;27;100;100
1899;0;Chácara das Pedras;Chapéu do Sol;50;0;32;18;0;50
1900;0;Chácara das Pedras;Chácara das Pedras;4500;200;2408;1122;300;4200
1901;0;Chácara das Pedras;Cidade Baixa;50;0;0;0;50;0
1902;0;Chácara das Pedras;Costa e Silva;100;50;33;9;50;50
1903;0;Chácara das Pedras;Cristal;200;150;29;9;150;50
1904;0;Chácara das Pedras;Cristo Redentor;300;50;101;30;150;150
1905;0;Chácara das Pedras;Espírito Santo;50;50;0;0;50;0
1906;0;Chácara das Pedras;Extrema;0;0;0;0;0;0
1907;0;Chácara das Pedras;Farrapos;50;0;35;6;0;50
1908;0;Chácara das Pedras;Farroupilha;0;0;0;0;0;0
1909;0;Chácara das Pedras;Floresta;50;0;32;9;0;50
1910;0;Chácara das Pedras;Glória;50;0;29;6;0;50
1911;0;Chácara das Pedras;Guarujá;50;0;31;13;0;50
1912;0;Chácara das Pedras;Higienópolis;100;50;36;8;50;50
1913;0;Chácara das Pedras;Humaitá;100;0;27;13;50;50
1914;0;Chácara das Pedras;Hípica;50;50;0;0;50;0
1915;0;Chácara das Pedras;Independência;50;0;18;16;0;50
1916;0;Chácara das Pedras;Ipanema;50;50;0;0;50;0
1917;0;Chácara das Pedras;Jardim Botânico;150;0;83;46;0;150
1918;0;Chácara das Pedras;Jardim Carvalho;250;0;156;41;0;250
1919;0;Chácara das Pedras;Jardim Europa;400;250;84;15;350;50
1920;0;Chácara das Pedras;Jardim Floresta;0;0;0;0;0;0
1921;0;Chácara das Pedras;Jardim Isabel;0;0;0;0;0;0
1922;0;Chácara das Pedras;Jardim Itú;300;50;117;50;100;200
1923;0;Chácara das Pedras;Jardim Leopoldina;350;0;218;74;0;350
1924;0;Chácara das Pedras;Jardim Lindóia;50;0;28;17;0;50
1925;0;Chácara das Pedras;Jardim Sabará;750;50;335;156;100;650
1926;0;Chácara das Pedras;Jardim São Pedro;50;0;24;16;0;50
1927;0;Chácara das Pedras;Jardim do Salso;350;0;151;92;50;300
1928;0;Chácara das Pedras;Lageado;0;0;0;0;0;0
1929;0;Chácara das Pedras;Lami;50;0;0;0;50;0
1930;0;Chácara das Pedras;Lomba do Pinheiro;200;0;69;13;100;100
1931;0;Chácara das Pedras;Medianeira;0;0;0;0;0;0
1932;0;Chácara das Pedras;Menino Deus;250;0;151;74;0;250
1933;0;Chácara das Pedras;Moinhos de Vento;100;50;26;23;50;50
1934;0;Chácara das Pedras;Mont'Serrat;100;0;51;30;0;100
1935;0;Chácara das Pedras;Morro Santana;200;0;84;36;50;150
1936;0;Chácara das Pedras;Mário Quintana;300;50;63;9;200;100
1937;0;Chácara das Pedras;Navegantes;50;0;50;0;50;0
1938;0;Chácara das Pedras;Nonoai;100;50;0;0;100;0
1939;0;Chácara das Pedras;Parque Santa Fé;0;0;0;0;0;0
1940;0;Chácara das Pedras;Partenon;200;0;121;47;0;200
1941;0;Chácara das Pedras;Passo D'Areia;800;300;100;105;550;250
1942;0;Chácara das Pedras;Passo das Pedras;150;0;87;26;0;150
1943;0;Chácara das Pedras;Pedra Redonda;0;0;0;0;0;0
1944;0;Chácara das Pedras;Petrópolis;900;100;337;136;400;500
1945;0;Chácara das Pedras;Pitinga;0;0;0;0;0;0
1946;0;Chácara das Pedras;Ponta Grossa;50;0;28;13;0;50
1947;0;Chácara das Pedras;Praia de Belas;50;0;22;17;0;50
1948;0;Chácara das Pedras;Restinga;100;50;25;8;50;50
1949;0;Chácara das Pedras;Rio Branco;250;50;87;46;100;150
1950;0;Chácara das Pedras;Rubem Berta;0;0;0;0;0;0
1951;0;Chácara das Pedras;Santa Cecília;100;0;25;14;50;50
1952;0;Chácara das Pedras;Santa Maria Goretti;0;0;0;0;0;0
1953;0;Chácara das Pedras;Santa Rosa de Lima;150;50;66;17;50;100
1954;0;Chácara das Pedras;Santa Tereza;300;150;32;8;250;50
1955;0;Chácara das Pedras;Santana;150;0;70;48;0;150
1956;0;Chácara das Pedras;Santo Antônio;50;0;0;0;50;0
1957;0;Chácara das Pedras;Sarandi;750;100;221;107;350;400
1958;0;Chácara das Pedras;Serraria;0;0;0;0;0;0
1959;0;Chácara das Pedras;São Caetano;0;0;0;0;0;0
1960;0;Chácara das Pedras;São Geraldo;50;50;0;0;50;0
1961;0;Chácara das Pedras;São José;250;0;147;43;0;250
1962;0;Chácara das Pedras;São João;50;0;33;12;0;50
1963;0;Chácara das Pedras;São Sebastião;100;0;56;10;0;100
1964;0;Chácara das Pedras;Sétimo Céu;0;0;0;0;0;0
1965;0;Chácara das Pedras;Teresópolis;100;0;57;26;0;100
1966;0;Chácara das Pedras;Tristeza;50;0;22;14;0;50
1967;0;Chácara das Pedras;Três Figueiras;628;300;25;14;578;50
1968;0;Chácara das Pedras;Vila Assunção;50;0;26;11;0;50
1969;0;Chácara das Pedras;Vila Conceição;50;0;27;8;0;50
1970;0;Chácara das Pedras;Vila Ipiranga;650;100;119;55;450;200
1971;0;Chácara das Pedras;Vila Jardim;1800;400;328;152;1250;550
1972;0;Chácara das Pedras;Vila João Pessoa;400;0;166;80;100;300
1973;0;Chácara das Pedras;Vila Nova;50;0;34;10;0;50
1974;0;Cidade Baixa;Aberta dos Morros;100;0;31;3;50;50
1975;0;Cidade Baixa;Agronomia;0;0;0;0;0;0
1976;0;Cidade Baixa;Anchieta;0;0;0;0;0;0
1977;0;Cidade Baixa;Arquipélago;250;200;29;4;200;50
1978;0;Cidade Baixa;Auxiliadora;350;100;118;35;150;200
1979;0;Cidade Baixa;Azenha;700;100;220;110;250;450
1980;0;Cidade Baixa;Bela Vista;350;50;75;33;200;150
1981;0;Cidade Baixa;Belém Novo;150;0;74;35;0;150
1982;0;Cidade Baixa;Belém Velho;100;0;68;22;0;100
1983;0;Cidade Baixa;Boa Vista;100;0;34;24;0;100
1984;0;Cidade Baixa;Boa Vista do Sul;50;0;0;0;50;0
1985;0;Cidade Baixa;Bom Fim;1550;0;542;302;450;1100
1986;0;Cidade Baixa;Bom Jesus;150;0;28;18;100;50
1987;0;Cidade Baixa;Camaquã;50;0;27;15;0;50
1988;0;Cidade Baixa;Campo Novo;50;0;0;0;50;0
1989;0;Cidade Baixa;Cascata;200;0;125;40;0;200
1990;0;Cidade Baixa;Cavalhada;150;100;0;0;150;0
1991;0;Cidade Baixa;Cel. Aparício Borges;100;0;24;10;50;50
1992;0;Cidade Baixa;Centro Histórico;1800;200;620;243;750;1050
1993;0;Cidade Baixa;Chapéu do Sol;50;0;0;0;50;0
1994;0;Cidade Baixa;Chácara das Pedras;50;0;0;0;50;0
1995;0;Cidade Baixa;Cidade Baixa;7900;0;4084;1916;0;7900
1996;0;Cidade Baixa;Costa e Silva;0;0;0;0;0;0
1997;0;Cidade Baixa;Cristal;450;100;102;48;250;200
1998;0;Cidade Baixa;Cristo Redentor;150;0;26;13;100;50
1999;0;Cidade Baixa;Espírito Santo;0;0;0;0;0;0
2000;0;Cidade Baixa;Extrema;150;50;25;11;100;50
2001;0;Cidade Baixa;Farrapos;0;0;0;0;0;0
2002;0;Cidade Baixa;Farroupilha;3800;750;436;194;2950;850
2003;0;Cidade Baixa;Floresta;150;50;0;0;150;0
2004;0;Cidade Baixa;Glória;50;0;21;9;0;50
2005;0;Cidade Baixa;Guarujá;50;0;24;14;0;50
2006;0;Cidade Baixa;Higienópolis;250;0;117;52;50;200
2007;0;Cidade Baixa;Humaitá;50;0;22;7;0;50
2008;0;Cidade Baixa;Hípica;100;0;62;13;0;100
2009;0;Cidade Baixa;Independência;1200;50;447;267;300;900
2010;0;Cidade Baixa;Ipanema;300;50;141;63;50;250
2011;0;Cidade Baixa;Jardim Botânico;100;0;60;18;0;100
2012;0;Cidade Baixa;Jardim Carvalho;100;0;71;11;0;100
2013;0;Cidade Baixa;Jardim Europa;100;0;51;27;0;100
2014;0;Cidade Baixa;Jardim Floresta;0;0;0;0;0;0
2015;0;Cidade Baixa;Jardim Isabel;0;0;0;0;0;0
2016;0;Cidade Baixa;Jardim Itú;350;100;179;35;150;200
2017;0;Cidade Baixa;Jardim Leopoldina;0;0;0;0;0;0
2018;0;Cidade Baixa;Jardim Lindóia;150;0;64;26;50;100
2019;0;Cidade Baixa;Jardim Sabará;0;0;0;0;0;0
2020;0;Cidade Baixa;Jardim São Pedro;50;0;34;11;0;50
2021;0;Cidade Baixa;Jardim do Salso;50;0;35;11;0;50
2022;0;Cidade Baixa;Lageado;0;0;0;0;0;0
2023;0;Cidade Baixa;Lami;0;0;0;0;0;0
2024;0;Cidade Baixa;Lomba do Pinheiro;50;0;28;7;0;50
2025;0;Cidade Baixa;Medianeira;300;0;78;41;150;150
2026;0;Cidade Baixa;Menino Deus;11350;1000;4958;2535;2350;9000
2027;0;Cidade Baixa;Moinhos de Vento;450;150;51;29;350;100
2028;0;Cidade Baixa;Mont'Serrat;300;50;102;54;100;200
2029;0;Cidade Baixa;Morro Santana;100;0;55;15;0;100
2030;0;Cidade Baixa;Mário Quintana;200;0;124;32;0;200
2031;0;Cidade Baixa;Navegantes;50;0;0;0;50;0
2032;0;Cidade Baixa;Nonoai;150;50;27;11;100;50
2033;0;Cidade Baixa;Parque Santa Fé;50;0;0;0;50;0
2034;0;Cidade Baixa;Partenon;850;100;358;150;200;650
2035;0;Cidade Baixa;Passo D'Areia;150;0;50;24;50;100
2036;0;Cidade Baixa;Passo das Pedras;150;0;87;29;0;150
2037;0;Cidade Baixa;Pedra Redonda;50;50;0;0;50;0
2038;0;Cidade Baixa;Petrópolis;300;100;101;38;150;150
2039;0;Cidade Baixa;Pitinga;150;50;23;12;100;50
2040;0;Cidade Baixa;Ponta Grossa;100;0;34;12;50;50
2041;0;Cidade Baixa;Praia de Belas;1192;50;501;219;292;900
2042;0;Cidade Baixa;Restinga;100;0;0;0;100;0
2043;0;Cidade Baixa;Rio Branco;550;50;276;102;150;400
2044;0;Cidade Baixa;Rubem Berta;200;0;44;39;100;100
2045;0;Cidade Baixa;Santa Cecília;150;0;94;29;0;150
2046;0;Cidade Baixa;Santa Maria Goretti;100;0;56;24;0;100
2047;0;Cidade Baixa;Santa Rosa de Lima;0;0;0;0;0;0
2048;0;Cidade Baixa;Santa Tereza;600;0;205;69;200;400
2049;0;Cidade Baixa;Santana;7150;400;3444;1831;650;6500
2050;0;Cidade Baixa;Santo Antônio;400;50;150;61;150;250
2051;0;Cidade Baixa;Sarandi;350;150;25;15;300;50
2052;0;Cidade Baixa;Serraria;100;50;0;0;100;0
2053;0;Cidade Baixa;São Caetano;100;50;29;13;50;50
2054;0;Cidade Baixa;São Geraldo;226;0;32;11;176;50
2055;0;Cidade Baixa;São José;50;50;0;0;50;0
2056;0;Cidade Baixa;São João;100;0;54;23;0;100
2057;0;Cidade Baixa;São Sebastião;0;0;0;0;0;0
2058;0;Cidade Baixa;Sétimo Céu;0;0;0;0;0;0
2059;0;Cidade Baixa;Teresópolis;250;0;114;51;50;200
2060;0;Cidade Baixa;Tristeza;200;0;86;38;50;150
2061;0;Cidade Baixa;Três Figueiras;200;50;80;31;50;150
2062;0;Cidade Baixa;Vila Assunção;0;0;0;0;0;0
2063;0;Cidade Baixa;Vila Conceição;0;0;0;0;0;0
2064;0;Cidade Baixa;Vila Ipiranga;150;50;30;8;100;50
2065;0;Cidade Baixa;Vila Jardim;150;0;65;35;0;150
2066;0;Cidade Baixa;Vila João Pessoa;150;50;30;8;100;50
2067;0;Cidade Baixa;Vila Nova;250;50;123;40;50;200
2068;0;Costa e Silva;Aberta dos Morros;100;0;69;14;0;100
2069;0;Costa e Silva;Agronomia;50;0;28;8;0;50
2070;0;Costa e Silva;Anchieta;150;50;31;9;100;50
2071;0;Costa e Silva;Arquipélago;150;0;53;22;50;100
2072;0;Costa e Silva;Auxiliadora;100;0;30;10;50;50
2073;0;Costa e Silva;Azenha;150;50;56;16;50;100
2074;0;Costa e Silva;Bela Vista;50;0;36;12;0;50
2075;0;Costa e Silva;Belém Novo;0;0;0;0;0;0
2076;0;Costa e Silva;Belém Velho;0;0;0;0;0;0
2077;0;Costa e Silva;Boa Vista;100;0;54;19;0;100
2078;0;Costa e Silva;Boa Vista do Sul;50;50;0;0;50;0
2079;0;Costa e Silva;Bom Fim;100;50;0;0;100;0
2080;0;Costa e Silva;Bom Jesus;200;200;0;0;200;0
2081;0;Costa e Silva;Camaquã;250;50;83;25;100;150
2082;0;Costa e Silva;Campo Novo;50;0;32;6;0;50
2083;0;Costa e Silva;Cascata;100;50;0;0;100;0
2084;0;Costa e Silva;Cavalhada;150;100;35;9;100;50
2085;0;Costa e Silva;Cel. Aparício Borges;0;0;0;0;0;0
2086;0;Costa e Silva;Centro Histórico;300;50;168;42;100;200
2087;0;Costa e Silva;Chapéu do Sol;50;0;34;4;0;50
2088;0;Costa e Silva;Chácara das Pedras;100;50;33;9;50;50
2089;0;Costa e Silva;Cidade Baixa;0;0;0;0;0;0
2090;0;Costa e Silva;Costa e Silva;4600;1000;1760;314;2000;2600
2091;0;Costa e Silva;Cristal;300;0;169;39;50;250
2092;0;Costa e Silva;Cristo Redentor;400;50;118;29;200;200
2093;0;Costa e Silva;Espírito Santo;50;0;34;7;0;50
2094;0;Costa e Silva;Extrema;100;0;58;9;0;100
2095;0;Costa e Silva;Farrapos;150;0;102;34;0;150
2096;0;Costa e Silva;Farroupilha;0;0;0;0;0;0
2097;0;Costa e Silva;Floresta;150;50;84;2;100;50
2098;0;Costa e Silva;Glória;150;0;64;8;50;100
2099;0;Costa e Silva;Guarujá;0;0;0;0;0;0
2100;0;Costa e Silva;Higienópolis;50;0;33;5;0;50
2101;0;Costa e Silva;Humaitá;200;50;68;18;100;100
2102;0;Costa e Silva;Hípica;0;0;0;0;0;0
2103;0;Costa e Silva;Independência;100;0;30;7;50;50
2104;0;Costa e Silva;Ipanema;0;0;0;0;0;0
2105;0;Costa e Silva;Jardim Botânico;0;0;0;0;0;0
2106;0;Costa e Silva;Jardim Carvalho;150;0;68;12;50;100
2107;0;Costa e Silva;Jardim Europa;50;0;32;5;0;50
2108;0;Costa e Silva;Jardim Floresta;100;50;29;5;50;50
2109;0;Costa e Silva;Jardim Isabel;50;0;31;8;0;50
2110;0;Costa e Silva;Jardim Itú;950;100;306;90;450;500
2111;0;Costa e Silva;Jardim Leopoldina;4350;200;2296;662;650;3700
2112;0;Costa e Silva;Jardim Lindóia;500;100;219;69;150;350
2113;0;Costa e Silva;Jardim Sabará;150;50;28;4;100;50
2114;0;Costa e Silva;Jardim São Pedro;150;100;33;9;100;50
2115;0;Costa e Silva;Jardim do Salso;100;50;0;0;100;0
2116;0;Costa e Silva;Lageado;0;0;0;0;0;0
2117;0;Costa e Silva;Lami;100;0;29;13;50;50
2118;0;Costa e Silva;Lomba do Pinheiro;150;0;30;8;100;50
2119;0;Costa e Silva;Medianeira;100;50;31;8;50;50
2120;0;Costa e Silva;Menino Deus;200;0;116;47;0;200
2121;0;Costa e Silva;Moinhos de Vento;50;0;0;0;50;0
2122;0;Costa e Silva;Mont'Serrat;100;0;54;16;0;100
2123;0;Costa e Silva;Morro Santana;300;0;125;36;100;200
2124;0;Costa e Silva;Mário Quintana;550;200;150;32;300;250
2125;0;Costa e Silva;Navegantes;50;0;24;13;0;50
2126;0;Costa e Silva;Nonoai;100;100;0;0;100;0
2127;0;Costa e Silva;Parque Santa Fé;2600;700;796;141;1600;1000
2128;0;Costa e Silva;Partenon;50;50;0;0;50;0
2129;0;Costa e Silva;Passo D'Areia;150;0;80;29;0;150
2130;0;Costa e Silva;Passo das Pedras;2400;600;1073;276;800;1600
2131;0;Costa e Silva;Pedra Redonda;0;0;0;0;0;0
2132;0;Costa e Silva;Petrópolis;300;50;140;54;50;250
2133;0;Costa e Silva;Pitinga;0;0;0;0;0;0
2134;0;Costa e Silva;Ponta Grossa;150;0;66;18;50;100
2135;0;Costa e Silva;Praia de Belas;100;0;81;4;50;50
2136;0;Costa e Silva;Restinga;200;100;62;9;100;100
2137;0;Costa e Silva;Rio Branco;50;0;28;11;0;50
2138;0;Costa e Silva;Rubem Berta;2750;650;910;463;1200;1550
2139;0;Costa e Silva;Santa Cecília;0;0;0;0;0;0
2140;0;Costa e Silva;Santa Maria Goretti;50;0;39;7;0;50
2141;0;Costa e Silva;Santa Rosa de Lima;1700;400;611;152;800;900
2142;0;Costa e Silva;Santa Tereza;200;50;34;10;150;50
2143;0;Costa e Silva;Santana;200;50;92;30;50;150
2144;0;Costa e Silva;Santo Antônio;50;0;0;0;50;0
2145;0;Costa e Silva;Sarandi;1100;100;543;204;200;900
2146;0;Costa e Silva;Serraria;0;0;0;0;0;0
2147;0;Costa e Silva;São Caetano;0;0;0;0;0;0
2148;0;Costa e Silva;São Geraldo;50;0;0;0;50;0
2149;0;Costa e Silva;São José;0;0;0;0;0;0
2150;0;Costa e Silva;São João;50;50;0;0;50;0
2151;0;Costa e Silva;São Sebastião;600;100;205;56;250;350
2152;0;Costa e Silva;Sétimo Céu;0;0;0;0;0;0
2153;0;Costa e Silva;Teresópolis;150;100;0;0;150;0
2154;0;Costa e Silva;Tristeza;150;50;67;29;50;100
2155;0;Costa e Silva;Três Figueiras;100;50;23;6;50;50
2156;0;Costa e Silva;Vila Assunção;50;0;32;12;0;50
2157;0;Costa e Silva;Vila Conceição;100;0;30;9;50;50
2158;0;Costa e Silva;Vila Ipiranga;400;50;201;39;100;300
2159;0;Costa e Silva;Vila Jardim;150;0;69;20;50;100
2160;0;Costa e Silva;Vila João Pessoa;150;0;88;25;0;150
2161;0;Costa e Silva;Vila Nova;150;100;31;7;100;50
2162;0;Cristal;Aberta dos Morros;100;50;27;8;50;50
2163;0;Cristal;Agronomia;0;0;0;0;0;0
2164;0;Cristal;Anchieta;50;0;26;15;0;50
2165;0;Cristal;Arquipélago;250;50;55;19;150;100
2166;0;Cristal;Auxiliadora;250;50;116;37;50;200
2167;0;Cristal;Azenha;600;50;200;67;250;350
2168;0;Cristal;Bela Vista;150;0;56;23;50;100
2169;0;Cristal;Belém Novo;50;0;25;15;0;50
2170;0;Cristal;Belém Velho;150;0;35;10;100;50
2171;0;Cristal;Boa Vista;150;0;92;23;0;150
2172;0;Cristal;Boa Vista do Sul;150;50;0;0;150;0
2173;0;Cristal;Bom Fim;200;50;43;28;100;100
2174;0;Cristal;Bom Jesus;250;50;82;31;100;150
2175;0;Cristal;Camaquã;3250;600;1266;370;1200;2050
2176;0;Cristal;Campo Novo;150;50;48;20;50;100
2177;0;Cristal;Cascata;0;0;0;0;0;0
2178;0;Cristal;Cavalhada;9100;400;4945;1668;450;8650
2179;0;Cristal;Cel. Aparício Borges;250;50;114;39;50;200
2180;0;Cristal;Centro Histórico;250;100;63;20;150;100
2181;0;Cristal;Chapéu do Sol;0;0;0;0;0;0
2182;0;Cristal;Chácara das Pedras;200;150;29;9;150;50
2183;0;Cristal;Cidade Baixa;450;100;102;48;250;200
2184;0;Cristal;Costa e Silva;300;0;169;39;50;250
2185;0;Cristal;Cristal;7000;1600;2864;914;2300;4700
2186;0;Cristal;Cristo Redentor;200;50;25;11;150;50
2187;0;Cristal;Espírito Santo;100;0;57;26;0;100
2188;0;Cristal;Extrema;100;0;25;12;50;50
2189;0;Cristal;Farrapos;100;0;0;0;100;0
2190;0;Cristal;Farroupilha;250;50;74;30;100;150
2191;0;Cristal;Floresta;50;50;0;0;50;0
2192;0;Cristal;Glória;150;0;60;20;50;100
2193;0;Cristal;Guarujá;0;0;0;0;0;0
2194;0;Cristal;Higienópolis;150;50;30;9;100;50
2195;0;Cristal;Humaitá;250;0;144;54;0;250
2196;0;Cristal;Hípica;200;0;98;23;50;150
2197;0;Cristal;Independência;100;50;27;6;50;50
2198;0;Cristal;Ipanema;250;0;126;52;50;200
2199;0;Cristal;Jardim Botânico;300;0;117;44;100;200
2200;0;Cristal;Jardim Carvalho;100;0;25;11;50;50
2201;0;Cristal;Jardim Europa;150;100;28;10;100;50
2202;0;Cristal;Jardim Floresta;0;0;0;0;0;0
2203;0;Cristal;Jardim Isabel;350;50;141;49;100;250
2204;0;Cristal;Jardim Itú;250;50;125;31;100;150
2205;0;Cristal;Jardim Leopoldina;150;50;55;27;50;100
2206;0;Cristal;Jardim Lindóia;150;0;78;10;100;50
2207;0;Cristal;Jardim Sabará;100;0;27;10;50;50
2208;0;Cristal;Jardim São Pedro;200;0;117;58;0;200
2209;0;Cristal;Jardim do Salso;100;100;0;0;100;0
2210;0;Cristal;Lageado;150;0;61;18;50;100
2211;0;Cristal;Lami;0;0;0;0;0;0
2212;0;Cristal;Lomba do Pinheiro;100;0;29;11;50;50
2213;0;Cristal;Medianeira;300;100;89;28;150;150
2214;0;Cristal;Menino Deus;450;0;212;88;50;400
2215;0;Cristal;Moinhos de Vento;200;0;84;42;50;150
2216;0;Cristal;Mont'Serrat;300;50;89;28;150;150
2217;0;Cristal;Morro Santana;150;50;55;20;50;100
2218;0;Cristal;Mário Quintana;250;0;116;16;50;200
2219;0;Cristal;Navegantes;50;0;26;10;0;50
2220;0;Cristal;Nonoai;3150;950;803;257;1850;1300
2221;0;Cristal;Parque Santa Fé;50;50;0;0;50;0
2222;0;Cristal;Partenon;300;100;98;40;100;200
2223;0;Cristal;Passo D'Areia;200;100;50;19;100;100
2224;0;Cristal;Passo das Pedras;250;100;88;30;100;150
2225;0;Cristal;Pedra Redonda;350;0;204;66;0;350
2226;0;Cristal;Petrópolis;150;0;80;33;0;150
2227;0;Cristal;Pitinga;100;50;32;6;50;50
2228;0;Cristal;Ponta Grossa;50;0;34;7;0;50
2229;0;Cristal;Praia de Belas;450;250;133;29;300;150
2230;0;Cristal;Restinga;50;0;30;7;0;50
2231;0;Cristal;Rio Branco;150;0;28;8;100;50
2232;0;Cristal;Rubem Berta;250;50;85;35;100;150
2233;0;Cristal;Santa Cecília;300;50;86;28;150;150
2234;0;Cristal;Santa Maria Goretti;0;0;0;0;0;0
2235;0;Cristal;Santa Rosa de Lima;0;0;0;0;0;0
2236;0;Cristal;Santa Tereza;4400;650;2015;624;1150;3250
2237;0;Cristal;Santana;100;0;46;26;0;100
2238;0;Cristal;Santo Antônio;250;100;53;20;150;100
2239;0;Cristal;Sarandi;550;100;233;101;150;400
2240;0;Cristal;Serraria;150;0;58;24;50;100
2241;0;Cristal;São Caetano;150;50;51;15;50;100
2242;0;Cristal;São Geraldo;150;50;30;11;100;50
2243;0;Cristal;São José;250;50;97;23;100;150
2244;0;Cristal;São João;100;0;59;17;0;100
2245;0;Cristal;São Sebastião;100;0;67;9;0;100
2246;0;Cristal;Sétimo Céu;900;250;209;51;650;250
2247;0;Cristal;Teresópolis;350;0;205;50;100;250
2248;0;Cristal;Tristeza;1100;50;437;202;350;750
2249;0;Cristal;Três Figueiras;150;0;84;27;0;150
2250;0;Cristal;Vila Assunção;1300;300;511;183;500;800
2251;0;Cristal;Vila Conceição;650;100;273;85;200;450
2252;0;Cristal;Vila Ipiranga;300;100;114;47;100;200
2253;0;Cristal;Vila Jardim;50;50;0;0;50;0
2254;0;Cristal;Vila João Pessoa;150;0;26;10;100;50
2255;0;Cristal;Vila Nova;500;100;190;79;150;350
2256;0;Cristo Redentor;Aberta dos Morros;0;0;0;0;0;0
2257;0;Cristo Redentor;Agronomia;50;0;0;0;50;0
2258;0;Cristo Redentor;Anchieta;300;50;88;34;150;150
2259;0;Cristo Redentor;Arquipélago;100;50;0;0;100;0
2260;0;Cristo Redentor;Auxiliadora;300;50;135;67;50;250
2261;0;Cristo Redentor;Azenha;50;0;33;6;0;50
2262;0;Cristo Redentor;Bela Vista;350;100;132;17;300;50
2263;0;Cristo Redentor;Belém Novo;0;0;0;0;0;0
2264;0;Cristo Redentor;Belém Velho;100;0;65;22;0;100
2265;0;Cristo Redentor;Boa Vista;700;100;343;93;300;400
2266;0;Cristo Redentor;Boa Vista do Sul;50;0;27;9;0;50
2267;0;Cristo Redentor;Bom Fim;250;0;120;53;50;200
2268;0;Cristo Redentor;Bom Jesus;200;50;65;23;100;100
2269;0;Cristo Redentor;Camaquã;250;50;49;19;150;100
2270;0;Cristo Redentor;Campo Novo;0;0;0;0;0;0
2271;0;Cristo Redentor;Cascata;50;0;30;16;0;50
2272;0;Cristo Redentor;Cavalhada;150;0;63;27;50;100
2273;0;Cristo Redentor;Cel. Aparício Borges;50;0;32;8;0;50
2274;0;Cristo Redentor;Centro Histórico;150;100;0;0;150;0
2275;0;Cristo Redentor;Chapéu do Sol;0;0;0;0;0;0
2276;0;Cristo Redentor;Chácara das Pedras;300;50;101;30;150;150
2277;0;Cristo Redentor;Cidade Baixa;150;0;26;13;100;50
2278;0;Cristo Redentor;Costa e Silva;400;50;118;29;200;200
2279;0;Cristo Redentor;Cristal;200;50;25;11;150;50
2280;0;Cristo Redentor;Cristo Redentor;3500;100;1918;798;200;3300
2281;0;Cristo Redentor;Espírito Santo;50;0;26;13;0;50
2282;0;Cristo Redentor;Extrema;0;0;0;0;0;0
2283;0;Cristo Redentor;Farrapos;0;0;0;0;0;0
2284;0;Cristo Redentor;Farroupilha;50;50;0;0;50;0
2285;0;Cristo Redentor;Floresta;100;50;29;11;50;50
2286;0;Cristo Redentor;Glória;200;0;31;4;150;50
2287;0;Cristo Redentor;Guarujá;50;0;29;14;0;50
2288;0;Cristo Redentor;Higienópolis;550;50;201;85;200;350
2289;0;Cristo Redentor;Humaitá;100;0;27;7;50;50
2290;0;Cristo Redentor;Hípica;50;0;32;13;0;50
2291;0;Cristo Redentor;Independência;50;0;25;11;0;50
2292;0;Cristo Redentor;Ipanema;50;0;34;13;0;50
2293;0;Cristo Redentor;Jardim Botânico;100;0;28;12;50;50
2294;0;Cristo Redentor;Jardim Carvalho;250;0;166;50;0;250
2295;0;Cristo Redentor;Jardim Europa;550;150;206;83;200;350
2296;0;Cristo Redentor;Jardim Floresta;2350;200;1098;467;450;1900
2297;0;Cristo Redentor;Jardim Isabel;50;0;26;8;0;50
2298;0;Cristo Redentor;Jardim Itú;350;50;157;68;50;300
2299;0;Cristo Redentor;Jardim Leopoldina;100;0;70;14;0;100
2300;0;Cristo Redentor;Jardim Lindóia;1800;100;927;397;250;1550
2301;0;Cristo Redentor;Jardim Sabará;200;150;0;0;200;0
2302;0;Cristo Redentor;Jardim São Pedro;3200;1150;565;175;2350;850
2303;0;Cristo Redentor;Jardim do Salso;150;100;32;5;100;50
2304;0;Cristo Redentor;Lageado;100;50;28;10;50;50
2305;0;Cristo Redentor;Lami;0;0;0;0;0;0
2306;0;Cristo Redentor;Lomba do Pinheiro;150;0;102;15;50;100
2307;0;Cristo Redentor;Medianeira;0;0;0;0;0;0
2308;0;Cristo Redentor;Menino Deus;0;0;0;0;0;0
2309;0;Cristo Redentor;Moinhos de Vento;50;0;30;15;0;50
2310;0;Cristo Redentor;Mont'Serrat;300;0;199;59;0;300
2311;0;Cristo Redentor;Morro Santana;300;100;83;34;150;150
2312;0;Cristo Redentor;Mário Quintana;200;0;108;24;0;200
2313;0;Cristo Redentor;Navegantes;50;0;22;15;0;50
2314;0;Cristo Redentor;Nonoai;350;50;144;33;200;150
2315;0;Cristo Redentor;Parque Santa Fé;150;0;87;38;0;150
2316;0;Cristo Redentor;Partenon;350;100;118;49;150;200
2317;0;Cristo Redentor;Passo D'Areia;1300;400;326;211;600;700
2318;0;Cristo Redentor;Passo das Pedras;300;150;54;18;200;100
2319;0;Cristo Redentor;Pedra Redonda;0;0;0;0;0;0
2320;0;Cristo Redentor;Petrópolis;500;50;189;89;150;350
2321;0;Cristo Redentor;Pitinga;0;0;0;0;0;0
2322;0;Cristo Redentor;Ponta Grossa;50;50;0;0;50;0
2323;0;Cristo Redentor;Praia de Belas;150;0;66;16;50;100
2324;0;Cristo Redentor;Restinga;300;50;143;73;50;250
2325;0;Cristo Redentor;Rio Branco;150;0;87;36;0;150
2326;0;Cristo Redentor;Rubem Berta;200;100;44;44;100;100
2327;0;Cristo Redentor;Santa Cecília;50;0;0;0;50;0
2328;0;Cristo Redentor;Santa Maria Goretti;1700;100;889;333;200;1500
2329;0;Cristo Redentor;Santa Rosa de Lima;250;0;140;37;100;150
2330;0;Cristo Redentor;Santa Tereza;200;50;55;19;100;100
2331;0;Cristo Redentor;Santana;150;50;52;38;50;100
2332;0;Cristo Redentor;Santo Antônio;50;0;33;11;0;50
2333;0;Cristo Redentor;Sarandi;1000;150;409;208;300;700
2334;0;Cristo Redentor;Serraria;0;0;0;0;0;0
2335;0;Cristo Redentor;São Caetano;0;0;0;0;0;0
2336;0;Cristo Redentor;São Geraldo;100;0;32;17;50;50
2337;0;Cristo Redentor;São José;0;0;0;0;0;0
2338;0;Cristo Redentor;São João;350;50;149;59;100;250
2339;0;Cristo Redentor;São Sebastião;500;50;284;90;100;400
2340;0;Cristo Redentor;Sétimo Céu;50;50;0;0;50;0
2341;0;Cristo Redentor;Teresópolis;100;50;0;0;100;0
2342;0;Cristo Redentor;Tristeza;50;0;25;14;0;50
2343;0;Cristo Redentor;Três Figueiras;200;50;60;18;100;100
2344;0;Cristo Redentor;Vila Assunção;50;0;50;0;50;0
2345;0;Cristo Redentor;Vila Conceição;50;0;25;19;0;50
2346;0;Cristo Redentor;Vila Ipiranga;3500;850;1264;497;1550;1950
2347;0;Cristo Redentor;Vila Jardim;350;50;103;59;150;200
2348;0;Cristo Redentor;Vila João Pessoa;50;0;32;13;0;50
2349;0;Cristo Redentor;Vila Nova;200;0;31;8;150;50
2350;0;Espírito Santo;Aberta dos Morros;1300;600;239;20;1150;150
2351;0;Espírito Santo;Agronomia;0;0;0;0;0;0
2352;0;Espírito Santo;Anchieta;50;0;20;4;0;50
2353;0;Espírito Santo;Arquipélago;200;0;112;33;0;200
2354;0;Espírito Santo;Auxiliadora;100;0;29;16;50;50
2355;0;Espírito Santo;Azenha;0;0;0;0;0;0
2356;0;Espírito Santo;Bela Vista;100;0;60;21;0;100
2357;0;Espírito Santo;Belém Novo;200;0;115;47;0;200
2358;0;Espírito Santo;Belém Velho;200;100;39;8;150;50
2359;0;Espírito Santo;Boa Vista;0;0;0;0;0;0
2360;0;Espírito Santo;Boa Vista do Sul;0;0;0;0;0;0
2361;0;Espírito Santo;Bom Fim;100;50;23;12;50;50
2362;0;Espírito Santo;Bom Jesus;0;0;0;0;0;0
2363;0;Espírito Santo;Camaquã;200;0;92;26;50;150
2364;0;Espírito Santo;Campo Novo;400;50;209;69;50;350
2365;0;Espírito Santo;Cascata;0;0;0;0;0;0
2366;0;Espírito Santo;Cavalhada;750;250;110;37;550;200
2367;0;Espírito Santo;Cel. Aparício Borges;50;0;0;0;50;0
2368;0;Espírito Santo;Centro Histórico;350;0;189;80;0;350
2369;0;Espírito Santo;Chapéu do Sol;50;0;28;8;0;50
2370;0;Espírito Santo;Chácara das Pedras;50;50;0;0;50;0
2371;0;Espírito Santo;Cidade Baixa;0;0;0;0;0;0
2372;0;Espírito Santo;Costa e Silva;50;0;34;7;0;50
2373;0;Espírito Santo;Cristal;100;0;57;26;0;100
2374;0;Espírito Santo;Cristo Redentor;50;0;26;13;0;50
2375;0;Espírito Santo;Espírito Santo;2300;0;1246;550;0;2300
2376;0;Espírito Santo;Extrema;0;0;0;0;0;0
2377;0;Espírito Santo;Farrapos;150;50;57;20;50;100
2378;0;Espírito Santo;Farroupilha;0;0;0;0;0;0
2379;0;Espírito Santo;Floresta;100;0;28;15;50;50
2380;0;Espírito Santo;Glória;50;0;0;0;50;0
2381;0;Espírito Santo;Guarujá;900;100;464;149;150;750
2382;0;Espírito Santo;Higienópolis;100;0;24;11;50;50
2383;0;Espírito Santo;Humaitá;31;0;31;0;31;0
2384;0;Espírito Santo;Hípica;200;0;103;16;50;150
2385;0;Espírito Santo;Independência;50;0;36;7;0;50
2386;0;Espírito Santo;Ipanema;700;50;327;112;150;550
2387;0;Espírito Santo;Jardim Botânico;50;50;0;0;50;0
2388;0;Espírito Santo;Jardim Carvalho;150;0;82;28;0;150
2389;0;Espírito Santo;Jardim Europa;0;0;0;0;0;0
2390;0;Espírito Santo;Jardim Floresta;0;0;0;0;0;0
2391;0;Espírito Santo;Jardim Isabel;200;50;35;6;150;50
2392;0;Espírito Santo;Jardim Itú;100;100;0;0;100;0
2393;0;Espírito Santo;Jardim Leopoldina;0;0;0;0;0;0
2394;0;Espírito Santo;Jardim Lindóia;0;0;0;0;0;0
2395;0;Espírito Santo;Jardim Sabará;0;0;0;0;0;0
2396;0;Espírito Santo;Jardim São Pedro;50;0;33;11;0;50
2397;0;Espírito Santo;Jardim do Salso;0;0;0;0;0;0
2398;0;Espírito Santo;Lageado;50;0;27;6;0;50
2399;0;Espírito Santo;Lami;50;0;29;8;0;50
2400;0;Espírito Santo;Lomba do Pinheiro;0;0;0;0;0;0
2401;0;Espírito Santo;Medianeira;0;0;0;0;0;0
2402;0;Espírito Santo;Menino Deus;50;0;29;20;0;50
2403;0;Espírito Santo;Moinhos de Vento;100;0;18;23;50;50
2404;0;Espírito Santo;Mont'Serrat;0;0;0;0;0;0
2405;0;Espírito Santo;Morro Santana;0;0;0;0;0;0
2406;0;Espírito Santo;Mário Quintana;100;0;67;15;0;100
2407;0;Espírito Santo;Navegantes;0;0;0;0;0;0
2408;0;Espírito Santo;Nonoai;100;50;33;14;50;50
2409;0;Espírito Santo;Parque Santa Fé;0;0;0;0;0;0
2410;0;Espírito Santo;Partenon;250;50;90;33;100;150
2411;0;Espírito Santo;Passo D'Areia;100;0;49;26;0;100
2412;0;Espírito Santo;Passo das Pedras;50;0;28;5;0;50
2413;0;Espírito Santo;Pedra Redonda;150;0;81;35;0;150
2414;0;Espírito Santo;Petrópolis;250;0;136;64;0;250
2415;0;Espírito Santo;Pitinga;50;0;31;7;0;50
2416;0;Espírito Santo;Ponta Grossa;500;50;248;69;100;400
2417;0;Espírito Santo;Praia de Belas;0;0;0;0;0;0
2418;0;Espírito Santo;Restinga;850;250;166;51;550;300
2419;0;Espírito Santo;Rio Branco;100;0;47;38;0;100
2420;0;Espírito Santo;Rubem Berta;0;0;0;0;0;0
2421;0;Espírito Santo;Santa Cecília;0;0;0;0;0;0
2422;0;Espírito Santo;Santa Maria Goretti;0;0;0;0;0;0
2423;0;Espírito Santo;Santa Rosa de Lima;50;0;35;8;0;50
2424;0;Espírito Santo;Santa Tereza;150;0;80;28;0;150
2425;0;Espírito Santo;Santana;100;50;0;0;100;0
2426;0;Espírito Santo;Santo Antônio;50;0;24;12;0;50
2427;0;Espírito Santo;Sarandi;150;0;49;40;50;100
2428;0;Espírito Santo;Serraria;1150;300;301;115;600;550
2429;0;Espírito Santo;São Caetano;0;0;0;0;0;0
2430;0;Espírito Santo;São Geraldo;100;0;0;0;100;0
2431;0;Espírito Santo;São José;100;0;50;20;0;100
2432;0;Espírito Santo;São João;50;0;26;12;0;50
2433;0;Espírito Santo;São Sebastião;0;0;0;0;0;0
2434;0;Espírito Santo;Sétimo Céu;150;50;56;19;50;100
2435;0;Espírito Santo;Teresópolis;250;50;92;28;100;150
2436;0;Espírito Santo;Tristeza;100;0;58;37;0;100
2437;0;Espírito Santo;Três Figueiras;0;0;0;0;0;0
2438;0;Espírito Santo;Vila Assunção;100;0;31;8;50;50
2439;0;Espírito Santo;Vila Conceição;250;100;102;26;100;150
2440;0;Espírito Santo;Vila Ipiranga;50;0;35;13;0;50
2441;0;Espírito Santo;Vila Jardim;50;0;0;0;50;0
2442;0;Espírito Santo;Vila João Pessoa;0;0;0;0;0;0
2443;0;Espírito Santo;Vila Nova;750;200;194;64;400;350
2444;0;Extrema;Aberta dos Morros;0;0;0;0;0;0
2445;0;Extrema;Agronomia;50;0;32;9;0;50
2446;0;Extrema;Anchieta;0;0;0;0;0;0
2447;0;Extrema;Arquipélago;150;0;87;21;0;150
2448;0;Extrema;Auxiliadora;50;50;0;0;50;0
2449;0;Extrema;Azenha;50;0;25;10;0;50
2450;0;Extrema;Bela Vista;0;0;0;0;0;0
2451;0;Extrema;Belém Novo;100;0;54;9;0;100
2452;0;Extrema;Belém Velho;0;0;0;0;0;0
2453;0;Extrema;Boa Vista;50;0;28;13;0;50
2454;0;Extrema;Boa Vista do Sul;0;0;0;0;0;0
2455;0;Extrema;Bom Fim;0;0;0;0;0;0
2456;0;Extrema;Bom Jesus;100;0;81;12;50;50
2457;0;Extrema;Camaquã;50;0;31;8;0;50
2458;0;Extrema;Campo Novo;0;0;0;0;0;0
2459;0;Extrema;Cascata;50;50;0;0;50;0
2460;0;Extrema;Cavalhada;100;50;32;4;50;50
2461;0;Extrema;Cel. Aparício Borges;100;0;59;16;0;100
2462;0;Extrema;Centro Histórico;100;0;55;21;0;100
2463;0;Extrema;Chapéu do Sol;0;0;0;0;0;0
2464;0;Extrema;Chácara das Pedras;0;0;0;0;0;0
2465;0;Extrema;Cidade Baixa;150;50;25;11;100;50
2466;0;Extrema;Costa e Silva;100;0;58;9;0;100
2467;0;Extrema;Cristal;100;0;25;12;50;50
2468;0;Extrema;Cristo Redentor;0;0;0;0;0;0
2469;0;Extrema;Espírito Santo;0;0;0;0;0;0
2470;0;Extrema;Extrema;100;100;0;0;100;0
2471;0;Extrema;Farrapos;50;50;0;0;50;0
2472;0;Extrema;Farroupilha;0;0;0;0;0;0
2473;0;Extrema;Floresta;0;0;0;0;0;0
2474;0;Extrema;Glória;200;0;97;35;50;150
2475;0;Extrema;Guarujá;0;0;0;0;0;0
2476;0;Extrema;Higienópolis;0;0;0;0;0;0
2477;0;Extrema;Humaitá;50;0;24;13;0;50
2478;0;Extrema;Hípica;100;0;67;14;0;100
2479;0;Extrema;Independência;50;0;0;0;50;0
2480;0;Extrema;Ipanema;0;0;0;0;0;0
2481;0;Extrema;Jardim Botânico;0;0;0;0;0;0
2482;0;Extrema;Jardim Carvalho;100;0;67;20;0;100
2483;0;Extrema;Jardim Europa;0;0;0;0;0;0
2484;0;Extrema;Jardim Floresta;50;0;0;0;50;0
2485;0;Extrema;Jardim Isabel;0;0;0;0;0;0
2486;0;Extrema;Jardim Itú;150;0;53;25;50;100
2487;0;Extrema;Jardim Leopoldina;100;50;24;11;50;50
2488;0;Extrema;Jardim Lindóia;0;0;0;0;0;0
2489;0;Extrema;Jardim Sabará;100;50;25;14;50;50
2490;0;Extrema;Jardim São Pedro;0;0;0;0;0;0
2491;0;Extrema;Jardim do Salso;0;0;0;0;0;0
2492;0;Extrema;Lageado;400;0;237;61;0;400
2493;0;Extrema;Lami;300;50;146;38;50;250
2494;0;Extrema;Lomba do Pinheiro;50;0;31;4;0;50
2495;0;Extrema;Medianeira;50;0;26;13;0;50
2496;0;Extrema;Menino Deus;100;50;21;18;50;50
2497;0;Extrema;Moinhos de Vento;0;0;0;0;0;0
2498;0;Extrema;Mont'Serrat;50;50;0;0;50;0
2499;0;Extrema;Morro Santana;250;50;121;39;50;200
2500;0;Extrema;Mário Quintana;100;0;63;15;0;100
2501;0;Extrema;Navegantes;50;0;25;10;0;50
2502;0;Extrema;Nonoai;50;0;25;14;0;50
2503;0;Extrema;Parque Santa Fé;50;50;0;0;50;0
2504;0;Extrema;Partenon;350;0;193;70;0;350
2505;0;Extrema;Passo D'Areia;0;0;0;0;0;0
2506;0;Extrema;Passo das Pedras;50;50;0;0;50;0
2507;0;Extrema;Pedra Redonda;0;0;0;0;0;0
2508;0;Extrema;Petrópolis;150;0;56;32;50;100
2509;0;Extrema;Pitinga;100;0;57;17;0;100
2510;0;Extrema;Ponta Grossa;50;0;0;0;50;0
2511;0;Extrema;Praia de Belas;0;0;0;0;0;0
2512;0;Extrema;Restinga;200;0;123;25;0;200
2513;0;Extrema;Rio Branco;50;0;28;11;0;50
2514;0;Extrema;Rubem Berta;0;0;0;0;0;0
2515;0;Extrema;Santa Cecília;0;0;0;0;0;0
2516;0;Extrema;Santa Maria Goretti;0;0;0;0;0;0
2517;0;Extrema;Santa Rosa de Lima;50;50;0;0;50;0
2518;0;Extrema;Santa Tereza;150;0;97;26;0;150
2519;0;Extrema;Santana;50;0;32;8;0;50
2520;0;Extrema;Santo Antônio;0;0;0;0;0;0
2521;0;Extrema;Sarandi;50;0;29;12;0;50
2522;0;Extrema;Serraria;0;0;0;0;0;0
2523;0;Extrema;São Caetano;100;0;60;21;0;100
2524;0;Extrema;São Geraldo;0;0;0;0;0;0
2525;0;Extrema;São José;50;0;0;0;50;0
2526;0;Extrema;São João;50;0;21;16;0;50
2527;0;Extrema;São Sebastião;0;0;0;0;0;0
2528;0;Extrema;Sétimo Céu;0;0;0;0;0;0
2529;0;Extrema;Teresópolis;50;0;25;13;0;50
2530;0;Extrema;Tristeza;50;0;0;0;50;0
2531;0;Extrema;Três Figueiras;0;0;0;0;0;0
2532;0;Extrema;Vila Assunção;0;0;0;0;0;0
2533;0;Extrema;Vila Conceição;0;0;0;0;0;0
2534;0;Extrema;Vila Ipiranga;50;0;28;10;0;50
2535;0;Extrema;Vila Jardim;100;0;26;14;50;50
2536;0;Extrema;Vila João Pessoa;100;0;56;23;0;100
2537;0;Extrema;Vila Nova;250;0;78;34;100;150
2538;0;Farrapos;Aberta dos Morros;0;0;0;0;0;0
2539;0;Farrapos;Agronomia;0;0;0;0;0;0
2540;0;Farrapos;Anchieta;1423;500;219;67;1073;350
2541;0;Farrapos;Arquipélago;100;0;54;14;0;100
2542;0;Farrapos;Auxiliadora;500;0;212;83;150;350
2543;0;Farrapos;Azenha;100;0;52;19;0;100
2544;0;Farrapos;Bela Vista;0;0;0;0;0;0
2545;0;Farrapos;Belém Novo;150;50;47;14;50;100
2546;0;Farrapos;Belém Velho;150;0;68;17;50;100
2547;0;Farrapos;Boa Vista;100;0;58;22;0;100
2548;0;Farrapos;Boa Vista do Sul;100;0;67;15;0;100
2549;0;Farrapos;Bom Fim;150;0;88;35;0;150
2550;0;Farrapos;Bom Jesus;200;100;50;0;200;0
2551;0;Farrapos;Camaquã;0;0;0;0;0;0
2552;0;Farrapos;Campo Novo;0;0;0;0;0;0
2553;0;Farrapos;Cascata;50;0;29;6;0;50
2554;0;Farrapos;Cavalhada;50;0;30;13;0;50
2555;0;Farrapos;Cel. Aparício Borges;50;0;26;14;0;50
2556;0;Farrapos;Centro Histórico;50;0;27;9;0;50
2557;0;Farrapos;Chapéu do Sol;50;0;26;10;0;50
2558;0;Farrapos;Chácara das Pedras;50;0;35;6;0;50
2559;0;Farrapos;Cidade Baixa;0;0;0;0;0;0
2560;0;Farrapos;Costa e Silva;150;0;102;34;0;150
2561;0;Farrapos;Cristal;100;0;0;0;100;0
2562;0;Farrapos;Cristo Redentor;0;0;0;0;0;0
2563;0;Farrapos;Espírito Santo;150;50;57;20;50;100
2564;0;Farrapos;Extrema;50;50;0;0;50;0
2565;0;Farrapos;Farrapos;7000;1100;3116;774;1900;5100
2566;0;Farrapos;Farroupilha;100;0;23;10;50;50
2567;0;Farrapos;Floresta;200;0;82;31;50;150
2568;0;Farrapos;Glória;200;0;74;36;50;150
2569;0;Farrapos;Guarujá;50;0;0;0;50;0
2570;0;Farrapos;Higienópolis;400;150;88;22;250;150
2571;0;Farrapos;Humaitá;7550;2350;2451;575;3900;3650
2572;0;Farrapos;Hípica;150;100;24;8;100;50
2573;0;Farrapos;Independência;300;100;114;49;100;200
2574;0;Farrapos;Ipanema;150;0;34;10;100;50
2575;0;Farrapos;Jardim Botânico;0;0;0;0;0;0
2576;0;Farrapos;Jardim Carvalho;50;0;20;10;0;50
2577;0;Farrapos;Jardim Europa;100;0;70;15;0;100
2578;0;Farrapos;Jardim Floresta;150;0;93;18;0;150
2579;0;Farrapos;Jardim Isabel;50;50;0;0;50;0
2580;0;Farrapos;Jardim Itú;200;0;85;25;50;150
2581;0;Farrapos;Jardim Leopoldina;50;50;0;0;50;0
2582;0;Farrapos;Jardim Lindóia;100;0;52;20;0;100
2583;0;Farrapos;Jardim Sabará;50;0;27;13;0;50
2584;0;Farrapos;Jardim São Pedro;396;100;178;24;196;200
2585;0;Farrapos;Jardim do Salso;50;0;23;4;0;50
2586;0;Farrapos;Lageado;50;0;33;4;0;50
2587;0;Farrapos;Lami;50;50;0;0;50;0
2588;0;Farrapos;Lomba do Pinheiro;150;0;89;15;0;150
2589;0;Farrapos;Medianeira;0;0;0;0;0;0
2590;0;Farrapos;Menino Deus;0;0;0;0;0;0
2591;0;Farrapos;Moinhos de Vento;200;0;110;58;0;200
2592;0;Farrapos;Mont'Serrat;100;0;27;12;50;50
2593;0;Farrapos;Morro Santana;0;0;0;0;0;0
2594;0;Farrapos;Mário Quintana;200;0;131;23;0;200
2595;0;Farrapos;Navegantes;2400;300;1079;253;650;1750
2596;0;Farrapos;Nonoai;50;0;29;12;0;50
2597;0;Farrapos;Parque Santa Fé;50;0;0;0;50;0
2598;0;Farrapos;Partenon;100;50;25;9;50;50
2599;0;Farrapos;Passo D'Areia;250;100;61;18;150;100
2600;0;Farrapos;Passo das Pedras;50;0;0;0;50;0
2601;0;Farrapos;Pedra Redonda;100;0;66;18;0;100
2602;0;Farrapos;Petrópolis;100;0;60;25;0;100
2603;0;Farrapos;Pitinga;0;0;0;0;0;0
2604;0;Farrapos;Ponta Grossa;100;0;66;13;0;100
2605;0;Farrapos;Praia de Belas;250;0;152;38;0;250
2606;0;Farrapos;Restinga;300;50;144;38;50;250
2607;0;Farrapos;Rio Branco;50;0;29;4;0;50
2608;0;Farrapos;Rubem Berta;50;0;34;4;0;50
2609;0;Farrapos;Santa Cecília;150;50;30;10;100;50
2610;0;Farrapos;Santa Maria Goretti;1000;400;134;19;800;200
2611;0;Farrapos;Santa Rosa de Lima;100;0;49;17;0;100
2612;0;Farrapos;Santa Tereza;150;0;58;21;50;100
2613;0;Farrapos;Santana;200;0;138;31;0;200
2614;0;Farrapos;Santo Antônio;50;0;27;9;0;50
2615;0;Farrapos;Sarandi;450;50;193;102;100;350
2616;0;Farrapos;Serraria;50;0;34;9;0;50
2617;0;Farrapos;São Caetano;0;0;0;0;0;0
2618;0;Farrapos;São Geraldo;350;150;78;7;300;50
2619;0;Farrapos;São José;100;50;30;12;50;50
2620;0;Farrapos;São João;300;0;135;37;150;150
2621;0;Farrapos;São Sebastião;0;0;0;0;0;0
2622;0;Farrapos;Sétimo Céu;200;50;90;21;50;150
2623;0;Farrapos;Teresópolis;50;0;33;3;0;50
2624;0;Farrapos;Tristeza;150;50;36;10;100;50
2625;0;Farrapos;Três Figueiras;150;50;46;20;50;100
2626;0;Farrapos;Vila Assunção;0;0;0;0;0;0
2627;0;Farrapos;Vila Conceição;50;0;34;7;0;50
2628;0;Farrapos;Vila Ipiranga;150;0;103;25;0;150
2629;0;Farrapos;Vila Jardim;50;0;24;11;0;50
2630;0;Farrapos;Vila João Pessoa;300;50;151;54;50;250
2631;0;Farrapos;Vila Nova;150;50;84;10;100;50
2632;0;Farroupilha;Aberta dos Morros;50;0;0;0;50;0
2633;0;Farroupilha;Agronomia;0;0;0;0;0;0
2634;0;Farroupilha;Anchieta;0;0;0;0;0;0
2635;0;Farroupilha;Arquipélago;350;100;119;39;150;200
2636;0;Farroupilha;Auxiliadora;150;50;58;28;50;100
2637;0;Farroupilha;Azenha;550;0;157;75;250;300
2638;0;Farroupilha;Bela Vista;150;50;58;27;50;100
2639;0;Farroupilha;Belém Novo;0;0;0;0;0;0
2640;0;Farroupilha;Belém Velho;50;0;26;16;0;50
2641;0;Farroupilha;Boa Vista;100;0;54;32;0;100
2642;0;Farroupilha;Boa Vista do Sul;0;0;0;0;0;0
2643;0;Farroupilha;Bom Fim;1547;100;509;260;597;950
2644;0;Farroupilha;Bom Jesus;200;50;67;23;100;100
2645;0;Farroupilha;Camaquã;100;50;0;0;100;0
2646;0;Farroupilha;Campo Novo;0;0;0;0;0;0
2647;0;Farroupilha;Cascata;0;0;0;0;0;0
2648;0;Farroupilha;Cavalhada;0;0;0;0;0;0
2649;0;Farroupilha;Cel. Aparício Borges;0;0;0;0;0;0
2650;0;Farroupilha;Centro Histórico;11600;300;5718;2602;850;10750
2651;0;Farroupilha;Chapéu do Sol;0;0;0;0;0;0
2652;0;Farroupilha;Chácara das Pedras;0;0;0;0;0;0
2653;0;Farroupilha;Cidade Baixa;3800;750;436;194;2950;850
2654;0;Farroupilha;Costa e Silva;0;0;0;0;0;0
2655;0;Farroupilha;Cristal;250;50;74;30;100;150
2656;0;Farroupilha;Cristo Redentor;50;50;0;0;50;0
2657;0;Farroupilha;Espírito Santo;0;0;0;0;0;0
2658;0;Farroupilha;Extrema;0;0;0;0;0;0
2659;0;Farroupilha;Farrapos;100;0;23;10;50;50
2660;0;Farroupilha;Farroupilha;100;0;44;40;0;100
2661;0;Farroupilha;Floresta;150;100;23;19;100;50
2662;0;Farroupilha;Glória;0;0;0;0;0;0
2663;0;Farroupilha;Guarujá;0;0;0;0;0;0
2664;0;Farroupilha;Higienópolis;50;0;32;16;0;50
2665;0;Farroupilha;Humaitá;0;0;0;0;0;0
2666;0;Farroupilha;Hípica;0;0;0;0;0;0
2667;0;Farroupilha;Independência;700;0;292;162;150;550
2668;0;Farroupilha;Ipanema;0;0;0;0;0;0
2669;0;Farroupilha;Jardim Botânico;150;100;31;7;100;50
2670;0;Farroupilha;Jardim Carvalho;100;50;25;11;50;50
2671;0;Farroupilha;Jardim Europa;0;0;0;0;0;0
2672;0;Farroupilha;Jardim Floresta;0;0;0;0;0;0
2673;0;Farroupilha;Jardim Isabel;0;0;0;0;0;0
2674;0;Farroupilha;Jardim Itú;250;0;163;39;0;250
2675;0;Farroupilha;Jardim Leopoldina;50;0;23;11;0;50
2676;0;Farroupilha;Jardim Lindóia;50;0;32;12;0;50
2677;0;Farroupilha;Jardim Sabará;100;50;29;11;50;50
2678;0;Farroupilha;Jardim São Pedro;0;0;0;0;0;0
2679;0;Farroupilha;Jardim do Salso;0;0;0;0;0;0
2680;0;Farroupilha;Lageado;0;0;0;0;0;0
2681;0;Farroupilha;Lami;0;0;0;0;0;0
2682;0;Farroupilha;Lomba do Pinheiro;100;0;26;5;50;50
2683;0;Farroupilha;Medianeira;100;0;32;14;50;50
2684;0;Farroupilha;Menino Deus;2800;250;1164;648;650;2150
2685;0;Farroupilha;Moinhos de Vento;400;50;144;95;100;300
2686;0;Farroupilha;Mont'Serrat;50;0;36;7;0;50
2687;0;Farroupilha;Morro Santana;50;50;0;0;50;0
2688;0;Farroupilha;Mário Quintana;0;0;0;0;0;0
2689;0;Farroupilha;Navegantes;50;0;27;14;0;50
2690;0;Farroupilha;Nonoai;150;50;57;17;50;100
2691;0;Farroupilha;Parque Santa Fé;50;0;33;11;0;50
2692;0;Farroupilha;Partenon;450;100;154;32;200;250
2693;0;Farroupilha;Passo D'Areia;100;0;34;34;0;100
2694;0;Farroupilha;Passo das Pedras;0;0;0;0;0;0
2695;0;Farroupilha;Pedra Redonda;50;0;22;17;0;50
2696;0;Farroupilha;Petrópolis;50;0;27;8;0;50
2697;0;Farroupilha;Pitinga;0;0;0;0;0;0
2698;0;Farroupilha;Ponta Grossa;0;0;0;0;0;0
2699;0;Farroupilha;Praia de Belas;150;0;90;37;0;150
2700;0;Farroupilha;Restinga;100;0;57;20;0;100
2701;0;Farroupilha;Rio Branco;400;100;104;58;200;200
2702;0;Farroupilha;Rubem Berta;100;0;0;0;100;0
2703;0;Farroupilha;Santa Cecília;400;50;178;90;100;300
2704;0;Farroupilha;Santa Maria Goretti;50;0;38;2;0;50
2705;0;Farroupilha;Santa Rosa de Lima;100;50;23;13;50;50
2706;0;Farroupilha;Santa Tereza;300;0;175;57;0;300
2707;0;Farroupilha;Santana;4750;1100;1047;343;3450;1300
2708;0;Farroupilha;Santo Antônio;200;50;86;33;50;150
2709;0;Farroupilha;Sarandi;300;0;134;43;150;150
2710;0;Farroupilha;Serraria;0;0;0;0;0;0
2711;0;Farroupilha;São Caetano;0;0;0;0;0;0
2712;0;Farroupilha;São Geraldo;50;0;28;7;0;50
2713;0;Farroupilha;São José;50;0;32;10;0;50
2714;0;Farroupilha;São João;150;0;81;44;0;150
2715;0;Farroupilha;São Sebastião;0;0;0;0;0;0
2716;0;Farroupilha;Sétimo Céu;0;0;0;0;0;0
2717;0;Farroupilha;Teresópolis;100;0;78;15;0;100
2718;0;Farroupilha;Tristeza;150;100;35;12;100;50
2719;0;Farroupilha;Três Figueiras;100;50;0;0;100;0
2720;0;Farroupilha;Vila Assunção;0;0;0;0;0;0
2721;0;Farroupilha;Vila Conceição;0;0;0;0;0;0
2722;0;Farroupilha;Vila Ipiranga;50;0;30;10;0;50
2723;0;Farroupilha;Vila Jardim;150;0;23;9;100;50
2724;0;Farroupilha;Vila João Pessoa;13;0;0;0;13;0
2725;0;Farroupilha;Vila Nova;50;50;0;0;50;0
2726;0;Floresta;Aberta dos Morros;0;0;0;0;0;0
2727;0;Floresta;Agronomia;150;50;32;7;100;50
2728;0;Floresta;Anchieta;0;0;0;0;0;0
2729;0;Floresta;Arquipélago;100;0;76;9;50;50
2730;0;Floresta;Auxiliadora;500;150;135;71;250;250
2731;0;Floresta;Azenha;350;0;160;83;50;300
2732;0;Floresta;Bela Vista;550;150;161;57;300;250
2733;0;Floresta;Belém Novo;50;50;0;0;50;0
2734;0;Floresta;Belém Velho;100;50;31;5;50;50
2735;0;Floresta;Boa Vista;100;0;29;18;50;50
2736;0;Floresta;Boa Vista do Sul;100;0;54;31;0;100
2737;0;Floresta;Bom Fim;750;50;155;105;450;300
2738;0;Floresta;Bom Jesus;150;0;43;29;50;100
2739;0;Floresta;Camaquã;0;0;0;0;0;0
2740;0;Floresta;Campo Novo;0;0;0;0;0;0
2741;0;Floresta;Cascata;100;0;67;9;0;100
2742;0;Floresta;Cavalhada;0;0;0;0;0;0
2743;0;Floresta;Cel. Aparício Borges;100;0;64;19;0;100
2744;0;Floresta;Centro Histórico;650;100;137;60;400;250
2745;0;Floresta;Chapéu do Sol;50;0;30;18;0;50
2746;0;Floresta;Chácara das Pedras;50;0;32;9;0;50
2747;0;Floresta;Cidade Baixa;150;50;0;0;150;0
2748;0;Floresta;Costa e Silva;150;50;84;2;100;50
2749;0;Floresta;Cristal;50;50;0;0;50;0
2750;0;Floresta;Cristo Redentor;100;50;29;11;50;50
2751;0;Floresta;Espírito Santo;100;0;28;15;50;50
2752;0;Floresta;Extrema;0;0;0;0;0;0
2753;0;Floresta;Farrapos;200;0;82;31;50;150
2754;0;Floresta;Farroupilha;150;100;23;19;100;50
2755;0;Floresta;Floresta;4100;100;2010;1046;300;3800
2756;0;Floresta;Glória;300;100;114;49;100;200
2757;0;Floresta;Guarujá;0;0;0;0;0;0
2758;0;Floresta;Higienópolis;400;0;226;95;50;350
2759;0;Floresta;Humaitá;100;50;0;0;100;0
2760;0;Floresta;Hípica;50;50;0;0;50;0
2761;0;Floresta;Independência;650;200;247;69;400;250
2762;0;Floresta;Ipanema;150;0;63;24;50;100
2763;0;Floresta;Jardim Botânico;150;0;87;37;0;150
2764;0;Floresta;Jardim Carvalho;300;50;85;29;150;150
2765;0;Floresta;Jardim Europa;100;0;32;16;50;50
2766;0;Floresta;Jardim Floresta;100;50;27;13;50;50
2767;0;Floresta;Jardim Isabel;0;0;0;0;0;0
2768;0;Floresta;Jardim Itú;100;0;82;15;50;50
2769;0;Floresta;Jardim Leopoldina;50;0;50;0;50;0
2770;0;Floresta;Jardim Lindóia;50;0;28;18;0;50
2771;0;Floresta;Jardim Sabará;100;0;60;25;0;100
2772;0;Floresta;Jardim São Pedro;200;0;116;43;0;200
2773;0;Floresta;Jardim do Salso;50;0;30;10;0;50
2774;0;Floresta;Lageado;50;0;28;6;0;50
2775;0;Floresta;Lami;0;0;0;0;0;0
2776;0;Floresta;Lomba do Pinheiro;150;50;84;14;100;50
2777;0;Floresta;Medianeira;0;0;0;0;0;0
2778;0;Floresta;Menino Deus;300;50;100;61;100;200
2779;0;Floresta;Moinhos de Vento;1950;50;869;474;350;1600
2780;0;Floresta;Mont'Serrat;300;50;90;42;150;150
2781;0;Floresta;Morro Santana;50;0;29;13;0;50
2782;0;Floresta;Mário Quintana;100;0;62;11;0;100
2783;0;Floresta;Navegantes;450;100;132;57;200;250
2784;0;Floresta;Nonoai;200;0;58;26;100;100
2785;0;Floresta;Parque Santa Fé;0;0;0;0;0;0
2786;0;Floresta;Partenon;200;0;106;36;0;200
2787;0;Floresta;Passo D'Areia;500;150;152;105;200;300
2788;0;Floresta;Passo das Pedras;100;0;52;19;0;100
2789;0;Floresta;Pedra Redonda;0;0;0;0;0;0
2790;0;Floresta;Petrópolis;350;50;119;56;150;200
2791;0;Floresta;Pitinga;0;0;0;0;0;0
2792;0;Floresta;Ponta Grossa;150;0;57;15;50;100
2793;0;Floresta;Praia de Belas;100;50;38;7;50;50
2794;0;Floresta;Restinga;100;0;68;23;0;100
2795;0;Floresta;Rio Branco;850;100;305;145;300;550
2796;0;Floresta;Rubem Berta;350;0;177;83;100;250
2797;0;Floresta;Santa Cecília;150;50;30;14;100;50
2798;0;Floresta;Santa Maria Goretti;150;50;29;12;100;50
2799;0;Floresta;Santa Rosa de Lima;0;0;0;0;0;0
2800;0;Floresta;Santa Tereza;200;0;120;32;0;200
2801;0;Floresta;Santana;250;150;34;12;200;50
2802;0;Floresta;Santo Antônio;150;0;77;45;0;150
2803;0;Floresta;Sarandi;400;0;196;65;150;250
2804;0;Floresta;Serraria;50;50;0;0;50;0
2805;0;Floresta;São Caetano;0;0;0;0;0;0
2806;0;Floresta;São Geraldo;3890;1200;857;352;2590;1300
2807;0;Floresta;São José;100;50;22;15;50;50
2808;0;Floresta;São João;2250;50;1053;597;250;2000
2809;0;Floresta;São Sebastião;150;0;81;38;0;150
2810;0;Floresta;Sétimo Céu;50;0;29;20;0;50
2811;0;Floresta;Teresópolis;50;50;0;0;50;0
2812;0;Floresta;Tristeza;50;0;28;11;0;50
2813;0;Floresta;Três Figueiras;200;0;58;27;100;100
2814;0;Floresta;Vila Assunção;0;0;0;0;0;0
2815;0;Floresta;Vila Conceição;50;0;0;0;50;0
2816;0;Floresta;Vila Ipiranga;50;0;25;13;0;50
2817;0;Floresta;Vila Jardim;0;0;0;0;0;0
2818;0;Floresta;Vila João Pessoa;50;0;0;0;50;0
2819;0;Floresta;Vila Nova;100;0;60;26;0;100
2820;0;Glória;Aberta dos Morros;200;50;85;22;50;150
2821;0;Glória;Agronomia;250;100;58;16;150;100
2822;0;Glória;Anchieta;50;0;28;8;0;50
2823;0;Glória;Arquipélago;50;50;0;0;50;0
2824;0;Glória;Auxiliadora;100;100;0;0;100;0
2825;0;Glória;Azenha;200;50;81;34;50;150
2826;0;Glória;Bela Vista;250;100;118;26;150;100
2827;0;Glória;Belém Novo;100;50;23;15;50;50
2828;0;Glória;Belém Velho;250;0;150;46;0;250
2829;0;Glória;Boa Vista;200;0;103;50;0;200
2830;0;Glória;Boa Vista do Sul;50;50;0;0;50;0
2831;0;Glória;Bom Fim;0;0;0;0;0;0
2832;0;Glória;Bom Jesus;200;100;54;20;100;100
2833;0;Glória;Camaquã;350;100;79;41;200;150
2834;0;Glória;Campo Novo;100;0;61;21;0;100
2835;0;Glória;Cascata;1450;250;574;171;450;1000
2836;0;Glória;Cavalhada;50;0;0;0;50;0
2837;0;Glória;Cel. Aparício Borges;4700;500;2179;784;700;4000
2838;0;Glória;Centro Histórico;100;0;58;24;0;100
2839;0;Glória;Chapéu do Sol;50;0;22;13;0;50
2840;0;Glória;Chácara das Pedras;50;0;29;6;0;50
2841;0;Glória;Cidade Baixa;50;0;21;9;0;50
2842;0;Glória;Costa e Silva;150;0;64;8;50;100
2843;0;Glória;Cristal;150;0;60;20;50;100
2844;0;Glória;Cristo Redentor;200;0;31;4;150;50
2845;0;Glória;Espírito Santo;50;0;0;0;50;0
2846;0;Glória;Extrema;200;0;97;35;50;150
2847;0;Glória;Farrapos;200;0;74;36;50;150
2848;0;Glória;Farroupilha;0;0;0;0;0;0
2849;0;Glória;Floresta;300;100;114;49;100;200
2850;0;Glória;Glória;8800;1200;3568;1234;2900;5900
2851;0;Glória;Guarujá;150;100;0;0;150;0
2852;0;Glória;Higienópolis;50;0;27;13;0;50
2853;0;Glória;Humaitá;100;50;21;12;50;50
2854;0;Glória;Hípica;100;50;50;0;100;0
2855;0;Glória;Independência;50;0;37;7;0;50
2856;0;Glória;Ipanema;100;0;36;13;50;50
2857;0;Glória;Jardim Botânico;350;50;156;51;150;200
2858;0;Glória;Jardim Carvalho;250;0;117;38;50;200
2859;0;Glória;Jardim Europa;0;0;0;0;0;0
2860;0;Glória;Jardim Floresta;50;0;22;10;0;50
2861;0;Glória;Jardim Isabel;200;100;60;21;100;100
2862;0;Glória;Jardim Itú;50;0;31;7;0;50
2863;0;Glória;Jardim Leopoldina;150;50;68;19;50;100
2864;0;Glória;Jardim Lindóia;0;0;0;0;0;0
2865;0;Glória;Jardim Sabará;150;0;51;26;50;100
2866;0;Glória;Jardim São Pedro;100;0;30;16;50;50
2867;0;Glória;Jardim do Salso;100;50;0;0;100;0
2868;0;Glória;Lageado;50;0;20;16;0;50
2869;0;Glória;Lami;200;0;94;27;50;150
2870;0;Glória;Lomba do Pinheiro;700;50;367;103;50;650
2871;0;Glória;Medianeira;400;50;118;38;200;200
2872;0;Glória;Menino Deus;150;50;56;23;50;100
2873;0;Glória;Moinhos de Vento;100;0;0;0;100;0
2874;0;Glória;Mont'Serrat;0;0;0;0;0;0
2875;0;Glória;Morro Santana;0;0;0;0;0;0
2876;0;Glória;Mário Quintana;150;0;82;25;0;150
2877;0;Glória;Navegantes;50;50;0;0;50;0
2878;0;Glória;Nonoai;1200;200;494;160;450;750
2879;0;Glória;Parque Santa Fé;0;0;0;0;0;0
2880;0;Glória;Partenon;13750;4450;2662;824;10000;3750
2881;0;Glória;Passo D'Areia;150;100;23;18;100;50
2882;0;Glória;Passo das Pedras;50;0;31;12;0;50
2883;0;Glória;Pedra Redonda;0;0;0;0;0;0
2884;0;Glória;Petrópolis;200;50;48;23;100;100
2885;0;Glória;Pitinga;150;50;61;17;50;100
2886;0;Glória;Ponta Grossa;200;50;83;30;50;150
2887;0;Glória;Praia de Belas;100;100;0;0;100;0
2888;0;Glória;Restinga;500;50;244;74;50;450
2889;0;Glória;Rio Branco;250;200;0;0;250;0
2890;0;Glória;Rubem Berta;50;50;0;0;50;0
2891;0;Glória;Santa Cecília;150;50;48;27;50;100
2892;0;Glória;Santa Maria Goretti;50;0;27;9;0;50
2893;0;Glória;Santa Rosa de Lima;200;50;61;20;100;100
2894;0;Glória;Santa Tereza;1000;300;258;77;550;450
2895;0;Glória;Santana;350;50;122;79;100;250
2896;0;Glória;Santo Antônio;550;100;233;91;150;400
2897;0;Glória;Sarandi;250;50;86;33;100;150
2898;0;Glória;Serraria;50;0;22;17;0;50
2899;0;Glória;São Caetano;50;0;22;13;0;50
2900;0;Glória;São Geraldo;300;50;136;64;50;250
2901;0;Glória;São José;650;100;149;46;400;250
2902;0;Glória;São João;100;0;26;18;50;50
2903;0;Glória;São Sebastião;100;0;26;10;50;50
2904;0;Glória;Sétimo Céu;50;0;32;11;0;50
2905;0;Glória;Teresópolis;1550;900;214;82;1200;350
2906;0;Glória;Tristeza;150;50;34;16;100;50
2907;0;Glória;Três Figueiras;150;0;27;16;100;50
2908;0;Glória;Vila Assunção;50;0;23;10;0;50
2909;0;Glória;Vila Conceição;0;0;0;0;0;0
2910;0;Glória;Vila Ipiranga;100;50;0;0;100;0
2911;0;Glória;Vila Jardim;0;0;0;0;0;0
2912;0;Glória;Vila João Pessoa;1200;150;450;179;400;800
2913;0;Glória;Vila Nova;750;100;254;117;300;450
2914;0;Guarujá;Aberta dos Morros;500;0;189;58;200;300
2915;0;Guarujá;Agronomia;0;0;0;0;0;0
2916;0;Guarujá;Anchieta;0;0;0;0;0;0
2917;0;Guarujá;Arquipélago;100;0;56;15;0;100
2918;0;Guarujá;Auxiliadora;0;0;0;0;0;0
2919;0;Guarujá;Azenha;50;50;0;0;50;0
2920;0;Guarujá;Bela Vista;100;0;64;28;0;100
2921;0;Guarujá;Belém Novo;300;50;152;40;50;250
2922;0;Guarujá;Belém Velho;100;50;21;8;50;50
2923;0;Guarujá;Boa Vista;0;0;0;0;0;0
2924;0;Guarujá;Boa Vista do Sul;0;0;0;0;0;0
2925;0;Guarujá;Bom Fim;0;0;0;0;0;0
2926;0;Guarujá;Bom Jesus;250;50;89;16;100;150
2927;0;Guarujá;Camaquã;500;150;203;37;250;250
2928;0;Guarujá;Campo Novo;350;50;140;29;200;150
2929;0;Guarujá;Cascata;200;50;64;16;100;100
2930;0;Guarujá;Cavalhada;450;50;146;50;200;250
2931;0;Guarujá;Cel. Aparício Borges;100;50;25;11;50;50
2932;0;Guarujá;Centro Histórico;0;0;0;0;0;0
2933;0;Guarujá;Chapéu do Sol;50;50;0;0;50;0
2934;0;Guarujá;Chácara das Pedras;50;0;31;13;0;50
2935;0;Guarujá;Cidade Baixa;50;0;24;14;0;50
2936;0;Guarujá;Costa e Silva;0;0;0;0;0;0
2937;0;Guarujá;Cristal;0;0;0;0;0;0
2938;0;Guarujá;Cristo Redentor;50;0;29;14;0;50
2939;0;Guarujá;Espírito Santo;900;100;464;149;150;750
2940;0;Guarujá;Extrema;0;0;0;0;0;0
2941;0;Guarujá;Farrapos;50;0;0;0;50;0
2942;0;Guarujá;Farroupilha;0;0;0;0;0;0
2943;0;Guarujá;Floresta;0;0;0;0;0;0
2944;0;Guarujá;Glória;150;100;0;0;150;0
2945;0;Guarujá;Guarujá;4200;1000;1670;388;2100;2100
2946;0;Guarujá;Higienópolis;50;50;0;0;50;0
2947;0;Guarujá;Humaitá;50;0;28;12;0;50
2948;0;Guarujá;Hípica;200;50;83;30;50;150
2949;0;Guarujá;Independência;50;0;31;7;0;50
2950;0;Guarujá;Ipanema;0;0;0;0;0;0
2951;0;Guarujá;Jardim Botânico;50;0;0;0;50;0
2952;0;Guarujá;Jardim Carvalho;200;0;82;25;50;150
2953;0;Guarujá;Jardim Europa;0;0;0;0;0;0
2954;0;Guarujá;Jardim Floresta;0;0;0;0;0;0
2955;0;Guarujá;Jardim Isabel;0;0;0;0;0;0
2956;0;Guarujá;Jardim Itú;100;50;24;13;50;50
2957;0;Guarujá;Jardim Leopoldina;100;0;31;7;50;50
2958;0;Guarujá;Jardim Lindóia;0;0;0;0;0;0
2959;0;Guarujá;Jardim Sabará;0;0;0;0;0;0
2960;0;Guarujá;Jardim São Pedro;0;0;0;0;0;0
2961;0;Guarujá;Jardim do Salso;50;0;40;8;0;50
2962;0;Guarujá;Lageado;0;0;0;0;0;0
2963;0;Guarujá;Lami;0;0;0;0;0;0
2964;0;Guarujá;Lomba do Pinheiro;50;0;33;7;0;50
2965;0;Guarujá;Medianeira;50;0;39;3;0;50
2966;0;Guarujá;Menino Deus;200;0;55;35;100;100
2967;0;Guarujá;Moinhos de Vento;50;0;28;9;0;50
2968;0;Guarujá;Mont'Serrat;0;0;0;0;0;0
2969;0;Guarujá;Morro Santana;100;0;64;23;0;100
2970;0;Guarujá;Mário Quintana;50;50;0;0;50;0
2971;0;Guarujá;Navegantes;0;0;0;0;0;0
2972;0;Guarujá;Nonoai;50;0;23;22;0;50
2973;0;Guarujá;Parque Santa Fé;50;50;0;0;50;0
2974;0;Guarujá;Partenon;250;50;113;48;50;200
2975;0;Guarujá;Passo D'Areia;0;0;0;0;0;0
2976;0;Guarujá;Passo das Pedras;50;0;33;5;0;50
2977;0;Guarujá;Pedra Redonda;50;50;0;0;50;0
2978;0;Guarujá;Petrópolis;150;50;32;13;100;50
2979;0;Guarujá;Pitinga;0;0;0;0;0;0
2980;0;Guarujá;Ponta Grossa;850;150;324;96;300;550
2981;0;Guarujá;Praia de Belas;0;0;0;0;0;0
2982;0;Guarujá;Restinga;1000;200;428;119;250;750
2983;0;Guarujá;Rio Branco;50;0;33;16;0;50
2984;0;Guarujá;Rubem Berta;0;0;0;0;0;0
2985;0;Guarujá;Santa Cecília;50;0;36;5;0;50
2986;0;Guarujá;Santa Maria Goretti;100;0;63;16;0;100
2987;0;Guarujá;Santa Rosa de Lima;50;50;0;0;50;0
2988;0;Guarujá;Santa Tereza;250;50;100;43;50;200
2989;0;Guarujá;Santana;0;0;0;0;0;0
2990;0;Guarujá;Santo Antônio;0;0;0;0;0;0
2991;0;Guarujá;Sarandi;200;50;52;27;100;100
2992;0;Guarujá;Serraria;1800;650;483;159;1050;750
2993;0;Guarujá;São Caetano;0;0;0;0;0;0
2994;0;Guarujá;São Geraldo;0;0;0;0;0;0
2995;0;Guarujá;São José;0;0;0;0;0;0
2996;0;Guarujá;São João;0;0;0;0;0;0
2997;0;Guarujá;São Sebastião;0;0;0;0;0;0
2998;0;Guarujá;Sétimo Céu;200;0;82;23;50;150
2999;0;Guarujá;Teresópolis;0;0;0;0;0;0
3000;0;Guarujá;Tristeza;100;50;33;15;50;50
3001;0;Guarujá;Três Figueiras;0;0;0;0;0;0
3002;0;Guarujá;Vila Assunção;0;0;0;0;0;0
3003;0;Guarujá;Vila Conceição;0;0;0;0;0;0
3004;0;Guarujá;Vila Ipiranga;0;0;0;0;0;0
3005;0;Guarujá;Vila Jardim;0;0;0;0;0;0
3006;0;Guarujá;Vila João Pessoa;50;0;36;9;0;50
3007;0;Guarujá;Vila Nova;200;0;121;44;0;200
3008;0;Higienópolis;Aberta dos Morros;50;0;30;12;0;50
3009;0;Higienópolis;Agronomia;150;0;93;26;0;150
3010;0;Higienópolis;Anchieta;100;0;33;3;50;50
3011;0;Higienópolis;Arquipélago;0;0;0;0;0;0
3012;0;Higienópolis;Auxiliadora;400;100;88;30;250;150
3013;0;Higienópolis;Azenha;100;50;0;0;100;0
3014;0;Higienópolis;Bela Vista;50;0;31;15;0;50
3015;0;Higienópolis;Belém Novo;150;100;29;5;100;50
3016;0;Higienópolis;Belém Velho;150;0;86;32;0;150
3017;0;Higienópolis;Boa Vista;1400;150;669;275;250;1150
3018;0;Higienópolis;Boa Vista do Sul;0;0;0;0;0;0
3019;0;Higienópolis;Bom Fim;200;50;40;8;150;50
3020;0;Higienópolis;Bom Jesus;300;100;103;32;150;150
3021;0;Higienópolis;Camaquã;50;0;0;0;50;0
3022;0;Higienópolis;Campo Novo;50;0;0;0;50;0
3023;0;Higienópolis;Cascata;100;50;31;4;50;50
3024;0;Higienópolis;Cavalhada;50;0;24;10;0;50
3025;0;Higienópolis;Cel. Aparício Borges;150;100;30;7;100;50
3026;0;Higienópolis;Centro Histórico;700;0;319;137;150;550
3027;0;Higienópolis;Chapéu do Sol;150;0;95;33;0;150
3028;0;Higienópolis;Chácara das Pedras;100;50;36;8;50;50
3029;0;Higienópolis;Cidade Baixa;250;0;117;52;50;200
3030;0;Higienópolis;Costa e Silva;50;0;33;5;0;50
3031;0;Higienópolis;Cristal;150;50;30;9;100;50
3032;0;Higienópolis;Cristo Redentor;550;50;201;85;200;350
3033;0;Higienópolis;Espírito Santo;100;0;24;11;50;50
3034;0;Higienópolis;Extrema;0;0;0;0;0;0
3035;0;Higienópolis;Farrapos;400;150;88;22;250;150
3036;0;Higienópolis;Farroupilha;50;0;32;16;0;50
3037;0;Higienópolis;Floresta;400;0;226;95;50;350
3038;0;Higienópolis;Glória;50;0;27;13;0;50
3039;0;Higienópolis;Guarujá;50;50;0;0;50;0
3040;0;Higienópolis;Higienópolis;8900;1100;4024;1452;2800;6100
3041;0;Higienópolis;Humaitá;400;100;161;41;150;250
3042;0;Higienópolis;Hípica;100;0;58;22;0;100
3043;0;Higienópolis;Independência;150;0;60;18;50;100
3044;0;Higienópolis;Ipanema;0;0;0;0;0;0
3045;0;Higienópolis;Jardim Botânico;150;50;78;15;100;50
3046;0;Higienópolis;Jardim Carvalho;0;0;0;0;0;0
3047;0;Higienópolis;Jardim Europa;100;0;65;19;0;100
3048;0;Higienópolis;Jardim Floresta;200;50;88;39;50;150
3049;0;Higienópolis;Jardim Isabel;0;0;0;0;0;0
3050;0;Higienópolis;Jardim Itú;150;0;111;23;50;100
3051;0;Higienópolis;Jardim Leopoldina;350;0;165;48;100;250
3052;0;Higienópolis;Jardim Lindóia;100;50;31;10;50;50
3053;0;Higienópolis;Jardim Sabará;200;50;89;33;50;150
3054;0;Higienópolis;Jardim São Pedro;150;50;75;23;50;100
3055;0;Higienópolis;Jardim do Salso;100;50;23;11;50;50
3056;0;Higienópolis;Lageado;0;0;0;0;0;0
3057;0;Higienópolis;Lami;50;50;0;0;50;0
3058;0;Higienópolis;Lomba do Pinheiro;150;50;31;4;100;50
3059;0;Higienópolis;Medianeira;100;0;60;24;0;100
3060;0;Higienópolis;Menino Deus;0;0;0;0;0;0
3061;0;Higienópolis;Moinhos de Vento;100;0;53;33;0;100
3062;0;Higienópolis;Mont'Serrat;1015;50;475;201;215;800
3063;0;Higienópolis;Morro Santana;200;100;55;20;100;100
3064;0;Higienópolis;Mário Quintana;0;0;0;0;0;0
3065;0;Higienópolis;Navegantes;100;0;64;19;0;100
3066;0;Higienópolis;Nonoai;0;0;0;0;0;0
3067;0;Higienópolis;Parque Santa Fé;100;0;0;0;100;0
3068;0;Higienópolis;Partenon;50;0;35;12;0;50
3069;0;Higienópolis;Passo D'Areia;3900;400;1364;1106;750;3150
3070;0;Higienópolis;Passo das Pedras;0;0;0;0;0;0
3071;0;Higienópolis;Pedra Redonda;0;0;0;0;0;0
3072;0;Higienópolis;Petrópolis;500;100;177;71;200;300
3073;0;Higienópolis;Pitinga;100;0;67;24;0;100
3074;0;Higienópolis;Ponta Grossa;100;0;33;17;50;50
3075;0;Higienópolis;Praia de Belas;0;0;0;0;0;0
3076;0;Higienópolis;Restinga;50;0;0;0;50;0
3077;0;Higienópolis;Rio Branco;150;0;102;23;50;100
3078;0;Higienópolis;Rubem Berta;50;50;0;0;50;0
3079;0;Higienópolis;Santa Cecília;50;0;29;20;0;50
3080;0;Higienópolis;Santa Maria Goretti;1050;300;328;100;500;550
3081;0;Higienópolis;Santa Rosa de Lima;0;0;0;0;0;0
3082;0;Higienópolis;Santa Tereza;100;50;26;11;50;50
3083;0;Higienópolis;Santana;100;0;63;21;0;100
3084;0;Higienópolis;Santo Antônio;0;0;0;0;0;0
3085;0;Higienópolis;Sarandi;750;0;342;180;100;650
3086;0;Higienópolis;Serraria;0;0;0;0;0;0
3087;0;Higienópolis;São Caetano;50;0;0;0;50;0
3088;0;Higienópolis;São Geraldo;100;0;56;27;0;100
3089;0;Higienópolis;São José;50;0;32;15;0;50
3090;0;Higienópolis;São João;1000;350;166;48;800;200
3091;0;Higienópolis;São Sebastião;100;50;30;9;50;50
3092;0;Higienópolis;Sétimo Céu;50;0;0;0;50;0
3093;0;Higienópolis;Teresópolis;250;0;111;53;50;200
3094;0;Higienópolis;Tristeza;50;50;0;0;50;0
3095;0;Higienópolis;Três Figueiras;250;0;121;50;50;200
3096;0;Higienópolis;Vila Assunção;0;0;0;0;0;0
3097;0;Higienópolis;Vila Conceição;0;0;0;0;0;0
3098;0;Higienópolis;Vila Ipiranga;250;0;167;41;50;200
3099;0;Higienópolis;Vila Jardim;100;0;55;30;0;100
3100;0;Higienópolis;Vila João Pessoa;150;50;34;9;100;50
3101;0;Higienópolis;Vila Nova;100;0;70;18;0;100
3102;0;Humaitá;Aberta dos Morros;50;0;27;10;0;50
3103;0;Humaitá;Agronomia;0;0;0;0;0;0
3104;0;Humaitá;Anchieta;486;50;69;9;386;100
3105;0;Humaitá;Arquipélago;0;0;0;0;0;0
3106;0;Humaitá;Auxiliadora;0;0;0;0;0;0
3107;0;Humaitá;Azenha;50;0;33;4;0;50
3108;0;Humaitá;Bela Vista;50;0;33;3;0;50
3109;0;Humaitá;Belém Novo;50;0;0;0;50;0
3110;0;Humaitá;Belém Velho;50;0;31;6;0;50
3111;0;Humaitá;Boa Vista;100;50;39;5;50;50
3112;0;Humaitá;Boa Vista do Sul;150;50;35;7;100;50
3113;0;Humaitá;Bom Fim;100;0;71;11;0;100
3114;0;Humaitá;Bom Jesus;200;0;115;32;0;200
3115;0;Humaitá;Camaquã;100;50;28;7;50;50
3116;0;Humaitá;Campo Novo;200;0;120;31;0;200
3117;0;Humaitá;Cascata;100;100;0;0;100;0
3118;0;Humaitá;Cavalhada;100;0;65;17;0;100
3119;0;Humaitá;Cel. Aparício Borges;200;50;89;17;50;150
3120;0;Humaitá;Centro Histórico;150;0;89;35;0;150
3121;0;Humaitá;Chapéu do Sol;50;0;31;7;0;50
3122;0;Humaitá;Chácara das Pedras;100;0;27;13;50;50
3123;0;Humaitá;Cidade Baixa;50;0;22;7;0;50
3124;0;Humaitá;Costa e Silva;200;50;68;18;100;100
3125;0;Humaitá;Cristal;250;0;144;54;0;250
3126;0;Humaitá;Cristo Redentor;100;0;27;7;50;50
3127;0;Humaitá;Espírito Santo;31;0;31;0;31;0
3128;0;Humaitá;Extrema;50;0;24;13;0;50
3129;0;Humaitá;Farrapos;7550;2350;2451;575;3900;3650
3130;0;Humaitá;Farroupilha;0;0;0;0;0;0
3131;0;Humaitá;Floresta;100;50;0;0;100;0
3132;0;Humaitá;Glória;100;50;21;12;50;50
3133;0;Humaitá;Guarujá;50;0;28;12;0;50
3134;0;Humaitá;Higienópolis;400;100;161;41;150;250
3135;0;Humaitá;Humaitá;6300;1600;1660;368;3800;2500
3136;0;Humaitá;Hípica;50;0;38;5;0;50
3137;0;Humaitá;Independência;100;0;72;15;0;100
3138;0;Humaitá;Ipanema;100;0;72;17;0;100
3139;0;Humaitá;Jardim Botânico;100;50;0;0;100;0
3140;0;Humaitá;Jardim Carvalho;50;0;32;13;0;50
3141;0;Humaitá;Jardim Europa;150;0;112;19;0;150
3142;0;Humaitá;Jardim Floresta;250;50;99;27;100;150
3143;0;Humaitá;Jardim Isabel;100;0;71;16;0;100
3144;0;Humaitá;Jardim Itú;100;0;26;9;50;50
3145;0;Humaitá;Jardim Leopoldina;50;50;0;0;50;0
3146;0;Humaitá;Jardim Lindóia;150;0;66;24;50;100
3147;0;Humaitá;Jardim Sabará;150;0;96;43;0;150
3148;0;Humaitá;Jardim São Pedro;450;0;257;58;50;400
3149;0;Humaitá;Jardim do Salso;150;50;73;15;50;100
3150;0;Humaitá;Lageado;100;0;31;6;50;50
3151;0;Humaitá;Lami;150;0;92;23;0;150
3152;0;Humaitá;Lomba do Pinheiro;150;0;90;12;0;150
3153;0;Humaitá;Medianeira;50;0;31;8;0;50
3154;0;Humaitá;Menino Deus;150;0;60;30;50;100
3155;0;Humaitá;Moinhos de Vento;100;0;65;13;0;100
3156;0;Humaitá;Mont'Serrat;0;0;0;0;0;0
3157;0;Humaitá;Morro Santana;50;50;0;0;50;0
3158;0;Humaitá;Mário Quintana;100;50;26;4;50;50
3159;0;Humaitá;Navegantes;1402;600;264;75;952;450
3160;0;Humaitá;Nonoai;50;50;0;0;50;0
3161;0;Humaitá;Parque Santa Fé;0;0;0;0;0;0
3162;0;Humaitá;Partenon;200;50;58;27;100;100
3163;0;Humaitá;Passo D'Areia;150;0;56;18;50;100
3164;0;Humaitá;Passo das Pedras;50;50;0;0;50;0
3165;0;Humaitá;Pedra Redonda;0;0;0;0;0;0
3166;0;Humaitá;Petrópolis;150;50;25;16;100;50
3167;0;Humaitá;Pitinga;50;0;28;9;0;50
3168;0;Humaitá;Ponta Grossa;100;0;58;17;0;100
3169;0;Humaitá;Praia de Belas;50;0;29;10;0;50
3170;0;Humaitá;Restinga;400;50;154;40;150;250
3171;0;Humaitá;Rio Branco;50;0;28;21;0;50
3172;0;Humaitá;Rubem Berta;100;0;57;20;0;100
3173;0;Humaitá;Santa Cecília;100;0;63;19;0;100
3174;0;Humaitá;Santa Maria Goretti;350;150;37;8;300;50
3175;0;Humaitá;Santa Rosa de Lima;100;0;41;6;50;50
3176;0;Humaitá;Santa Tereza;100;0;59;16;0;100
3177;0;Humaitá;Santana;100;0;52;11;0;100
3178;0;Humaitá;Santo Antônio;0;0;0;0;0;0
3179;0;Humaitá;Sarandi;300;100;87;30;150;150
3180;0;Humaitá;Serraria;0;0;0;0;0;0
3181;0;Humaitá;São Caetano;50;0;39;7;0;50
3182;0;Humaitá;São Geraldo;200;50;89;35;50;150
3183;0;Humaitá;São José;50;0;35;6;0;50
3184;0;Humaitá;São João;250;100;63;11;150;100
3185;0;Humaitá;São Sebastião;50;0;37;8;0;50
3186;0;Humaitá;Sétimo Céu;0;0;0;0;0;0
3187;0;Humaitá;Teresópolis;50;0;50;0;50;0
3188;0;Humaitá;Tristeza;50;0;0;0;50;0
3189;0;Humaitá;Três Figueiras;50;0;32;7;0;50
3190;0;Humaitá;Vila Assunção;100;50;35;9;50;50
3191;0;Humaitá;Vila Conceição;0;0;0;0;0;0
3192;0;Humaitá;Vila Ipiranga;50;0;28;6;0;50
3193;0;Humaitá;Vila Jardim;150;100;29;12;100;50
3194;0;Humaitá;Vila João Pessoa;100;0;60;17;0;100
3195;0;Humaitá;Vila Nova;150;50;54;18;50;100
3196;0;Hípica;Aberta dos Morros;1600;300;711;154;600;1000
3197;0;Hípica;Agronomia;50;50;0;0;50;0
3198;0;Hípica;Anchieta;100;50;27;5;50;50
3199;0;Hípica;Arquipélago;0;0;0;0;0;0
3200;0;Hípica;Auxiliadora;50;0;0;0;50;0
3201;0;Hípica;Azenha;150;50;32;8;100;50
3202;0;Hípica;Bela Vista;200;0;105;28;50;150
3203;0;Hípica;Belém Novo;2250;300;1108;312;450;1800
3204;0;Hípica;Belém Velho;450;150;174;42;150;300
3205;0;Hípica;Boa Vista;0;0;0;0;0;0
3206;0;Hípica;Boa Vista do Sul;150;0;87;25;0;150
3207;0;Hípica;Bom Fim;50;50;0;0;50;0
3208;0;Hípica;Bom Jesus;150;50;25;6;100;50
3209;0;Hípica;Camaquã;150;0;92;34;0;150
3210;0;Hípica;Campo Novo;300;100;120;29;100;200
3211;0;Hípica;Cascata;150;50;36;5;100;50
3212;0;Hípica;Cavalhada;550;50;199;69;200;350
3213;0;Hípica;Cel. Aparício Borges;150;0;97;20;0;150
3214;0;Hípica;Centro Histórico;100;0;42;27;0;100
3215;0;Hípica;Chapéu do Sol;5300;1000;2127;489;2200;3100
3216;0;Hípica;Chácara das Pedras;50;50;0;0;50;0
3217;0;Hípica;Cidade Baixa;100;0;62;13;0;100
3218;0;Hípica;Costa e Silva;0;0;0;0;0;0
3219;0;Hípica;Cristal;200;0;98;23;50;150
3220;0;Hípica;Cristo Redentor;50;0;32;13;0;50
3221;0;Hípica;Espírito Santo;200;0;103;16;50;150
3222;0;Hípica;Extrema;100;0;67;14;0;100
3223;0;Hípica;Farrapos;150;100;24;8;100;50
3224;0;Hípica;Farroupilha;0;0;0;0;0;0
3225;0;Hípica;Floresta;50;50;0;0;50;0
3226;0;Hípica;Glória;100;50;50;0;100;0
3227;0;Hípica;Guarujá;200;50;83;30;50;150
3228;0;Hípica;Higienópolis;100;0;58;22;0;100
3229;0;Hípica;Humaitá;50;0;38;5;0;50
3230;0;Hípica;Hípica;8180;3400;1160;200;6780;1400
3231;0;Hípica;Independência;0;0;0;0;0;0
3232;0;Hípica;Ipanema;400;0;179;43;150;250
3233;0;Hípica;Jardim Botânico;150;0;59;14;50;100
3234;0;Hípica;Jardim Carvalho;50;50;0;0;50;0
3235;0;Hípica;Jardim Europa;50;0;29;8;0;50
3236;0;Hípica;Jardim Floresta;50;50;0;0;50;0
3237;0;Hípica;Jardim Isabel;200;0;68;17;100;100
3238;0;Hípica;Jardim Itú;50;0;29;8;0;50
3239;0;Hípica;Jardim Leopoldina;50;0;40;8;0;50
3240;0;Hípica;Jardim Lindóia;0;0;0;0;0;0
3241;0;Hípica;Jardim Sabará;50;50;0;0;50;0
3242;0;Hípica;Jardim São Pedro;50;50;0;0;50;0
3243;0;Hípica;Jardim do Salso;0;0;0;0;0;0
3244;0;Hípica;Lageado;300;0;210;43;0;300
3245;0;Hípica;Lami;150;0;89;26;0;150
3246;0;Hípica;Lomba do Pinheiro;200;100;30;2;150;50
3247;0;Hípica;Medianeira;250;50;103;25;100;150
3248;0;Hípica;Menino Deus;100;0;42;34;0;100
3249;0;Hípica;Moinhos de Vento;100;0;0;0;100;0
3250;0;Hípica;Mont'Serrat;50;0;25;13;0;50
3251;0;Hípica;Morro Santana;150;0;63;17;50;100
3252;0;Hípica;Mário Quintana;0;0;0;0;0;0
3253;0;Hípica;Navegantes;0;0;0;0;0;0
3254;0;Hípica;Nonoai;250;0;159;50;0;250
3255;0;Hípica;Parque Santa Fé;100;0;62;16;0;100
3256;0;Hípica;Partenon;300;0;145;49;50;250
3257;0;Hípica;Passo D'Areia;0;0;0;0;0;0
3258;0;Hípica;Passo das Pedras;50;0;37;3;0;50
3259;0;Hípica;Pedra Redonda;150;0;83;19;0;150
3260;0;Hípica;Petrópolis;50;0;0;0;50;0
3261;0;Hípica;Pitinga;350;50;163;41;100;250
3262;0;Hípica;Ponta Grossa;800;150;329;84;300;500
3263;0;Hípica;Praia de Belas;0;0;0;0;0;0
3264;0;Hípica;Restinga;1450;300;530;140;550;900
3265;0;Hípica;Rio Branco;100;50;25;8;50;50
3266;0;Hípica;Rubem Berta;250;50;44;27;150;100
3267;0;Hípica;Santa Cecília;200;0;62;25;100;100
3268;0;Hípica;Santa Maria Goretti;0;0;0;0;0;0
3269;0;Hípica;Santa Rosa de Lima;0;0;0;0;0;0
3270;0;Hípica;Santa Tereza;200;50;86;19;50;150
3271;0;Hípica;Santana;100;0;41;33;0;100
3272;0;Hípica;Santo Antônio;150;0;78;39;0;150
3273;0;Hípica;Sarandi;50;0;28;7;0;50
3274;0;Hípica;Serraria;600;50;319;84;100;500
3275;0;Hípica;São Caetano;150;50;33;8;100;50
3276;0;Hípica;São Geraldo;0;0;0;0;0;0
3277;0;Hípica;São José;150;50;76;11;50;100
3278;0;Hípica;São João;150;50;59;25;50;100
3279;0;Hípica;São Sebastião;0;0;0;0;0;0
3280;0;Hípica;Sétimo Céu;50;0;36;6;0;50
3281;0;Hípica;Teresópolis;100;0;67;21;0;100
3282;0;Hípica;Tristeza;200;0;142;23;0;200
3283;0;Hípica;Três Figueiras;100;0;35;6;50;50
3284;0;Hípica;Vila Assunção;50;50;0;0;50;0
3285;0;Hípica;Vila Conceição;50;0;0;0;50;0
3286;0;Hípica;Vila Ipiranga;0;0;0;0;0;0
3287;0;Hípica;Vila Jardim;0;0;0;0;0;0
3288;0;Hípica;Vila João Pessoa;300;50;133;34;100;200
3289;0;Hípica;Vila Nova;450;100;140;27;300;150
3290;0;Independência;Aberta dos Morros;0;0;0;0;0;0
3291;0;Independência;Agronomia;0;0;0;0;0;0
3292;0;Independência;Anchieta;100;0;23;8;50;50
3293;0;Independência;Arquipélago;200;0;84;19;50;150
3294;0;Independência;Auxiliadora;300;50;88;52;150;150
3295;0;Independência;Azenha;450;100;134;72;200;250
3296;0;Independência;Bela Vista;250;100;75;51;100;150
3297;0;Independência;Belém Novo;0;0;0;0;0;0
3298;0;Independência;Belém Velho;50;0;31;15;0;50
3299;0;Independência;Boa Vista;100;0;26;18;50;50
3300;0;Independência;Boa Vista do Sul;50;0;26;14;0;50
3301;0;Independência;Bom Fim;3550;400;1088;631;1350;2200
3302;0;Independência;Bom Jesus;100;0;64;19;0;100
3303;0;Independência;Camaquã;0;0;0;0;0;0
3304;0;Independência;Campo Novo;0;0;0;0;0;0
3305;0;Independência;Cascata;150;50;73;20;100;50
3306;0;Independência;Cavalhada;100;0;32;14;50;50
3307;0;Independência;Cel. Aparício Borges;50;0;25;25;0;50
3308;0;Independência;Centro Histórico;1650;150;578;233;750;900
3309;0;Independência;Chapéu do Sol;0;0;0;0;0;0
3310;0;Independência;Chácara das Pedras;50;0;18;16;0;50
3311;0;Independência;Cidade Baixa;1200;50;447;267;300;900
3312;0;Independência;Costa e Silva;100;0;30;7;50;50
3313;0;Independência;Cristal;100;50;27;6;50;50
3314;0;Independência;Cristo Redentor;50;0;25;11;0;50
3315;0;Independência;Espírito Santo;50;0;36;7;0;50
3316;0;Independência;Extrema;50;0;0;0;50;0
3317;0;Independência;Farrapos;300;100;114;49;100;200
3318;0;Independência;Farroupilha;700;0;292;162;150;550
3319;0;Independência;Floresta;650;200;247;69;400;250
3320;0;Independência;Glória;50;0;37;7;0;50
3321;0;Independência;Guarujá;50;0;31;7;0;50
3322;0;Independência;Higienópolis;150;0;60;18;50;100
3323;0;Independência;Humaitá;100;0;72;15;0;100
3324;0;Independência;Hípica;0;0;0;0;0;0
3325;0;Independência;Independência;2600;600;458;280;1700;900
3326;0;Independência;Ipanema;50;0;0;0;50;0
3327;0;Independência;Jardim Botânico;150;0;92;43;0;150
3328;0;Independência;Jardim Carvalho;100;0;28;13;50;50
3329;0;Independência;Jardim Europa;100;50;24;10;50;50
3330;0;Independência;Jardim Floresta;100;0;27;11;50;50
3331;0;Independência;Jardim Isabel;0;0;0;0;0;0
3332;0;Independência;Jardim Itú;50;0;0;0;50;0
3333;0;Independência;Jardim Leopoldina;100;0;68;15;0;100
3334;0;Independência;Jardim Lindóia;0;0;0;0;0;0
3335;0;Independência;Jardim Sabará;150;50;32;14;100;50
3336;0;Independência;Jardim São Pedro;100;50;0;0;100;0
3337;0;Independência;Jardim do Salso;100;50;0;0;100;0
3338;0;Independência;Lageado;0;0;0;0;0;0
3339;0;Independência;Lami;0;0;0;0;0;0
3340;0;Independência;Lomba do Pinheiro;50;0;0;0;50;0
3341;0;Independência;Medianeira;200;0;109;44;0;200
3342;0;Independência;Menino Deus;350;50;72;48;200;150
3343;0;Independência;Moinhos de Vento;950;150;348;253;250;700
3344;0;Independência;Mont'Serrat;250;50;109;61;50;200
3345;0;Independência;Morro Santana;0;0;0;0;0;0
3346;0;Independência;Mário Quintana;50;0;28;5;0;50
3347;0;Independência;Navegantes;50;0;0;0;50;0
3348;0;Independência;Nonoai;150;50;57;24;50;100
3349;0;Independência;Parque Santa Fé;100;0;27;13;50;50
3350;0;Independência;Partenon;500;50;239;87;50;450
3351;0;Independência;Passo D'Areia;250;0;91;80;50;200
3352;0;Independência;Passo das Pedras;50;0;34;9;0;50
3353;0;Independência;Pedra Redonda;0;0;0;0;0;0
3354;0;Independência;Petrópolis;200;50;90;46;50;150
3355;0;Independência;Pitinga;0;0;0;0;0;0
3356;0;Independência;Ponta Grossa;0;0;0;0;0;0
3357;0;Independência;Praia de Belas;100;0;17;17;50;50
3358;0;Independência;Restinga;50;0;50;0;50;0
3359;0;Independência;Rio Branco;1400;250;427;265;500;900
3360;0;Independência;Rubem Berta;50;0;31;16;0;50
3361;0;Independência;Santa Cecília;500;150;70;38;350;150
3362;0;Independência;Santa Maria Goretti;100;0;34;3;50;50
3363;0;Independência;Santa Rosa de Lima;50;0;0;0;50;0
3364;0;Independência;Santa Tereza;450;50;172;68;100;350
3365;0;Independência;Santana;650;100;211;81;350;300
3366;0;Independência;Santo Antônio;150;0;69;18;100;50
3367;0;Independência;Sarandi;300;150;58;25;200;100
3368;0;Independência;Serraria;0;0;0;0;0;0
3369;0;Independência;São Caetano;50;0;0;0;50;0
3370;0;Independência;São Geraldo;300;0;160;92;0;300
3371;0;Independência;São José;150;0;21;19;100;50
3372;0;Independência;São João;200;0;23;19;150;50
3373;0;Independência;São Sebastião;150;0;62;25;50;100
3374;0;Independência;Sétimo Céu;0;0;0;0;0;0
3375;0;Independência;Teresópolis;0;0;0;0;0;0
3376;0;Independência;Tristeza;0;0;0;0;0;0
3377;0;Independência;Três Figueiras;50;0;0;0;50;0
3378;0;Independência;Vila Assunção;50;0;0;0;50;0
3379;0;Independência;Vila Conceição;0;0;0;0;0;0
3380;0;Independência;Vila Ipiranga;50;0;0;0;50;0
3381;0;Independência;Vila Jardim;100;0;66;23;0;100
3382;0;Independência;Vila João Pessoa;100;0;0;0;100;0
3383;0;Independência;Vila Nova;100;0;21;15;50;50
3384;0;Ipanema;Aberta dos Morros;200;50;85;32;50;150
3385;0;Ipanema;Agronomia;100;0;63;30;0;100
3386;0;Ipanema;Anchieta;50;0;0;0;50;0
3387;0;Ipanema;Arquipélago;100;0;57;15;0;100
3388;0;Ipanema;Auxiliadora;50;0;21;14;0;50
3389;0;Ipanema;Azenha;50;0;32;14;0;50
3390;0;Ipanema;Bela Vista;150;0;88;32;0;150
3391;0;Ipanema;Belém Novo;50;50;0;0;50;0
3392;0;Ipanema;Belém Velho;400;50;211;67;50;350
3393;0;Ipanema;Boa Vista;50;50;0;0;50;0
3394;0;Ipanema;Boa Vista do Sul;50;0;27;15;0;50
3395;0;Ipanema;Bom Fim;0;0;0;0;0;0
3396;0;Ipanema;Bom Jesus;50;0;22;9;0;50
3397;0;Ipanema;Camaquã;550;150;224;74;200;350
3398;0;Ipanema;Campo Novo;700;0;413;138;0;700
3399;0;Ipanema;Cascata;50;0;0;0;50;0
3400;0;Ipanema;Cavalhada;2000;750;242;83;1600;400
3401;0;Ipanema;Cel. Aparício Borges;0;0;0;0;0;0
3402;0;Ipanema;Centro Histórico;200;100;57;20;100;100
3403;0;Ipanema;Chapéu do Sol;50;50;0;0;50;0
3404;0;Ipanema;Chácara das Pedras;50;50;0;0;50;0
3405;0;Ipanema;Cidade Baixa;300;50;141;63;50;250
3406;0;Ipanema;Costa e Silva;0;0;0;0;0;0
3407;0;Ipanema;Cristal;250;0;126;52;50;200
3408;0;Ipanema;Cristo Redentor;50;0;34;13;0;50
3409;0;Ipanema;Espírito Santo;700;50;327;112;150;550
3410;0;Ipanema;Extrema;0;0;0;0;0;0
3411;0;Ipanema;Farrapos;150;0;34;10;100;50
3412;0;Ipanema;Farroupilha;0;0;0;0;0;0
3413;0;Ipanema;Floresta;150;0;63;24;50;100
3414;0;Ipanema;Glória;100;0;36;13;50;50
3415;0;Ipanema;Guarujá;0;0;0;0;0;0
3416;0;Ipanema;Higienópolis;0;0;0;0;0;0
3417;0;Ipanema;Humaitá;100;0;72;17;0;100
3418;0;Ipanema;Hípica;400;0;179;43;150;250
3419;0;Ipanema;Independência;50;0;0;0;50;0
3420;0;Ipanema;Ipanema;5022;2400;410;94;4522;500
3421;0;Ipanema;Jardim Botânico;100;0;61;21;0;100
3422;0;Ipanema;Jardim Carvalho;0;0;0;0;0;0
3423;0;Ipanema;Jardim Europa;50;0;33;9;0;50
3424;0;Ipanema;Jardim Floresta;0;0;0;0;0;0
3425;0;Ipanema;Jardim Isabel;2050;550;627;237;1050;1000
3426;0;Ipanema;Jardim Itú;0;0;0;0;0;0
3427;0;Ipanema;Jardim Leopoldina;100;0;26;15;50;50
3428;0;Ipanema;Jardim Lindóia;50;0;37;10;0;50
3429;0;Ipanema;Jardim Sabará;100;0;58;19;0;100
3430;0;Ipanema;Jardim São Pedro;0;0;0;0;0;0
3431;0;Ipanema;Jardim do Salso;0;0;0;0;0;0
3432;0;Ipanema;Lageado;50;0;28;11;0;50
3433;0;Ipanema;Lami;0;0;0;0;0;0
3434;0;Ipanema;Lomba do Pinheiro;0;0;0;0;0;0
3435;0;Ipanema;Medianeira;100;50;26;9;50;50
3436;0;Ipanema;Menino Deus;50;0;25;16;0;50
3437;0;Ipanema;Moinhos de Vento;0;0;0;0;0;0
3438;0;Ipanema;Mont'Serrat;0;0;0;0;0;0
3439;0;Ipanema;Morro Santana;0;0;0;0;0;0
3440;0;Ipanema;Mário Quintana;100;50;30;8;50;50
3441;0;Ipanema;Navegantes;50;0;28;11;0;50
3442;0;Ipanema;Nonoai;300;0;179;61;0;300
3443;0;Ipanema;Parque Santa Fé;0;0;0;0;0;0
3444;0;Ipanema;Partenon;100;0;60;17;0;100
3445;0;Ipanema;Passo D'Areia;0;0;0;0;0;0
3446;0;Ipanema;Passo das Pedras;100;0;71;16;0;100
3447;0;Ipanema;Pedra Redonda;400;50;143;33;250;150
3448;0;Ipanema;Petrópolis;200;0;111;49;0;200
3449;0;Ipanema;Pitinga;0;0;0;0;0;0
3450;0;Ipanema;Ponta Grossa;700;50;382;110;150;550
3451;0;Ipanema;Praia de Belas;150;50;61;16;50;100
3452;0;Ipanema;Restinga;700;100;277;61;250;450
3453;0;Ipanema;Rio Branco;50;0;23;12;0;50
3454;0;Ipanema;Rubem Berta;0;0;0;0;0;0
3455;0;Ipanema;Santa Cecília;0;0;0;0;0;0
3456;0;Ipanema;Santa Maria Goretti;0;0;0;0;0;0
3457;0;Ipanema;Santa Rosa de Lima;100;0;33;13;50;50
3458;0;Ipanema;Santa Tereza;300;0;145;42;50;250
3459;0;Ipanema;Santana;400;0;175;104;50;350
3460;0;Ipanema;Santo Antônio;200;0;93;34;50;150
3461;0;Ipanema;Sarandi;50;0;22;16;0;50
3462;0;Ipanema;Serraria;750;50;357;107;150;600
3463;0;Ipanema;São Caetano;100;50;21;10;50;50
3464;0;Ipanema;São Geraldo;0;0;0;0;0;0
3465;0;Ipanema;São José;50;0;34;12;0;50
3466;0;Ipanema;São João;50;0;0;0;50;0
3467;0;Ipanema;São Sebastião;150;0;82;35;0;150
3468;0;Ipanema;Sétimo Céu;1350;300;568;200;500;850
3469;0;Ipanema;Teresópolis;550;200;178;45;350;200
3470;0;Ipanema;Tristeza;700;100;312;128;200;500
3471;0;Ipanema;Três Figueiras;0;0;0;0;0;0
3472;0;Ipanema;Vila Assunção;100;0;0;0;100;0
3473;0;Ipanema;Vila Conceição;1100;100;568;187;200;900
3474;0;Ipanema;Vila Ipiranga;150;50;63;32;50;100
3475;0;Ipanema;Vila Jardim;100;0;62;24;0;100
3476;0;Ipanema;Vila João Pessoa;0;0;0;0;0;0
3477;0;Ipanema;Vila Nova;1750;0;950;371;150;1600
3478;0;Jardim Botânico;Aberta dos Morros;50;0;25;9;0;50
3479;0;Jardim Botânico;Agronomia;50;0;0;0;50;0
3480;0;Jardim Botânico;Anchieta;0;0;0;0;0;0
3481;0;Jardim Botânico;Arquipélago;50;0;50;0;50;0
3482;0;Jardim Botânico;Auxiliadora;150;0;75;36;0;150
3483;0;Jardim Botânico;Azenha;300;0;82;35;150;150
3484;0;Jardim Botânico;Bela Vista;350;200;33;9;300;50
3485;0;Jardim Botânico;Belém Novo;50;0;0;0;50;0
3486;0;Jardim Botânico;Belém Velho;50;0;34;11;0;50
3487;0;Jardim Botânico;Boa Vista;0;0;0;0;0;0
3488;0;Jardim Botânico;Boa Vista do Sul;0;0;0;0;0;0
3489;0;Jardim Botânico;Bom Fim;350;0;180;82;50;300
3490;0;Jardim Botânico;Bom Jesus;700;200;200;70;350;350
3491;0;Jardim Botânico;Camaquã;50;0;0;0;50;0
3492;0;Jardim Botânico;Campo Novo;100;50;36;10;50;50
3493;0;Jardim Botânico;Cascata;450;0;206;65;100;350
3494;0;Jardim Botânico;Cavalhada;150;50;30;10;100;50
3495;0;Jardim Botânico;Cel. Aparício Borges;1100;200;406;87;500;600
3496;0;Jardim Botânico;Centro Histórico;400;50;182;79;50;350
3497;0;Jardim Botânico;Chapéu do Sol;50;0;0;0;50;0
3498;0;Jardim Botânico;Chácara das Pedras;150;0;83;46;0;150
3499;0;Jardim Botânico;Cidade Baixa;100;0;60;18;0;100
3500;0;Jardim Botânico;Costa e Silva;0;0;0;0;0;0
3501;0;Jardim Botânico;Cristal;300;0;117;44;100;200
3502;0;Jardim Botânico;Cristo Redentor;100;0;28;12;50;50
3503;0;Jardim Botânico;Espírito Santo;50;50;0;0;50;0
3504;0;Jardim Botânico;Extrema;0;0;0;0;0;0
3505;0;Jardim Botânico;Farrapos;0;0;0;0;0;0
3506;0;Jardim Botânico;Farroupilha;150;100;31;7;100;50
3507;0;Jardim Botânico;Floresta;150;0;87;37;0;150
3508;0;Jardim Botânico;Glória;350;50;156;51;150;200
3509;0;Jardim Botânico;Guarujá;50;0;0;0;50;0
3510;0;Jardim Botânico;Higienópolis;150;50;78;15;100;50
3511;0;Jardim Botânico;Humaitá;100;50;0;0;100;0
3512;0;Jardim Botânico;Hípica;150;0;59;14;50;100
3513;0;Jardim Botânico;Independência;150;0;92;43;0;150
3514;0;Jardim Botânico;Ipanema;100;0;61;21;0;100
3515;0;Jardim Botânico;Jardim Botânico;7200;500;3754;1496;600;6600
3516;0;Jardim Botânico;Jardim Carvalho;300;50;120;35;100;200
3517;0;Jardim Botânico;Jardim Europa;100;0;65;17;0;100
3518;0;Jardim Botânico;Jardim Floresta;0;0;0;0;0;0
3519;0;Jardim Botânico;Jardim Isabel;0;0;0;0;0;0
3520;0;Jardim Botânico;Jardim Itú;200;50;66;23;100;100
3521;0;Jardim Botânico;Jardim Leopoldina;0;0;0;0;0;0
3522;0;Jardim Botânico;Jardim Lindóia;150;50;62;20;50;100
3523;0;Jardim Botânico;Jardim Sabará;200;50;64;18;100;100
3524;0;Jardim Botânico;Jardim São Pedro;50;0;24;17;0;50
3525;0;Jardim Botânico;Jardim do Salso;618;50;268;64;318;300
3526;0;Jardim Botânico;Lageado;100;50;31;9;50;50
3527;0;Jardim Botânico;Lami;50;0;50;0;50;0
3528;0;Jardim Botânico;Lomba do Pinheiro;500;0;278;51;50;450
3529;0;Jardim Botânico;Medianeira;200;50;80;37;50;150
3530;0;Jardim Botânico;Menino Deus;400;150;133;38;250;150
3531;0;Jardim Botânico;Moinhos de Vento;200;0;73;54;50;150
3532;0;Jardim Botânico;Mont'Serrat;450;100;190;76;100;350
3533;0;Jardim Botânico;Morro Santana;100;50;30;14;50;50
3534;0;Jardim Botânico;Mário Quintana;100;50;0;0;100;0
3535;0;Jardim Botânico;Navegantes;0;0;0;0;0;0
3536;0;Jardim Botânico;Nonoai;200;50;83;36;50;150
3537;0;Jardim Botânico;Parque Santa Fé;100;50;33;9;50;50
3538;0;Jardim Botânico;Partenon;1500;100;752;252;200;1300
3539;0;Jardim Botânico;Passo D'Areia;100;0;13;18;50;50
3540;0;Jardim Botânico;Passo das Pedras;50;50;0;0;50;0
3541;0;Jardim Botânico;Pedra Redonda;50;50;0;0;50;0
3542;0;Jardim Botânico;Petrópolis;2850;650;577;176;2200;650
3543;0;Jardim Botânico;Pitinga;100;50;26;12;50;50
3544;0;Jardim Botânico;Ponta Grossa;100;0;0;0;100;0
3545;0;Jardim Botânico;Praia de Belas;250;0;136;71;0;250
3546;0;Jardim Botânico;Restinga;500;50;173;55;200;300
3547;0;Jardim Botânico;Rio Branco;500;50;249;84;200;300
3548;0;Jardim Botânico;Rubem Berta;100;50;0;0;100;0
3549;0;Jardim Botânico;Santa Cecília;450;100;107;58;250;200
3550;0;Jardim Botânico;Santa Maria Goretti;150;50;56;19;50;100
3551;0;Jardim Botânico;Santa Rosa de Lima;150;50;31;7;100;50
3552;0;Jardim Botânico;Santa Tereza;300;0;83;27;150;150
3553;0;Jardim Botânico;Santana;200;0;80;38;50;150
3554;0;Jardim Botânico;Santo Antônio;500;50;186;63;250;250
3555;0;Jardim Botânico;Sarandi;100;50;0;0;100;0
3556;0;Jardim Botânico;Serraria;50;0;32;12;0;50
3557;0;Jardim Botânico;São Caetano;50;0;31;13;0;50
3558;0;Jardim Botânico;São Geraldo;150;0;53;26;50;100
3559;0;Jardim Botânico;São José;650;0;389;113;0;650
3560;0;Jardim Botânico;São João;200;0;122;42;0;200
3561;0;Jardim Botânico;São Sebastião;200;0;88;28;50;150
3562;0;Jardim Botânico;Sétimo Céu;0;0;0;0;0;0
3563;0;Jardim Botânico;Teresópolis;250;50;27;13;200;50
3564;0;Jardim Botânico;Tristeza;100;0;30;16;50;50
3565;0;Jardim Botânico;Três Figueiras;300;100;88;34;150;150
3566;0;Jardim Botânico;Vila Assunção;50;0;30;12;0;50
3567;0;Jardim Botânico;Vila Conceição;200;50;109;32;100;100
3568;0;Jardim Botânico;Vila Ipiranga;50;0;28;10;0;50
3569;0;Jardim Botânico;Vila Jardim;250;0;143;61;0;250
3570;0;Jardim Botânico;Vila João Pessoa;1300;350;407;151;600;700
3571;0;Jardim Botânico;Vila Nova;300;100;64;21;200;100
3572;0;Jardim Carvalho;Aberta dos Morros;100;0;59;21;0;100
3573;0;Jardim Carvalho;Agronomia;3000;1550;321;59;2650;350
3574;0;Jardim Carvalho;Anchieta;100;100;0;0;100;0
3575;0;Jardim Carvalho;Arquipélago;50;0;30;16;0;50
3576;0;Jardim Carvalho;Auxiliadora;100;50;35;11;50;50
3577;0;Jardim Carvalho;Azenha;150;100;30;12;100;50
3578;0;Jardim Carvalho;Bela Vista;200;0;128;38;0;200
3579;0;Jardim Carvalho;Belém Novo;200;0;75;38;50;150
3580;0;Jardim Carvalho;Belém Velho;150;50;38;6;100;50
3581;0;Jardim Carvalho;Boa Vista;50;0;23;14;0;50
3582;0;Jardim Carvalho;Boa Vista do Sul;50;0;28;6;0;50
3583;0;Jardim Carvalho;Bom Fim;250;0;83;41;100;150
3584;0;Jardim Carvalho;Bom Jesus;1600;400;520;138;850;750
3585;0;Jardim Carvalho;Camaquã;0;0;0;0;0;0
3586;0;Jardim Carvalho;Campo Novo;0;0;0;0;0;0
3587;0;Jardim Carvalho;Cascata;750;200;365;96;200;550
3588;0;Jardim Carvalho;Cavalhada;250;0;166;52;0;250
3589;0;Jardim Carvalho;Cel. Aparício Borges;377;0;135;37;127;250
3590;0;Jardim Carvalho;Centro Histórico;100;0;19;9;50;50
3591;0;Jardim Carvalho;Chapéu do Sol;250;100;86;33;100;150
3592;0;Jardim Carvalho;Chácara das Pedras;250;0;156;41;0;250
3593;0;Jardim Carvalho;Cidade Baixa;100;0;71;11;0;100
3594;0;Jardim Carvalho;Costa e Silva;150;0;68;12;50;100
3595;0;Jardim Carvalho;Cristal;100;0;25;11;50;50
3596;0;Jardim Carvalho;Cristo Redentor;250;0;166;50;0;250
3597;0;Jardim Carvalho;Espírito Santo;150;0;82;28;0;150
3598;0;Jardim Carvalho;Extrema;100;0;67;20;0;100
3599;0;Jardim Carvalho;Farrapos;50;0;20;10;0;50
3600;0;Jardim Carvalho;Farroupilha;100;50;25;11;50;50
3601;0;Jardim Carvalho;Floresta;300;50;85;29;150;150
3602;0;Jardim Carvalho;Glória;250;0;117;38;50;200
3603;0;Jardim Carvalho;Guarujá;200;0;82;25;50;150
3604;0;Jardim Carvalho;Higienópolis;0;0;0;0;0;0
3605;0;Jardim Carvalho;Humaitá;50;0;32;13;0;50
3606;0;Jardim Carvalho;Hípica;50;50;0;0;50;0
3607;0;Jardim Carvalho;Independência;100;0;28;13;50;50
3608;0;Jardim Carvalho;Ipanema;0;0;0;0;0;0
3609;0;Jardim Carvalho;Jardim Botânico;300;50;120;35;100;200
3610;0;Jardim Carvalho;Jardim Carvalho;20900;3000;9420;2960;5400;15500
3611;0;Jardim Carvalho;Jardim Europa;350;200;68;27;250;100
3612;0;Jardim Carvalho;Jardim Floresta;100;0;45;25;0;100
3613;0;Jardim Carvalho;Jardim Isabel;100;0;64;21;0;100
3614;0;Jardim Carvalho;Jardim Itú;150;50;64;20;50;100
3615;0;Jardim Carvalho;Jardim Leopoldina;300;50;94;20;150;150
3616;0;Jardim Carvalho;Jardim Lindóia;200;0;89;36;50;150
3617;0;Jardim Carvalho;Jardim Sabará;450;100;166;54;200;250
3618;0;Jardim Carvalho;Jardim São Pedro;50;0;22;9;0;50
3619;0;Jardim Carvalho;Jardim do Salso;1150;200;447;114;450;700
3620;0;Jardim Carvalho;Lageado;200;50;92;18;50;150
3621;0;Jardim Carvalho;Lami;100;0;62;20;0;100
3622;0;Jardim Carvalho;Lomba do Pinheiro;1400;150;649;148;350;1050
3623;0;Jardim Carvalho;Medianeira;100;50;42;2;50;50
3624;0;Jardim Carvalho;Menino Deus;250;100;53;26;150;100
3625;0;Jardim Carvalho;Moinhos de Vento;100;0;59;31;0;100
3626;0;Jardim Carvalho;Mont'Serrat;200;150;33;4;150;50
3627;0;Jardim Carvalho;Morro Santana;800;250;315;88;350;450
3628;0;Jardim Carvalho;Mário Quintana;150;100;28;6;100;50
3629;0;Jardim Carvalho;Navegantes;150;50;22;17;100;50
3630;0;Jardim Carvalho;Nonoai;150;0;81;38;0;150
3631;0;Jardim Carvalho;Parque Santa Fé;100;50;31;12;50;50
3632;0;Jardim Carvalho;Partenon;1950;1000;95;36;1800;150
3633;0;Jardim Carvalho;Passo D'Areia;100;0;58;21;0;100
3634;0;Jardim Carvalho;Passo das Pedras;250;100;58;26;150;100
3635;0;Jardim Carvalho;Pedra Redonda;0;0;0;0;0;0
3636;0;Jardim Carvalho;Petrópolis;600;100;254;87;200;400
3637;0;Jardim Carvalho;Pitinga;150;50;30;5;100;50
3638;0;Jardim Carvalho;Ponta Grossa;300;50;158;33;50;250
3639;0;Jardim Carvalho;Praia de Belas;150;0;62;22;50;100
3640;0;Jardim Carvalho;Restinga;250;0;107;41;50;200
3641;0;Jardim Carvalho;Rio Branco;150;0;105;24;50;100
3642;0;Jardim Carvalho;Rubem Berta;300;0;121;84;50;250
3643;0;Jardim Carvalho;Santa Cecília;300;50;139;53;50;250
3644;0;Jardim Carvalho;Santa Maria Goretti;100;0;0;0;100;0
3645;0;Jardim Carvalho;Santa Rosa de Lima;150;0;84;30;0;150
3646;0;Jardim Carvalho;Santa Tereza;150;50;26;7;100;50
3647;0;Jardim Carvalho;Santana;100;0;35;7;50;50
3648;0;Jardim Carvalho;Santo Antônio;150;50;65;26;50;100
3649;0;Jardim Carvalho;Sarandi;250;50;95;36;100;150
3650;0;Jardim Carvalho;Serraria;50;0;35;9;0;50
3651;0;Jardim Carvalho;São Caetano;150;0;76;18;50;100
3652;0;Jardim Carvalho;São Geraldo;50;0;32;6;0;50
3653;0;Jardim Carvalho;São José;1043;200;329;86;593;450
3654;0;Jardim Carvalho;São João;100;0;49;27;0;100
3655;0;Jardim Carvalho;São Sebastião;100;50;31;5;50;50
3656;0;Jardim Carvalho;Sétimo Céu;50;0;36;11;0;50
3657;0;Jardim Carvalho;Teresópolis;250;0;83;26;100;150
3658;0;Jardim Carvalho;Tristeza;100;0;56;28;0;100
3659;0;Jardim Carvalho;Três Figueiras;0;0;0;0;0;0
3660;0;Jardim Carvalho;Vila Assunção;100;0;27;15;50;50
3661;0;Jardim Carvalho;Vila Conceição;150;0;93;25;0;150
3662;0;Jardim Carvalho;Vila Ipiranga;250;50;75;35;100;150
3663;0;Jardim Carvalho;Vila Jardim;500;100;175;74;200;300
3664;0;Jardim Carvalho;Vila João Pessoa;1150;0;618;215;100;1050
3665;0;Jardim Carvalho;Vila Nova;150;50;26;11;100;50
3666;0;Jardim Europa;Aberta dos Morros;50;0;0;0;50;0
3667;0;Jardim Europa;Agronomia;50;0;33;9;0;50
3668;0;Jardim Europa;Anchieta;50;0;0;0;50;0
3669;0;Jardim Europa;Arquipélago;50;0;24;14;0;50
3670;0;Jardim Europa;Auxiliadora;250;50;76;36;100;150
3671;0;Jardim Europa;Azenha;50;50;0;0;50;0
3672;0;Jardim Europa;Bela Vista;50;0;31;12;0;50
3673;0;Jardim Europa;Belém Novo;0;0;0;0;0;0
3674;0;Jardim Europa;Belém Velho;0;0;0;0;0;0
3675;0;Jardim Europa;Boa Vista;250;50;85;26;100;150
3676;0;Jardim Europa;Boa Vista do Sul;0;0;0;0;0;0
3677;0;Jardim Europa;Bom Fim;100;0;31;12;50;50
3678;0;Jardim Europa;Bom Jesus;619;150;160;62;319;300
3679;0;Jardim Europa;Camaquã;150;0;65;15;50;100
3680;0;Jardim Europa;Campo Novo;0;0;0;0;0;0
3681;0;Jardim Europa;Cascata;0;0;0;0;0;0
3682;0;Jardim Europa;Cavalhada;50;50;0;0;50;0
3683;0;Jardim Europa;Cel. Aparício Borges;150;50;66;16;50;100
3684;0;Jardim Europa;Centro Histórico;200;0;94;49;0;200
3685;0;Jardim Europa;Chapéu do Sol;0;0;0;0;0;0
3686;0;Jardim Europa;Chácara das Pedras;400;250;84;15;350;50
3687;0;Jardim Europa;Cidade Baixa;100;0;51;27;0;100
3688;0;Jardim Europa;Costa e Silva;50;0;32;5;0;50
3689;0;Jardim Europa;Cristal;150;100;28;10;100;50
3690;0;Jardim Europa;Cristo Redentor;550;150;206;83;200;350
3691;0;Jardim Europa;Espírito Santo;0;0;0;0;0;0
3692;0;Jardim Europa;Extrema;0;0;0;0;0;0
3693;0;Jardim Europa;Farrapos;100;0;70;15;0;100
3694;0;Jardim Europa;Farroupilha;0;0;0;0;0;0
3695;0;Jardim Europa;Floresta;100;0;32;16;50;50
3696;0;Jardim Europa;Glória;0;0;0;0;0;0
3697;0;Jardim Europa;Guarujá;0;0;0;0;0;0
3698;0;Jardim Europa;Higienópolis;100;0;65;19;0;100
3699;0;Jardim Europa;Humaitá;150;0;112;19;0;150
3700;0;Jardim Europa;Hípica;50;0;29;8;0;50
3701;0;Jardim Europa;Independência;100;50;24;10;50;50
3702;0;Jardim Europa;Ipanema;50;0;33;9;0;50
3703;0;Jardim Europa;Jardim Botânico;100;0;65;17;0;100
3704;0;Jardim Europa;Jardim Carvalho;350;200;68;27;250;100
3705;0;Jardim Europa;Jardim Europa;1692;0;1016;298;192;1500
3706;0;Jardim Europa;Jardim Floresta;50;0;23;9;0;50
3707;0;Jardim Europa;Jardim Isabel;0;0;0;0;0;0
3708;0;Jardim Europa;Jardim Itú;500;50;281;89;50;450
3709;0;Jardim Europa;Jardim Leopoldina;150;50;70;21;50;100
3710;0;Jardim Europa;Jardim Lindóia;300;50;142;58;50;250
3711;0;Jardim Europa;Jardim Sabará;250;0;157;62;0;250
3712;0;Jardim Europa;Jardim São Pedro;150;50;23;18;100;50
3713;0;Jardim Europa;Jardim do Salso;50;0;28;18;0;50
3714;0;Jardim Europa;Lageado;0;0;0;0;0;0
3715;0;Jardim Europa;Lami;0;0;0;0;0;0
3716;0;Jardim Europa;Lomba do Pinheiro;100;0;28;5;50;50
3717;0;Jardim Europa;Medianeira;0;0;0;0;0;0
3718;0;Jardim Europa;Menino Deus;150;0;55;31;50;100
3719;0;Jardim Europa;Moinhos de Vento;50;0;29;18;0;50
3720;0;Jardim Europa;Mont'Serrat;50;0;34;12;0;50
3721;0;Jardim Europa;Morro Santana;200;0;112;36;0;200
3722;0;Jardim Europa;Mário Quintana;300;0;156;32;50;250
3723;0;Jardim Europa;Navegantes;0;0;0;0;0;0
3724;0;Jardim Europa;Nonoai;50;50;0;0;50;0
3725;0;Jardim Europa;Parque Santa Fé;0;0;0;0;0;0
3726;0;Jardim Europa;Partenon;50;0;0;0;50;0
3727;0;Jardim Europa;Passo D'Areia;700;150;243;146;300;400
3728;0;Jardim Europa;Passo das Pedras;50;0;0;0;50;0
3729;0;Jardim Europa;Pedra Redonda;0;0;0;0;0;0
3730;0;Jardim Europa;Petrópolis;500;0;181;103;200;300
3731;0;Jardim Europa;Pitinga;0;0;0;0;0;0
3732;0;Jardim Europa;Ponta Grossa;0;0;0;0;0;0
3733;0;Jardim Europa;Praia de Belas;0;0;0;0;0;0
3734;0;Jardim Europa;Restinga;100;0;29;6;50;50
3735;0;Jardim Europa;Rio Branco;250;50;85;46;100;150
3736;0;Jardim Europa;Rubem Berta;100;50;23;21;50;50
3737;0;Jardim Europa;Santa Cecília;100;0;0;0;100;0
3738;0;Jardim Europa;Santa Maria Goretti;100;0;73;14;0;100
3739;0;Jardim Europa;Santa Rosa de Lima;100;0;58;17;0;100
3740;0;Jardim Europa;Santa Tereza;200;0;119;30;0;200
3741;0;Jardim Europa;Santana;100;0;51;31;0;100
3742;0;Jardim Europa;Santo Antônio;0;0;0;0;0;0
3743;0;Jardim Europa;Sarandi;950;0;429;218;150;800
3744;0;Jardim Europa;Serraria;50;0;0;0;50;0
3745;0;Jardim Europa;São Caetano;0;0;0;0;0;0
3746;0;Jardim Europa;São Geraldo;100;50;22;14;50;50
3747;0;Jardim Europa;São José;200;0;90;21;50;150
3748;0;Jardim Europa;São João;150;0;56;27;50;100
3749;0;Jardim Europa;São Sebastião;50;50;0;0;50;0
3750;0;Jardim Europa;Sétimo Céu;50;0;29;9;0;50
3751;0;Jardim Europa;Teresópolis;0;0;0;0;0;0
3752;0;Jardim Europa;Tristeza;50;0;36;11;0;50
3753;0;Jardim Europa;Três Figueiras;300;150;70;22;200;100
3754;0;Jardim Europa;Vila Assunção;50;0;26;12;0;50
3755;0;Jardim Europa;Vila Conceição;50;0;28;17;0;50
3756;0;Jardim Europa;Vila Ipiranga;2800;300;1414;601;350;2450
3757;0;Jardim Europa;Vila Jardim;400;0;214;112;0;400
3758;0;Jardim Europa;Vila João Pessoa;200;0;122;48;0;200
3759;0;Jardim Europa;Vila Nova;50;50;0;0;50;0
3760;0;Jardim Floresta;Aberta dos Morros;0;0;0;0;0;0
3761;0;Jardim Floresta;Agronomia;0;0;0;0;0;0
3762;0;Jardim Floresta;Anchieta;50;0;26;5;0;50
3763;0;Jardim Floresta;Arquipélago;0;0;0;0;0;0
3764;0;Jardim Floresta;Auxiliadora;150;50;57;23;50;100
3765;0;Jardim Floresta;Azenha;50;0;30;12;0;50
3766;0;Jardim Floresta;Bela Vista;50;0;32;14;0;50
3767;0;Jardim Floresta;Belém Novo;0;0;0;0;0;0
3768;0;Jardim Floresta;Belém Velho;0;0;0;0;0;0
3769;0;Jardim Floresta;Boa Vista;200;0;139;38;50;150
3770;0;Jardim Floresta;Boa Vista do Sul;0;0;0;0;0;0
3771;0;Jardim Floresta;Bom Fim;100;0;50;22;0;100
3772;0;Jardim Floresta;Bom Jesus;100;0;60;14;0;100
3773;0;Jardim Floresta;Camaquã;0;0;0;0;0;0
3774;0;Jardim Floresta;Campo Novo;50;50;0;0;50;0
3775;0;Jardim Floresta;Cascata;0;0;0;0;0;0
3776;0;Jardim Floresta;Cavalhada;0;0;0;0;0;0
3777;0;Jardim Floresta;Cel. Aparício Borges;50;0;38;4;0;50
3778;0;Jardim Floresta;Centro Histórico;100;50;0;0;100;0
3779;0;Jardim Floresta;Chapéu do Sol;0;0;0;0;0;0
3780;0;Jardim Floresta;Chácara das Pedras;0;0;0;0;0;0
3781;0;Jardim Floresta;Cidade Baixa;0;0;0;0;0;0
3782;0;Jardim Floresta;Costa e Silva;100;50;29;5;50;50
3783;0;Jardim Floresta;Cristal;0;0;0;0;0;0
3784;0;Jardim Floresta;Cristo Redentor;2350;200;1098;467;450;1900
3785;0;Jardim Floresta;Espírito Santo;0;0;0;0;0;0
3786;0;Jardim Floresta;Extrema;50;0;0;0;50;0
3787;0;Jardim Floresta;Farrapos;150;0;93;18;0;150
3788;0;Jardim Floresta;Farroupilha;0;0;0;0;0;0
3789;0;Jardim Floresta;Floresta;100;50;27;13;50;50
3790;0;Jardim Floresta;Glória;50;0;22;10;0;50
3791;0;Jardim Floresta;Guarujá;0;0;0;0;0;0
3792;0;Jardim Floresta;Higienópolis;200;50;88;39;50;150
3793;0;Jardim Floresta;Humaitá;250;50;99;27;100;150
3794;0;Jardim Floresta;Hípica;50;50;0;0;50;0
3795;0;Jardim Floresta;Independência;100;0;27;11;50;50
3796;0;Jardim Floresta;Ipanema;0;0;0;0;0;0
3797;0;Jardim Floresta;Jardim Botânico;0;0;0;0;0;0
3798;0;Jardim Floresta;Jardim Carvalho;100;0;45;25;0;100
3799;0;Jardim Floresta;Jardim Europa;50;0;23;9;0;50
3800;0;Jardim Floresta;Jardim Floresta;1000;0;390;172;300;700
3801;0;Jardim Floresta;Jardim Isabel;0;0;0;0;0;0
3802;0;Jardim Floresta;Jardim Itú;150;0;74;19;50;100
3803;0;Jardim Floresta;Jardim Leopoldina;0;0;0;0;0;0
3804;0;Jardim Floresta;Jardim Lindóia;1700;450;559;248;800;900
3805;0;Jardim Floresta;Jardim Sabará;100;50;0;0;100;0
3806;0;Jardim Floresta;Jardim São Pedro;500;200;112;43;300;200
3807;0;Jardim Floresta;Jardim do Salso;50;50;0;0;50;0
3808;0;Jardim Floresta;Lageado;50;0;25;18;0;50
3809;0;Jardim Floresta;Lami;0;0;0;0;0;0
3810;0;Jardim Floresta;Lomba do Pinheiro;100;0;60;15;0;100
3811;0;Jardim Floresta;Medianeira;0;0;0;0;0;0
3812;0;Jardim Floresta;Menino Deus;100;50;0;0;100;0
3813;0;Jardim Floresta;Moinhos de Vento;100;100;0;0;100;0
3814;0;Jardim Floresta;Mont'Serrat;250;50;97;38;100;150
3815;0;Jardim Floresta;Morro Santana;100;50;0;0;100;0
3816;0;Jardim Floresta;Mário Quintana;250;50;94;14;100;150
3817;0;Jardim Floresta;Navegantes;50;50;0;0;50;0
3818;0;Jardim Floresta;Nonoai;50;0;31;9;0;50
3819;0;Jardim Floresta;Parque Santa Fé;0;0;0;0;0;0
3820;0;Jardim Floresta;Partenon;100;0;52;25;0;100
3821;0;Jardim Floresta;Passo D'Areia;400;50;70;75;200;200
3822;0;Jardim Floresta;Passo das Pedras;150;0;52;19;50;100
3823;0;Jardim Floresta;Pedra Redonda;0;0;0;0;0;0
3824;0;Jardim Floresta;Petrópolis;400;100;119;81;150;250
3825;0;Jardim Floresta;Pitinga;0;0;0;0;0;0
3826;0;Jardim Floresta;Ponta Grossa;0;0;0;0;0;0
3827;0;Jardim Floresta;Praia de Belas;50;0;29;9;0;50
3828;0;Jardim Floresta;Restinga;250;0;106;31;50;200
3829;0;Jardim Floresta;Rio Branco;150;0;75;40;0;150
3830;0;Jardim Floresta;Rubem Berta;100;50;29;18;50;50
3831;0;Jardim Floresta;Santa Cecília;100;0;51;35;0;100
3832;0;Jardim Floresta;Santa Maria Goretti;100;50;27;12;50;50
3833;0;Jardim Floresta;Santa Rosa de Lima;200;0;97;22;50;150
3834;0;Jardim Floresta;Santa Tereza;100;50;24;8;50;50
3835;0;Jardim Floresta;Santana;50;0;28;19;0;50
3836;0;Jardim Floresta;Santo Antônio;50;0;0;0;50;0
3837;0;Jardim Floresta;Sarandi;800;100;354;153;250;550
3838;0;Jardim Floresta;Serraria;0;0;0;0;0;0
3839;0;Jardim Floresta;São Caetano;0;0;0;0;0;0
3840;0;Jardim Floresta;São Geraldo;50;0;22;15;0;50
3841;0;Jardim Floresta;São José;50;50;0;0;50;0
3842;0;Jardim Floresta;São João;50;0;0;0;50;0
3843;0;Jardim Floresta;São Sebastião;700;150;295;102;250;450
3844;0;Jardim Floresta;Sétimo Céu;0;0;0;0;0;0
3845;0;Jardim Floresta;Teresópolis;50;0;32;7;0;50
3846;0;Jardim Floresta;Tristeza;50;0;32;14;0;50
3847;0;Jardim Floresta;Três Figueiras;0;0;0;0;0;0
3848;0;Jardim Floresta;Vila Assunção;0;0;0;0;0;0
3849;0;Jardim Floresta;Vila Conceição;0;0;0;0;0;0
3850;0;Jardim Floresta;Vila Ipiranga;350;50;117;53;150;200
3851;0;Jardim Floresta;Vila Jardim;200;50;77;48;50;150
3852;0;Jardim Floresta;Vila João Pessoa;0;0;0;0;0;0
3853;0;Jardim Floresta;Vila Nova;50;0;32;6;0;50
3854;0;Jardim Isabel;Aberta dos Morros;400;0;224;59;50;350
3855;0;Jardim Isabel;Agronomia;0;0;0;0;0;0
3856;0;Jardim Isabel;Anchieta;0;0;0;0;0;0
3857;0;Jardim Isabel;Arquipélago;0;0;0;0;0;0
3858;0;Jardim Isabel;Auxiliadora;50;50;0;0;50;0
3859;0;Jardim Isabel;Azenha;0;0;0;0;0;0
3860;0;Jardim Isabel;Bela Vista;0;0;0;0;0;0
3861;0;Jardim Isabel;Belém Novo;0;0;0;0;0;0
3862;0;Jardim Isabel;Belém Velho;50;50;0;0;50;0
3863;0;Jardim Isabel;Boa Vista;0;0;0;0;0;0
3864;0;Jardim Isabel;Boa Vista do Sul;0;0;0;0;0;0
3865;0;Jardim Isabel;Bom Fim;0;0;0;0;0;0
3866;0;Jardim Isabel;Bom Jesus;150;100;22;8;100;50
3867;0;Jardim Isabel;Camaquã;1700;100;857;344;150;1550
3868;0;Jardim Isabel;Campo Novo;150;50;64;20;50;100
3869;0;Jardim Isabel;Cascata;0;0;0;0;0;0
3870;0;Jardim Isabel;Cavalhada;5050;450;2561;871;800;4250
3871;0;Jardim Isabel;Cel. Aparício Borges;50;50;0;0;50;0
3872;0;Jardim Isabel;Centro Histórico;0;0;0;0;0;0
3873;0;Jardim Isabel;Chapéu do Sol;50;0;30;4;0;50
3874;0;Jardim Isabel;Chácara das Pedras;0;0;0;0;0;0
3875;0;Jardim Isabel;Cidade Baixa;0;0;0;0;0;0
3876;0;Jardim Isabel;Costa e Silva;50;0;31;8;0;50
3877;0;Jardim Isabel;Cristal;350;50;141;49;100;250
3878;0;Jardim Isabel;Cristo Redentor;50;0;26;8;0;50
3879;0;Jardim Isabel;Espírito Santo;200;50;35;6;150;50
3880;0;Jardim Isabel;Extrema;0;0;0;0;0;0
3881;0;Jardim Isabel;Farrapos;50;50;0;0;50;0
3882;0;Jardim Isabel;Farroupilha;0;0;0;0;0;0
3883;0;Jardim Isabel;Floresta;0;0;0;0;0;0
3884;0;Jardim Isabel;Glória;200;100;60;21;100;100
3885;0;Jardim Isabel;Guarujá;0;0;0;0;0;0
3886;0;Jardim Isabel;Higienópolis;0;0;0;0;0;0
3887;0;Jardim Isabel;Humaitá;100;0;71;16;0;100
3888;0;Jardim Isabel;Hípica;200;0;68;17;100;100
3889;0;Jardim Isabel;Independência;0;0;0;0;0;0
3890;0;Jardim Isabel;Ipanema;2050;550;627;237;1050;1000
3891;0;Jardim Isabel;Jardim Botânico;0;0;0;0;0;0
3892;0;Jardim Isabel;Jardim Carvalho;100;0;64;21;0;100
3893;0;Jardim Isabel;Jardim Europa;0;0;0;0;0;0
3894;0;Jardim Isabel;Jardim Floresta;0;0;0;0;0;0
3895;0;Jardim Isabel;Jardim Isabel;1000;300;270;128;500;500
3896;0;Jardim Isabel;Jardim Itú;50;0;31;9;0;50
3897;0;Jardim Isabel;Jardim Leopoldina;50;0;35;10;0;50
3898;0;Jardim Isabel;Jardim Lindóia;0;0;0;0;0;0
3899;0;Jardim Isabel;Jardim Sabará;50;0;26;7;0;50
3900;0;Jardim Isabel;Jardim São Pedro;100;0;67;20;0;100
3901;0;Jardim Isabel;Jardim do Salso;0;0;0;0;0;0
3902;0;Jardim Isabel;Lageado;0;0;0;0;0;0
3903;0;Jardim Isabel;Lami;50;0;31;13;0;50
3904;0;Jardim Isabel;Lomba do Pinheiro;200;0;118;29;0;200
3905;0;Jardim Isabel;Medianeira;0;0;0;0;0;0
3906;0;Jardim Isabel;Menino Deus;150;0;60;22;50;100
3907;0;Jardim Isabel;Moinhos de Vento;0;0;0;0;0;0
3908;0;Jardim Isabel;Mont'Serrat;0;0;0;0;0;0
3909;0;Jardim Isabel;Morro Santana;150;0;91;25;0;150
3910;0;Jardim Isabel;Mário Quintana;50;0;33;4;0;50
3911;0;Jardim Isabel;Navegantes;0;0;0;0;0;0
3912;0;Jardim Isabel;Nonoai;250;0;83;39;100;150
3913;0;Jardim Isabel;Parque Santa Fé;0;0;0;0;0;0
3914;0;Jardim Isabel;Partenon;100;0;54;21;0;100
3915;0;Jardim Isabel;Passo D'Areia;0;0;0;0;0;0
3916;0;Jardim Isabel;Passo das Pedras;0;0;0;0;0;0
3917;0;Jardim Isabel;Pedra Redonda;500;50;224;87;150;350
3918;0;Jardim Isabel;Petrópolis;200;50;85;44;50;150
3919;0;Jardim Isabel;Pitinga;0;0;0;0;0;0
3920;0;Jardim Isabel;Ponta Grossa;0;0;0;0;0;0
3921;0;Jardim Isabel;Praia de Belas;50;0;29;11;0;50
3922;0;Jardim Isabel;Restinga;50;50;0;0;50;0
3923;0;Jardim Isabel;Rio Branco;0;0;0;0;0;0
3924;0;Jardim Isabel;Rubem Berta;0;0;0;0;0;0
3925;0;Jardim Isabel;Santa Cecília;0;0;0;0;0;0
3926;0;Jardim Isabel;Santa Maria Goretti;0;0;0;0;0;0
3927;0;Jardim Isabel;Santa Rosa de Lima;150;100;30;11;100;50
3928;0;Jardim Isabel;Santa Tereza;200;50;89;27;50;150
3929;0;Jardim Isabel;Santana;0;0;0;0;0;0
3930;0;Jardim Isabel;Santo Antônio;100;0;68;13;0;100
3931;0;Jardim Isabel;Sarandi;100;0;66;23;0;100
3932;0;Jardim Isabel;Serraria;50;0;24;5;0;50
3933;0;Jardim Isabel;São Caetano;0;0;0;0;0;0
3934;0;Jardim Isabel;São Geraldo;0;0;0;0;0;0
3935;0;Jardim Isabel;São José;0;0;0;0;0;0
3936;0;Jardim Isabel;São João;0;0;0;0;0;0
3937;0;Jardim Isabel;São Sebastião;50;0;32;6;0;50
3938;0;Jardim Isabel;Sétimo Céu;496;0;259;64;96;400
3939;0;Jardim Isabel;Teresópolis;0;0;0;0;0;0
3940;0;Jardim Isabel;Tristeza;1000;0;531;258;100;900
3941;0;Jardim Isabel;Três Figueiras;50;0;35;7;0;50
3942;0;Jardim Isabel;Vila Assunção;0;0;0;0;0;0
3943;0;Jardim Isabel;Vila Conceição;400;200;150;31;250;150
3944;0;Jardim Isabel;Vila Ipiranga;50;0;26;11;0;50
3945;0;Jardim Isabel;Vila Jardim;50;0;26;12;0;50
3946;0;Jardim Isabel;Vila João Pessoa;50;0;31;11;0;50
3947;0;Jardim Isabel;Vila Nova;300;0;143;51;50;250
3948;0;Jardim Itú;Aberta dos Morros;0;0;0;0;0;0
3949;0;Jardim Itú;Agronomia;250;50;139;39;50;200
3950;0;Jardim Itú;Anchieta;50;50;0;0;50;0
3951;0;Jardim Itú;Arquipélago;100;0;31;9;50;50
3952;0;Jardim Itú;Auxiliadora;200;0;92;37;50;150
3953;0;Jardim Itú;Azenha;50;0;27;11;0;50
3954;0;Jardim Itú;Bela Vista;0;0;0;0;0;0
3955;0;Jardim Itú;Belém Novo;0;0;0;0;0;0
3956;0;Jardim Itú;Belém Velho;0;0;0;0;0;0
3957;0;Jardim Itú;Boa Vista;201;50;68;20;101;100
3958;0;Jardim Itú;Boa Vista do Sul;50;0;23;10;0;50
3959;0;Jardim Itú;Bom Fim;100;0;61;26;0;100
3960;0;Jardim Itú;Bom Jesus;350;0;156;59;50;300
3961;0;Jardim Itú;Camaquã;0;0;0;0;0;0
3962;0;Jardim Itú;Campo Novo;100;0;33;11;50;50
3963;0;Jardim Itú;Cascata;0;0;0;0;0;0
3964;0;Jardim Itú;Cavalhada;100;0;59;15;0;100
3965;0;Jardim Itú;Cel. Aparício Borges;150;0;25;10;100;50
3966;0;Jardim Itú;Centro Histórico;100;0;63;22;0;100
3967;0;Jardim Itú;Chapéu do Sol;0;0;0;0;0;0
3968;0;Jardim Itú;Chácara das Pedras;300;50;117;50;100;200
3969;0;Jardim Itú;Cidade Baixa;350;100;179;35;150;200
3970;0;Jardim Itú;Costa e Silva;950;100;306;90;450;500
3971;0;Jardim Itú;Cristal;250;50;125;31;100;150
3972;0;Jardim Itú;Cristo Redentor;350;50;157;68;50;300
3973;0;Jardim Itú;Espírito Santo;100;100;0;0;100;0
3974;0;Jardim Itú;Extrema;150;0;53;25;50;100
3975;0;Jardim Itú;Farrapos;200;0;85;25;50;150
3976;0;Jardim Itú;Farroupilha;250;0;163;39;0;250
3977;0;Jardim Itú;Floresta;100;0;82;15;50;50
3978;0;Jardim Itú;Glória;50;0;31;7;0;50
3979;0;Jardim Itú;Guarujá;100;50;24;13;50;50
3980;0;Jardim Itú;Higienópolis;150;0;111;23;50;100
3981;0;Jardim Itú;Humaitá;100;0;26;9;50;50
3982;0;Jardim Itú;Hípica;50;0;29;8;0;50
3983;0;Jardim Itú;Independência;50;0;0;0;50;0
3984;0;Jardim Itú;Ipanema;0;0;0;0;0;0
3985;0;Jardim Itú;Jardim Botânico;200;50;66;23;100;100
3986;0;Jardim Itú;Jardim Carvalho;150;50;64;20;50;100
3987;0;Jardim Itú;Jardim Europa;500;50;281;89;50;450
3988;0;Jardim Itú;Jardim Floresta;150;0;74;19;50;100
3989;0;Jardim Itú;Jardim Isabel;50;0;31;9;0;50
3990;0;Jardim Itú;Jardim Itú;11000;3700;2668;834;7100;3900
3991;0;Jardim Itú;Jardim Leopoldina;600;300;149;48;350;250
3992;0;Jardim Itú;Jardim Lindóia;350;50;144;58;100;250
3993;0;Jardim Itú;Jardim Sabará;1700;350;584;251;700;1000
3994;0;Jardim Itú;Jardim São Pedro;150;50;30;12;100;50
3995;0;Jardim Itú;Jardim do Salso;150;100;0;0;150;0
3996;0;Jardim Itú;Lageado;0;0;0;0;0;0
3997;0;Jardim Itú;Lami;50;0;30;15;0;50
3998;0;Jardim Itú;Lomba do Pinheiro;200;50;93;19;50;150
3999;0;Jardim Itú;Medianeira;100;0;34;12;50;50
4000;0;Jardim Itú;Menino Deus;150;0;63;24;50;100
4001;0;Jardim Itú;Moinhos de Vento;150;50;58;28;50;100
4002;0;Jardim Itú;Mont'Serrat;50;0;0;0;50;0
4003;0;Jardim Itú;Morro Santana;550;50;231;75;200;350
4004;0;Jardim Itú;Mário Quintana;500;50;189;53;200;300
4005;0;Jardim Itú;Navegantes;0;0;0;0;0;0
4006;0;Jardim Itú;Nonoai;200;100;66;20;100;100
4007;0;Jardim Itú;Parque Santa Fé;350;100;148;56;100;250
4008;0;Jardim Itú;Partenon;500;100;163;70;200;300
4009;0;Jardim Itú;Passo D'Areia;400;100;184;63;100;300
4010;0;Jardim Itú;Passo das Pedras;4250;700;1734;600;1400;2850
4011;0;Jardim Itú;Pedra Redonda;0;0;0;0;0;0
4012;0;Jardim Itú;Petrópolis;400;0;171;84;100;300
4013;0;Jardim Itú;Pitinga;150;0;95;24;0;150
4014;0;Jardim Itú;Ponta Grossa;100;0;65;17;0;100
4015;0;Jardim Itú;Praia de Belas;150;0;94;31;0;150
4016;0;Jardim Itú;Restinga;200;50;59;20;100;100
4017;0;Jardim Itú;Rio Branco;200;50;28;22;150;50
4018;0;Jardim Itú;Rubem Berta;850;350;185;145;450;400
4019;0;Jardim Itú;Santa Cecília;50;0;29;15;0;50
4020;0;Jardim Itú;Santa Maria Goretti;400;0;237;84;0;400
4021;0;Jardim Itú;Santa Rosa de Lima;500;100;232;73;100;400
4022;0;Jardim Itú;Santa Tereza;400;50;207;42;150;250
4023;0;Jardim Itú;Santana;100;0;69;25;0;100
4024;0;Jardim Itú;Santo Antônio;100;0;56;31;0;100
4025;0;Jardim Itú;Sarandi;450;0;175;83;150;300
4026;0;Jardim Itú;Serraria;0;0;0;0;0;0
4027;0;Jardim Itú;São Caetano;100;0;55;27;0;100
4028;0;Jardim Itú;São Geraldo;0;0;0;0;0;0
4029;0;Jardim Itú;São José;150;100;27;9;100;50
4030;0;Jardim Itú;São João;150;50;53;24;50;100
4031;0;Jardim Itú;São Sebastião;550;50;187;64;250;300
4032;0;Jardim Itú;Sétimo Céu;50;0;0;0;50;0
4033;0;Jardim Itú;Teresópolis;100;0;33;8;50;50
4034;0;Jardim Itú;Tristeza;100;0;59;32;0;100
4035;0;Jardim Itú;Três Figueiras;200;50;87;38;50;150
4036;0;Jardim Itú;Vila Assunção;50;50;0;0;50;0
4037;0;Jardim Itú;Vila Conceição;50;50;0;0;50;0
4038;0;Jardim Itú;Vila Ipiranga;850;200;309;113;300;550
4039;0;Jardim Itú;Vila Jardim;1400;50;756;307;100;1300
4040;0;Jardim Itú;Vila João Pessoa;350;0;207;87;0;350
4041;0;Jardim Itú;Vila Nova;100;0;33;12;50;50
4042;0;Jardim Leopoldina;Aberta dos Morros;50;0;36;6;0;50
4043;0;Jardim Leopoldina;Agronomia;250;0;110;38;50;200
4044;0;Jardim Leopoldina;Anchieta;0;0;0;0;0;0
4045;0;Jardim Leopoldina;Arquipélago;50;0;0;0;50;0
4046;0;Jardim Leopoldina;Auxiliadora;50;0;41;5;0;50
4047;0;Jardim Leopoldina;Azenha;50;0;27;13;0;50
4048;0;Jardim Leopoldina;Bela Vista;0;0;0;0;0;0
4049;0;Jardim Leopoldina;Belém Novo;100;0;59;14;0;100
4050;0;Jardim Leopoldina;Belém Velho;200;0;121;30;0;200
4051;0;Jardim Leopoldina;Boa Vista;250;50;84;10;200;50
4052;0;Jardim Leopoldina;Boa Vista do Sul;150;100;0;0;150;0
4053;0;Jardim Leopoldina;Bom Fim;100;50;0;0;100;0
4054;0;Jardim Leopoldina;Bom Jesus;250;50;83;30;100;150
4055;0;Jardim Leopoldina;Camaquã;50;0;34;8;0;50
4056;0;Jardim Leopoldina;Campo Novo;50;0;0;0;50;0
4057;0;Jardim Leopoldina;Cascata;0;0;0;0;0;0
4058;0;Jardim Leopoldina;Cavalhada;50;50;0;0;50;0
4059;0;Jardim Leopoldina;Cel. Aparício Borges;50;0;30;8;0;50
4060;0;Jardim Leopoldina;Centro Histórico;0;0;0;0;0;0
4061;0;Jardim Leopoldina;Chapéu do Sol;100;50;0;0;100;0
4062;0;Jardim Leopoldina;Chácara das Pedras;350;0;218;74;0;350
4063;0;Jardim Leopoldina;Cidade Baixa;0;0;0;0;0;0
4064;0;Jardim Leopoldina;Costa e Silva;4350;200;2296;662;650;3700
4065;0;Jardim Leopoldina;Cristal;150;50;55;27;50;100
4066;0;Jardim Leopoldina;Cristo Redentor;100;0;70;14;0;100
4067;0;Jardim Leopoldina;Espírito Santo;0;0;0;0;0;0
4068;0;Jardim Leopoldina;Extrema;100;50;24;11;50;50
4069;0;Jardim Leopoldina;Farrapos;50;50;0;0;50;0
4070;0;Jardim Leopoldina;Farroupilha;50;0;23;11;0;50
4071;0;Jardim Leopoldina;Floresta;50;0;50;0;50;0
4072;0;Jardim Leopoldina;Glória;150;50;68;19;50;100
4073;0;Jardim Leopoldina;Guarujá;100;0;31;7;50;50
4074;0;Jardim Leopoldina;Higienópolis;350;0;165;48;100;250
4075;0;Jardim Leopoldina;Humaitá;50;50;0;0;50;0
4076;0;Jardim Leopoldina;Hípica;50;0;40;8;0;50
4077;0;Jardim Leopoldina;Independência;100;0;68;15;0;100
4078;0;Jardim Leopoldina;Ipanema;100;0;26;15;50;50
4079;0;Jardim Leopoldina;Jardim Botânico;0;0;0;0;0;0
4080;0;Jardim Leopoldina;Jardim Carvalho;300;50;94;20;150;150
4081;0;Jardim Leopoldina;Jardim Europa;150;50;70;21;50;100
4082;0;Jardim Leopoldina;Jardim Floresta;0;0;0;0;0;0
4083;0;Jardim Leopoldina;Jardim Isabel;50;0;35;10;0;50
4084;0;Jardim Leopoldina;Jardim Itú;600;300;149;48;350;250
4085;0;Jardim Leopoldina;Jardim Leopoldina;15992;3700;6040;1740;6192;9800
4086;0;Jardim Leopoldina;Jardim Lindóia;100;0;33;11;50;50
4087;0;Jardim Leopoldina;Jardim Sabará;700;150;200;77;350;350
4088;0;Jardim Leopoldina;Jardim São Pedro;50;0;0;0;50;0
4089;0;Jardim Leopoldina;Jardim do Salso;100;0;50;0;100;0
4090;0;Jardim Leopoldina;Lageado;0;0;0;0;0;0
4091;0;Jardim Leopoldina;Lami;0;0;0;0;0;0
4092;0;Jardim Leopoldina;Lomba do Pinheiro;400;50;196;51;50;350
4093;0;Jardim Leopoldina;Medianeira;100;0;58;28;0;100
4094;0;Jardim Leopoldina;Menino Deus;50;0;0;0;50;0
4095;0;Jardim Leopoldina;Moinhos de Vento;50;50;0;0;50;0
4096;0;Jardim Leopoldina;Mont'Serrat;200;100;59;19;100;100
4097;0;Jardim Leopoldina;Morro Santana;800;100;264;88;350;450
4098;0;Jardim Leopoldina;Mário Quintana;1900;400;756;175;700;1200
4099;0;Jardim Leopoldina;Navegantes;0;0;0;0;0;0
4100;0;Jardim Leopoldina;Nonoai;0;0;0;0;0;0
4101;0;Jardim Leopoldina;Parque Santa Fé;1900;500;487;111;1300;600
4102;0;Jardim Leopoldina;Partenon;250;0;109;52;50;200
4103;0;Jardim Leopoldina;Passo D'Areia;150;50;0;0;150;0
4104;0;Jardim Leopoldina;Passo das Pedras;1450;400;635;173;500;950
4105;0;Jardim Leopoldina;Pedra Redonda;0;0;0;0;0;0
4106;0;Jardim Leopoldina;Petrópolis;100;0;57;25;0;100
4107;0;Jardim Leopoldina;Pitinga;0;0;0;0;0;0
4108;0;Jardim Leopoldina;Ponta Grossa;50;0;37;6;0;50
4109;0;Jardim Leopoldina;Praia de Belas;0;0;0;0;0;0
4110;0;Jardim Leopoldina;Restinga;200;0;114;24;0;200
4111;0;Jardim Leopoldina;Rio Branco;100;0;65;15;0;100
4112;0;Jardim Leopoldina;Rubem Berta;3150;1000;727;410;1850;1300
4113;0;Jardim Leopoldina;Santa Cecília;0;0;0;0;0;0
4114;0;Jardim Leopoldina;Santa Maria Goretti;0;0;0;0;0;0
4115;0;Jardim Leopoldina;Santa Rosa de Lima;2286;700;555;177;1386;900
4116;0;Jardim Leopoldina;Santa Tereza;100;50;29;9;50;50
4117;0;Jardim Leopoldina;Santana;100;0;0;0;100;0
4118;0;Jardim Leopoldina;Santo Antônio;50;0;29;7;0;50
4119;0;Jardim Leopoldina;Sarandi;400;0;170;67;100;300
4120;0;Jardim Leopoldina;Serraria;50;0;0;0;50;0
4121;0;Jardim Leopoldina;São Caetano;100;0;59;14;0;100
4122;0;Jardim Leopoldina;São Geraldo;50;0;25;13;0;50
4123;0;Jardim Leopoldina;São José;50;50;0;0;50;0
4124;0;Jardim Leopoldina;São João;50;0;28;6;0;50
4125;0;Jardim Leopoldina;São Sebastião;350;100;85;28;200;150
4126;0;Jardim Leopoldina;Sétimo Céu;50;0;35;8;0;50
4127;0;Jardim Leopoldina;Teresópolis;50;0;32;6;0;50
4128;0;Jardim Leopoldina;Tristeza;50;50;0;0;50;0
4129;0;Jardim Leopoldina;Três Figueiras;200;50;61;18;100;100
4130;0;Jardim Leopoldina;Vila Assunção;50;0;28;8;0;50
4131;0;Jardim Leopoldina;Vila Conceição;0;0;0;0;0;0
4132;0;Jardim Leopoldina;Vila Ipiranga;200;50;91;26;50;150
4133;0;Jardim Leopoldina;Vila Jardim;0;0;0;0;0;0
4134;0;Jardim Leopoldina;Vila João Pessoa;50;0;33;4;0;50
4135;0;Jardim Leopoldina;Vila Nova;350;0;165;65;50;300
4136;0;Jardim Lindóia;Aberta dos Morros;0;0;0;0;0;0
4137;0;Jardim Lindóia;Agronomia;0;0;0;0;0;0
4138;0;Jardim Lindóia;Anchieta;0;0;0;0;0;0
4139;0;Jardim Lindóia;Arquipélago;0;0;0;0;0;0
4140;0;Jardim Lindóia;Auxiliadora;150;0;39;35;50;100
4141;0;Jardim Lindóia;Azenha;0;0;0;0;0;0
4142;0;Jardim Lindóia;Bela Vista;150;0;110;22;50;100
4143;0;Jardim Lindóia;Belém Novo;100;0;51;31;0;100
4144;0;Jardim Lindóia;Belém Velho;150;0;98;35;50;100
4145;0;Jardim Lindóia;Boa Vista;200;50;31;11;150;50
4146;0;Jardim Lindóia;Boa Vista do Sul;50;0;23;10;0;50
4147;0;Jardim Lindóia;Bom Fim;100;0;63;24;0;100
4148;0;Jardim Lindóia;Bom Jesus;200;100;63;15;100;100
4149;0;Jardim Lindóia;Camaquã;0;0;0;0;0;0
4150;0;Jardim Lindóia;Campo Novo;0;0;0;0;0;0
4151;0;Jardim Lindóia;Cascata;200;0;49;25;100;100
4152;0;Jardim Lindóia;Cavalhada;200;100;55;27;100;100
4153;0;Jardim Lindóia;Cel. Aparício Borges;50;0;35;6;0;50
4154;0;Jardim Lindóia;Centro Histórico;0;0;0;0;0;0
4155;0;Jardim Lindóia;Chapéu do Sol;0;0;0;0;0;0
4156;0;Jardim Lindóia;Chácara das Pedras;50;0;28;17;0;50
4157;0;Jardim Lindóia;Cidade Baixa;150;0;64;26;50;100
4158;0;Jardim Lindóia;Costa e Silva;500;100;219;69;150;350
4159;0;Jardim Lindóia;Cristal;150;0;78;10;100;50
4160;0;Jardim Lindóia;Cristo Redentor;1800;100;927;397;250;1550
4161;0;Jardim Lindóia;Espírito Santo;0;0;0;0;0;0
4162;0;Jardim Lindóia;Extrema;0;0;0;0;0;0
4163;0;Jardim Lindóia;Farrapos;100;0;52;20;0;100
4164;0;Jardim Lindóia;Farroupilha;50;0;32;12;0;50
4165;0;Jardim Lindóia;Floresta;50;0;28;18;0;50
4166;0;Jardim Lindóia;Glória;0;0;0;0;0;0
4167;0;Jardim Lindóia;Guarujá;0;0;0;0;0;0
4168;0;Jardim Lindóia;Higienópolis;100;50;31;10;50;50
4169;0;Jardim Lindóia;Humaitá;150;0;66;24;50;100
4170;0;Jardim Lindóia;Hípica;0;0;0;0;0;0
4171;0;Jardim Lindóia;Independência;0;0;0;0;0;0
4172;0;Jardim Lindóia;Ipanema;50;0;37;10;0;50
4173;0;Jardim Lindóia;Jardim Botânico;150;50;62;20;50;100
4174;0;Jardim Lindóia;Jardim Carvalho;200;0;89;36;50;150
4175;0;Jardim Lindóia;Jardim Europa;300;50;142;58;50;250
4176;0;Jardim Lindóia;Jardim Floresta;1700;450;559;248;800;900
4177;0;Jardim Lindóia;Jardim Isabel;0;0;0;0;0;0
4178;0;Jardim Lindóia;Jardim Itú;350;50;144;58;100;250
4179;0;Jardim Lindóia;Jardim Leopoldina;100;0;33;11;50;50
4180;0;Jardim Lindóia;Jardim Lindóia;1600;300;420;232;800;800
4181;0;Jardim Lindóia;Jardim Sabará;50;50;0;0;50;0
4182;0;Jardim Lindóia;Jardim São Pedro;300;150;56;34;200;100
4183;0;Jardim Lindóia;Jardim do Salso;100;0;21;18;50;50
4184;0;Jardim Lindóia;Lageado;0;0;0;0;0;0
4185;0;Jardim Lindóia;Lami;50;0;28;15;0;50
4186;0;Jardim Lindóia;Lomba do Pinheiro;50;0;0;0;50;0
4187;0;Jardim Lindóia;Medianeira;50;0;31;8;0;50
4188;0;Jardim Lindóia;Menino Deus;50;0;20;15;0;50
4189;0;Jardim Lindóia;Moinhos de Vento;100;0;45;42;0;100
4190;0;Jardim Lindóia;Mont'Serrat;50;0;30;14;0;50
4191;0;Jardim Lindóia;Morro Santana;100;0;61;26;0;100
4192;0;Jardim Lindóia;Mário Quintana;300;150;63;6;200;100
4193;0;Jardim Lindóia;Navegantes;50;50;0;0;50;0
4194;0;Jardim Lindóia;Nonoai;250;100;88;30;100;150
4195;0;Jardim Lindóia;Parque Santa Fé;50;0;26;18;0;50
4196;0;Jardim Lindóia;Partenon;400;50;163;18;300;100
4197;0;Jardim Lindóia;Passo D'Areia;550;0;234;139;100;450
4198;0;Jardim Lindóia;Passo das Pedras;450;0;261;86;100;350
4199;0;Jardim Lindóia;Pedra Redonda;0;0;0;0;0;0
4200;0;Jardim Lindóia;Petrópolis;350;50;136;72;100;250
4201;0;Jardim Lindóia;Pitinga;0;0;0;0;0;0
4202;0;Jardim Lindóia;Ponta Grossa;100;0;62;24;0;100
4203;0;Jardim Lindóia;Praia de Belas;0;0;0;0;0;0
4204;0;Jardim Lindóia;Restinga;100;50;29;7;50;50
4205;0;Jardim Lindóia;Rio Branco;200;0;78;40;50;150
4206;0;Jardim Lindóia;Rubem Berta;300;100;22;21;250;50
4207;0;Jardim Lindóia;Santa Cecília;100;0;74;13;50;50
4208;0;Jardim Lindóia;Santa Maria Goretti;100;0;69;5;0;100
4209;0;Jardim Lindóia;Santa Rosa de Lima;1200;100;656;196;150;1050
4210;0;Jardim Lindóia;Santa Tereza;250;0;142;31;100;150
4211;0;Jardim Lindóia;Santana;50;0;27;15;0;50
4212;0;Jardim Lindóia;Santo Antônio;0;0;0;0;0;0
4213;0;Jardim Lindóia;Sarandi;950;50;407;204;200;750
4214;0;Jardim Lindóia;Serraria;100;0;0;0;100;0
4215;0;Jardim Lindóia;São Caetano;0;0;0;0;0;0
4216;0;Jardim Lindóia;São Geraldo;0;0;0;0;0;0
4217;0;Jardim Lindóia;São José;50;0;31;11;0;50
4218;0;Jardim Lindóia;São João;150;100;24;12;100;50
4219;0;Jardim Lindóia;São Sebastião;1850;300;822;352;500;1350
4220;0;Jardim Lindóia;Sétimo Céu;0;0;0;0;0;0
4221;0;Jardim Lindóia;Teresópolis;100;0;31;11;50;50
4222;0;Jardim Lindóia;Tristeza;0;0;0;0;0;0
4223;0;Jardim Lindóia;Três Figueiras;100;0;50;0;100;0
4224;0;Jardim Lindóia;Vila Assunção;0;0;0;0;0;0
4225;0;Jardim Lindóia;Vila Conceição;0;0;0;0;0;0
4226;0;Jardim Lindóia;Vila Ipiranga;600;100;132;75;350;250
4227;0;Jardim Lindóia;Vila Jardim;350;50;179;95;50;300
4228;0;Jardim Lindóia;Vila João Pessoa;50;0;0;0;50;0
4229;0;Jardim Lindóia;Vila Nova;300;100;111;56;100;200
4230;0;Jardim Sabará;Aberta dos Morros;50;0;0;0;50;0
4231;0;Jardim Sabará;Agronomia;200;50;87;21;50;150
4232;0;Jardim Sabará;Anchieta;150;0;57;21;50;100
4233;0;Jardim Sabará;Arquipélago;100;0;47;29;0;100
4234;0;Jardim Sabará;Auxiliadora;200;50;74;45;50;150
4235;0;Jardim Sabará;Azenha;200;0;87;33;50;150
4236;0;Jardim Sabará;Bela Vista;0;0;0;0;0;0
4237;0;Jardim Sabará;Belém Novo;0;0;0;0;0;0
4238;0;Jardim Sabará;Belém Velho;50;50;0;0;50;0
4239;0;Jardim Sabará;Boa Vista;150;0;86;38;0;150
4240;0;Jardim Sabará;Boa Vista do Sul;100;0;24;12;50;50
4241;0;Jardim Sabará;Bom Fim;150;0;51;29;50;100
4242;0;Jardim Sabará;Bom Jesus;2800;50;1384;426;450;2350
4243;0;Jardim Sabará;Camaquã;0;0;0;0;0;0
4244;0;Jardim Sabará;Campo Novo;0;0;0;0;0;0
4245;0;Jardim Sabará;Cascata;150;0;50;20;50;100
4246;0;Jardim Sabará;Cavalhada;50;0;25;11;0;50
4247;0;Jardim Sabará;Cel. Aparício Borges;300;0;108;36;100;200
4248;0;Jardim Sabará;Centro Histórico;150;0;56;26;50;100
4249;0;Jardim Sabará;Chapéu do Sol;100;0;57;29;0;100
4250;0;Jardim Sabará;Chácara das Pedras;750;50;335;156;100;650
4251;0;Jardim Sabará;Cidade Baixa;0;0;0;0;0;0
4252;0;Jardim Sabará;Costa e Silva;150;50;28;4;100;50
4253;0;Jardim Sabará;Cristal;100;0;27;10;50;50
4254;0;Jardim Sabará;Cristo Redentor;200;150;0;0;200;0
4255;0;Jardim Sabará;Espírito Santo;0;0;0;0;0;0
4256;0;Jardim Sabará;Extrema;100;50;25;14;50;50
4257;0;Jardim Sabará;Farrapos;50;0;27;13;0;50
4258;0;Jardim Sabará;Farroupilha;100;50;29;11;50;50
4259;0;Jardim Sabará;Floresta;100;0;60;25;0;100
4260;0;Jardim Sabará;Glória;150;0;51;26;50;100
4261;0;Jardim Sabará;Guarujá;0;0;0;0;0;0
4262;0;Jardim Sabará;Higienópolis;200;50;89;33;50;150
4263;0;Jardim Sabará;Humaitá;150;0;96;43;0;150
4264;0;Jardim Sabará;Hípica;50;50;0;0;50;0
4265;0;Jardim Sabará;Independência;150;50;32;14;100;50
4266;0;Jardim Sabará;Ipanema;100;0;58;19;0;100
4267;0;Jardim Sabará;Jardim Botânico;200;50;64;18;100;100
4268;0;Jardim Sabará;Jardim Carvalho;450;100;166;54;200;250
4269;0;Jardim Sabará;Jardim Europa;250;0;157;62;0;250
4270;0;Jardim Sabará;Jardim Floresta;100;50;0;0;100;0
4271;0;Jardim Sabará;Jardim Isabel;50;0;26;7;0;50
4272;0;Jardim Sabará;Jardim Itú;1700;350;584;251;700;1000
4273;0;Jardim Sabará;Jardim Leopoldina;700;150;200;77;350;350
4274;0;Jardim Sabará;Jardim Lindóia;50;50;0;0;50;0
4275;0;Jardim Sabará;Jardim Sabará;4800;1700;1000;382;3200;1600
4276;0;Jardim Sabará;Jardim São Pedro;100;0;49;34;0;100
4277;0;Jardim Sabará;Jardim do Salso;900;50;453;191;100;800
4278;0;Jardim Sabará;Lageado;0;0;0;0;0;0
4279;0;Jardim Sabará;Lami;50;0;27;15;0;50
4280;0;Jardim Sabará;Lomba do Pinheiro;500;100;227;52;100;400
4281;0;Jardim Sabará;Medianeira;0;0;0;0;0;0
4282;0;Jardim Sabará;Menino Deus;100;0;23;10;50;50
4283;0;Jardim Sabará;Moinhos de Vento;200;0;83;44;50;150
4284;0;Jardim Sabará;Mont'Serrat;50;50;0;0;50;0
4285;0;Jardim Sabará;Morro Santana;1050;100;509;197;150;900
4286;0;Jardim Sabará;Mário Quintana;1250;150;541;116;350;900
4287;0;Jardim Sabará;Navegantes;50;0;0;0;50;0
4288;0;Jardim Sabará;Nonoai;200;50;75;18;150;50
4289;0;Jardim Sabará;Parque Santa Fé;150;50;61;26;50;100
4290;0;Jardim Sabará;Partenon;150;0;103;28;50;100
4291;0;Jardim Sabará;Passo D'Areia;250;100;55;61;100;150
4292;0;Jardim Sabará;Passo das Pedras;550;50;254;107;100;450
4293;0;Jardim Sabará;Pedra Redonda;50;0;28;11;0;50
4294;0;Jardim Sabará;Petrópolis;350;50;144;61;100;250
4295;0;Jardim Sabará;Pitinga;100;50;30;10;50;50
4296;0;Jardim Sabará;Ponta Grossa;0;0;0;0;0;0
4297;0;Jardim Sabará;Praia de Belas;50;0;0;0;50;0
4298;0;Jardim Sabará;Restinga;100;50;26;9;50;50
4299;0;Jardim Sabará;Rio Branco;100;50;33;14;50;50
4300;0;Jardim Sabará;Rubem Berta;650;150;151;115;350;300
4301;0;Jardim Sabará;Santa Cecília;50;0;23;17;0;50
4302;0;Jardim Sabará;Santa Maria Goretti;200;50;68;19;100;100
4303;0;Jardim Sabará;Santa Rosa de Lima;400;100;84;37;250;150
4304;0;Jardim Sabará;Santa Tereza;150;50;60;19;50;100
4305;0;Jardim Sabará;Santana;50;0;26;10;0;50
4306;0;Jardim Sabará;Santo Antônio;100;0;53;16;0;100
4307;0;Jardim Sabará;Sarandi;500;0;230;100;150;350
4308;0;Jardim Sabará;Serraria;50;0;0;0;50;0
4309;0;Jardim Sabará;São Caetano;0;0;0;0;0;0
4310;0;Jardim Sabará;São Geraldo;100;0;53;33;0;100
4311;0;Jardim Sabará;São José;50;0;25;15;0;50
4312;0;Jardim Sabará;São João;100;0;29;16;50;50
4313;0;Jardim Sabará;São Sebastião;250;50;88;27;100;150
4314;0;Jardim Sabará;Sétimo Céu;0;0;0;0;0;0
4315;0;Jardim Sabará;Teresópolis;150;50;56;20;50;100
4316;0;Jardim Sabará;Tristeza;100;0;58;28;0;100
4317;0;Jardim Sabará;Três Figueiras;200;0;52;25;100;100
4318;0;Jardim Sabará;Vila Assunção;0;0;0;0;0;0
4319;0;Jardim Sabará;Vila Conceição;50;0;29;12;0;50
4320;0;Jardim Sabará;Vila Ipiranga;400;0;186;71;100;300
4321;0;Jardim Sabará;Vila Jardim;3133;1050;545;193;2333;800
4322;0;Jardim Sabará;Vila João Pessoa;100;0;22;17;50;50
4323;0;Jardim Sabará;Vila Nova;250;0;119;27;50;200
4324;0;Jardim São Pedro;Aberta dos Morros;0;0;0;0;0;0
4325;0;Jardim São Pedro;Agronomia;100;0;50;0;100;0
4326;0;Jardim São Pedro;Anchieta;500;150;195;38;200;300
4327;0;Jardim São Pedro;Arquipélago;100;0;58;23;0;100
4328;0;Jardim São Pedro;Auxiliadora;150;0;47;29;50;100
4329;0;Jardim São Pedro;Azenha;50;0;0;0;50;0
4330;0;Jardim São Pedro;Bela Vista;50;0;0;0;50;0
4331;0;Jardim São Pedro;Belém Novo;50;0;29;12;0;50
4332;0;Jardim São Pedro;Belém Velho;0;0;0;0;0;0
4333;0;Jardim São Pedro;Boa Vista;400;50;179;62;100;300
4334;0;Jardim São Pedro;Boa Vista do Sul;0;0;0;0;0;0
4335;0;Jardim São Pedro;Bom Fim;100;0;25;16;50;50
4336;0;Jardim São Pedro;Bom Jesus;0;0;0;0;0;0
4337;0;Jardim São Pedro;Camaquã;0;0;0;0;0;0
4338;0;Jardim São Pedro;Campo Novo;50;0;38;3;0;50
4339;0;Jardim São Pedro;Cascata;150;0;92;24;0;150
4340;0;Jardim São Pedro;Cavalhada;0;0;0;0;0;0
4341;0;Jardim São Pedro;Cel. Aparício Borges;50;0;29;5;0;50
4342;0;Jardim São Pedro;Centro Histórico;200;0;106;59;0;200
4343;0;Jardim São Pedro;Chapéu do Sol;0;0;0;0;0;0
4344;0;Jardim São Pedro;Chácara das Pedras;50;0;24;16;0;50
4345;0;Jardim São Pedro;Cidade Baixa;50;0;34;11;0;50
4346;0;Jardim São Pedro;Costa e Silva;150;100;33;9;100;50
4347;0;Jardim São Pedro;Cristal;200;0;117;58;0;200
4348;0;Jardim São Pedro;Cristo Redentor;3200;1150;565;175;2350;850
4349;0;Jardim São Pedro;Espírito Santo;50;0;33;11;0;50
4350;0;Jardim São Pedro;Extrema;0;0;0;0;0;0
4351;0;Jardim São Pedro;Farrapos;396;100;178;24;196;200
4352;0;Jardim São Pedro;Farroupilha;0;0;0;0;0;0
4353;0;Jardim São Pedro;Floresta;200;0;116;43;0;200
4354;0;Jardim São Pedro;Glória;100;0;30;16;50;50
4355;0;Jardim São Pedro;Guarujá;0;0;0;0;0;0
4356;0;Jardim São Pedro;Higienópolis;150;50;75;23;50;100
4357;0;Jardim São Pedro;Humaitá;450;0;257;58;50;400
4358;0;Jardim São Pedro;Hípica;50;50;0;0;50;0
4359;0;Jardim São Pedro;Independência;100;50;0;0;100;0
4360;0;Jardim São Pedro;Ipanema;0;0;0;0;0;0
4361;0;Jardim São Pedro;Jardim Botânico;50;0;24;17;0;50
4362;0;Jardim São Pedro;Jardim Carvalho;50;0;22;9;0;50
4363;0;Jardim São Pedro;Jardim Europa;150;50;23;18;100;50
4364;0;Jardim São Pedro;Jardim Floresta;500;200;112;43;300;200
4365;0;Jardim São Pedro;Jardim Isabel;100;0;67;20;0;100
4366;0;Jardim São Pedro;Jardim Itú;150;50;30;12;100;50
4367;0;Jardim São Pedro;Jardim Leopoldina;50;0;0;0;50;0
4368;0;Jardim São Pedro;Jardim Lindóia;300;150;56;34;200;100
4369;0;Jardim São Pedro;Jardim Sabará;100;0;49;34;0;100
4370;0;Jardim São Pedro;Jardim São Pedro;1300;200;194;96;900;400
4371;0;Jardim São Pedro;Jardim do Salso;0;0;0;0;0;0
4372;0;Jardim São Pedro;Lageado;50;0;26;12;0;50
4373;0;Jardim São Pedro;Lami;0;0;0;0;0;0
4374;0;Jardim São Pedro;Lomba do Pinheiro;0;0;0;0;0;0
4375;0;Jardim São Pedro;Medianeira;50;50;0;0;50;0
4376;0;Jardim São Pedro;Menino Deus;100;0;28;12;50;50
4377;0;Jardim São Pedro;Moinhos de Vento;0;0;0;0;0;0
4378;0;Jardim São Pedro;Mont'Serrat;200;0;61;34;100;100
4379;0;Jardim São Pedro;Morro Santana;150;50;63;17;50;100
4380;0;Jardim São Pedro;Mário Quintana;250;0;110;23;50;200
4381;0;Jardim São Pedro;Navegantes;50;0;27;12;0;50
4382;0;Jardim São Pedro;Nonoai;0;0;0;0;0;0
4383;0;Jardim São Pedro;Parque Santa Fé;0;0;0;0;0;0
4384;0;Jardim São Pedro;Partenon;200;0;115;40;0;200
4385;0;Jardim São Pedro;Passo D'Areia;1843;400;359;329;943;900
4386;0;Jardim São Pedro;Passo das Pedras;150;50;63;21;50;100
4387;0;Jardim São Pedro;Pedra Redonda;50;0;33;11;0;50
4388;0;Jardim São Pedro;Petrópolis;200;50;30;4;150;50
4389;0;Jardim São Pedro;Pitinga;0;0;0;0;0;0
4390;0;Jardim São Pedro;Ponta Grossa;0;0;0;0;0;0
4391;0;Jardim São Pedro;Praia de Belas;0;0;0;0;0;0
4392;0;Jardim São Pedro;Restinga;50;0;29;10;0;50
4393;0;Jardim São Pedro;Rio Branco;300;100;111;51;100;200
4394;0;Jardim São Pedro;Rubem Berta;150;50;40;43;50;100
4395;0;Jardim São Pedro;Santa Cecília;0;0;0;0;0;0
4396;0;Jardim São Pedro;Santa Maria Goretti;1500;100;751;366;150;1350
4397;0;Jardim São Pedro;Santa Rosa de Lima;150;50;0;0;150;0
4398;0;Jardim São Pedro;Santa Tereza;100;0;29;6;50;50
4399;0;Jardim São Pedro;Santana;100;0;27;16;50;50
4400;0;Jardim São Pedro;Santo Antônio;0;0;0;0;0;0
4401;0;Jardim São Pedro;Sarandi;800;0;367;157;200;600
4402;0;Jardim São Pedro;Serraria;0;0;0;0;0;0
4403;0;Jardim São Pedro;São Caetano;0;0;0;0;0;0
4404;0;Jardim São Pedro;São Geraldo;50;0;0;0;50;0
4405;0;Jardim São Pedro;São José;0;0;0;0;0;0
4406;0;Jardim São Pedro;São João;200;0;136;55;50;150
4407;0;Jardim São Pedro;São Sebastião;100;50;33;14;50;50
4408;0;Jardim São Pedro;Sétimo Céu;50;50;0;0;50;0
4409;0;Jardim São Pedro;Teresópolis;50;0;23;14;0;50
4410;0;Jardim São Pedro;Tristeza;50;50;0;0;50;0
4411;0;Jardim São Pedro;Três Figueiras;150;50;62;20;50;100
4412;0;Jardim São Pedro;Vila Assunção;0;0;0;0;0;0
4413;0;Jardim São Pedro;Vila Conceição;0;0;0;0;0;0
4414;0;Jardim São Pedro;Vila Ipiranga;500;50;215;116;100;400
4415;0;Jardim São Pedro;Vila Jardim;0;0;0;0;0;0
4416;0;Jardim São Pedro;Vila João Pessoa;0;0;0;0;0;0
4417;0;Jardim São Pedro;Vila Nova;100;0;54;23;0;100
4418;0;Jardim do Salso;Aberta dos Morros;50;0;36;5;0;50
4419;0;Jardim do Salso;Agronomia;0;0;0;0;0;0
4420;0;Jardim do Salso;Anchieta;0;0;0;0;0;0
4421;0;Jardim do Salso;Arquipélago;0;0;0;0;0;0
4422;0;Jardim do Salso;Auxiliadora;0;0;0;0;0;0
4423;0;Jardim do Salso;Azenha;50;0;23;12;0;50
4424;0;Jardim do Salso;Bela Vista;100;0;60;21;0;100
4425;0;Jardim do Salso;Belém Novo;0;0;0;0;0;0
4426;0;Jardim do Salso;Belém Velho;50;0;0;0;50;0
4427;0;Jardim do Salso;Boa Vista;50;50;0;0;50;0
4428;0;Jardim do Salso;Boa Vista do Sul;150;50;27;12;100;50
4429;0;Jardim do Salso;Bom Fim;0;0;0;0;0;0
4430;0;Jardim do Salso;Bom Jesus;2750;500;1202;378;700;2050
4431;0;Jardim do Salso;Camaquã;50;0;26;9;0;50
4432;0;Jardim do Salso;Campo Novo;0;0;0;0;0;0
4433;0;Jardim do Salso;Cascata;250;50;113;31;50;200
4434;0;Jardim do Salso;Cavalhada;0;0;0;0;0;0
4435;0;Jardim do Salso;Cel. Aparício Borges;750;150;334;102;150;600
4436;0;Jardim do Salso;Centro Histórico;150;0;58;34;50;100
4437;0;Jardim do Salso;Chapéu do Sol;50;0;24;10;0;50
4438;0;Jardim do Salso;Chácara das Pedras;350;0;151;92;50;300
4439;0;Jardim do Salso;Cidade Baixa;50;0;35;11;0;50
4440;0;Jardim do Salso;Costa e Silva;100;50;0;0;100;0
4441;0;Jardim do Salso;Cristal;100;100;0;0;100;0
4442;0;Jardim do Salso;Cristo Redentor;150;100;32;5;100;50
4443;0;Jardim do Salso;Espírito Santo;0;0;0;0;0;0
4444;0;Jardim do Salso;Extrema;0;0;0;0;0;0
4445;0;Jardim do Salso;Farrapos;0;0;0;0;0;0
4446;0;Jardim do Salso;Farroupilha;0;0;0;0;0;0
4447;0;Jardim do Salso;Floresta;50;0;30;10;0;50
4448;0;Jardim do Salso;Glória;100;50;0;0;100;0
4449;0;Jardim do Salso;Guarujá;50;0;40;8;0;50
4450;0;Jardim do Salso;Higienópolis;100;50;23;11;50;50
4451;0;Jardim do Salso;Humaitá;150;50;73;15;50;100
4452;0;Jardim do Salso;Hípica;0;0;0;0;0;0
4453;0;Jardim do Salso;Independência;100;50;0;0;100;0
4454;0;Jardim do Salso;Ipanema;0;0;0;0;0;0
4455;0;Jardim do Salso;Jardim Botânico;618;50;268;64;318;300
4456;0;Jardim do Salso;Jardim Carvalho;1150;200;447;114;450;700
4457;0;Jardim do Salso;Jardim Europa;50;0;28;18;0;50
4458;0;Jardim do Salso;Jardim Floresta;50;50;0;0;50;0
4459;0;Jardim do Salso;Jardim Isabel;0;0;0;0;0;0
4460;0;Jardim do Salso;Jardim Itú;150;100;0;0;150;0
4461;0;Jardim do Salso;Jardim Leopoldina;100;0;50;0;100;0
4462;0;Jardim do Salso;Jardim Lindóia;100;0;21;18;50;50
4463;0;Jardim do Salso;Jardim Sabará;900;50;453;191;100;800
4464;0;Jardim do Salso;Jardim São Pedro;0;0;0;0;0;0
4465;0;Jardim do Salso;Jardim do Salso;2700;100;1498;522;200;2500
4466;0;Jardim do Salso;Lageado;0;0;0;0;0;0
4467;0;Jardim do Salso;Lami;0;0;0;0;0;0
4468;0;Jardim do Salso;Lomba do Pinheiro;350;0;223;36;0;350
4469;0;Jardim do Salso;Medianeira;50;0;0;0;50;0
4470;0;Jardim do Salso;Menino Deus;100;0;79;15;50;50
4471;0;Jardim do Salso;Moinhos de Vento;100;0;50;48;0;100
4472;0;Jardim do Salso;Mont'Serrat;0;0;0;0;0;0
4473;0;Jardim do Salso;Morro Santana;50;0;0;0;50;0
4474;0;Jardim do Salso;Mário Quintana;0;0;0;0;0;0
4475;0;Jardim do Salso;Navegantes;0;0;0;0;0;0
4476;0;Jardim do Salso;Nonoai;200;50;89;27;50;150
4477;0;Jardim do Salso;Parque Santa Fé;0;0;0;0;0;0
4478;0;Jardim do Salso;Partenon;1500;750;179;60;1250;250
4479;0;Jardim do Salso;Passo D'Areia;150;0;58;53;0;150
4480;0;Jardim do Salso;Passo das Pedras;100;0;29;5;50;50
4481;0;Jardim do Salso;Pedra Redonda;50;0;30;6;0;50
4482;0;Jardim do Salso;Petrópolis;1500;400;189;63;1250;250
4483;0;Jardim do Salso;Pitinga;0;0;0;0;0;0
4484;0;Jardim do Salso;Ponta Grossa;50;0;34;3;0;50
4485;0;Jardim do Salso;Praia de Belas;0;0;0;0;0;0
4486;0;Jardim do Salso;Restinga;150;0;92;21;0;150
4487;0;Jardim do Salso;Rio Branco;200;0;102;59;0;200
4488;0;Jardim do Salso;Rubem Berta;50;0;27;13;0;50
4489;0;Jardim do Salso;Santa Cecília;50;0;30;17;0;50
4490;0;Jardim do Salso;Santa Maria Goretti;50;0;0;0;50;0
4491;0;Jardim do Salso;Santa Rosa de Lima;0;0;0;0;0;0
4492;0;Jardim do Salso;Santa Tereza;100;0;59;22;0;100
4493;0;Jardim do Salso;Santana;300;50;48;25;200;100
4494;0;Jardim do Salso;Santo Antônio;150;0;89;36;0;150
4495;0;Jardim do Salso;Sarandi;300;0;82;33;150;150
4496;0;Jardim do Salso;Serraria;0;0;0;0;0;0
4497;0;Jardim do Salso;São Caetano;50;0;35;12;0;50
4498;0;Jardim do Salso;São Geraldo;0;0;0;0;0;0
4499;0;Jardim do Salso;São José;850;150;258;76;400;450
4500;0;Jardim do Salso;São João;150;0;68;43;0;150
4501;0;Jardim do Salso;São Sebastião;0;0;0;0;0;0
4502;0;Jardim do Salso;Sétimo Céu;0;0;0;0;0;0
4503;0;Jardim do Salso;Teresópolis;50;0;29;12;0;50
4504;0;Jardim do Salso;Tristeza;0;0;0;0;0;0
4505;0;Jardim do Salso;Três Figueiras;0;0;0;0;0;0
4506;0;Jardim do Salso;Vila Assunção;0;0;0;0;0;0
4507;0;Jardim do Salso;Vila Conceição;0;0;0;0;0;0
4508;0;Jardim do Salso;Vila Ipiranga;150;0;70;41;0;150
4509;0;Jardim do Salso;Vila Jardim;350;100;132;65;100;250
4510;0;Jardim do Salso;Vila João Pessoa;1150;200;472;192;350;800
4511;0;Jardim do Salso;Vila Nova;50;0;31;8;0;50
4512;0;Lageado;Aberta dos Morros;150;100;33;7;100;50
4513;0;Lageado;Agronomia;50;50;0;0;50;0
4514;0;Lageado;Anchieta;0;0;0;0;0;0
4515;0;Lageado;Arquipélago;50;0;0;0;50;0
4516;0;Lageado;Auxiliadora;50;0;20;19;0;50
4517;0;Lageado;Azenha;250;50;71;36;100;150
4518;0;Lageado;Bela Vista;100;0;61;21;0;100
4519;0;Lageado;Belém Novo;150;100;35;8;100;50
4520;0;Lageado;Belém Velho;50;50;0;0;50;0
4521;0;Lageado;Boa Vista;0;0;0;0;0;0
4522;0;Lageado;Boa Vista do Sul;50;0;0;0;50;0
4523;0;Lageado;Bom Fim;50;0;30;14;0;50
4524;0;Lageado;Bom Jesus;100;0;59;16;0;100
4525;0;Lageado;Camaquã;0;0;0;0;0;0
4526;0;Lageado;Campo Novo;50;0;36;6;0;50
4527;0;Lageado;Cascata;0;0;0;0;0;0
4528;0;Lageado;Cavalhada;50;50;0;0;50;0
4529;0;Lageado;Cel. Aparício Borges;50;0;24;9;0;50
4530;0;Lageado;Centro Histórico;200;100;27;6;150;50
4531;0;Lageado;Chapéu do Sol;450;50;239;58;50;400
4532;0;Lageado;Chácara das Pedras;0;0;0;0;0;0
4533;0;Lageado;Cidade Baixa;0;0;0;0;0;0
4534;0;Lageado;Costa e Silva;0;0;0;0;0;0
4535;0;Lageado;Cristal;150;0;61;18;50;100
4536;0;Lageado;Cristo Redentor;100;50;28;10;50;50
4537;0;Lageado;Espírito Santo;50;0;27;6;0;50
4538;0;Lageado;Extrema;400;0;237;61;0;400
4539;0;Lageado;Farrapos;50;0;33;4;0;50
4540;0;Lageado;Farroupilha;0;0;0;0;0;0
4541;0;Lageado;Floresta;50;0;28;6;0;50
4542;0;Lageado;Glória;50;0;20;16;0;50
4543;0;Lageado;Guarujá;0;0;0;0;0;0
4544;0;Lageado;Higienópolis;0;0;0;0;0;0
4545;0;Lageado;Humaitá;100;0;31;6;50;50
4546;0;Lageado;Hípica;300;0;210;43;0;300
4547;0;Lageado;Independência;0;0;0;0;0;0
4548;0;Lageado;Ipanema;50;0;28;11;0;50
4549;0;Lageado;Jardim Botânico;100;50;31;9;50;50
4550;0;Lageado;Jardim Carvalho;200;50;92;18;50;150
4551;0;Lageado;Jardim Europa;0;0;0;0;0;0
4552;0;Lageado;Jardim Floresta;50;0;25;18;0;50
4553;0;Lageado;Jardim Isabel;0;0;0;0;0;0
4554;0;Lageado;Jardim Itú;0;0;0;0;0;0
4555;0;Lageado;Jardim Leopoldina;0;0;0;0;0;0
4556;0;Lageado;Jardim Lindóia;0;0;0;0;0;0
4557;0;Lageado;Jardim Sabará;0;0;0;0;0;0
4558;0;Lageado;Jardim São Pedro;50;0;26;12;0;50
4559;0;Lageado;Jardim do Salso;0;0;0;0;0;0
4560;0;Lageado;Lageado;400;100;210;58;100;300
4561;0;Lageado;Lami;800;0;465;108;50;750
4562;0;Lageado;Lomba do Pinheiro;300;50;90;22;150;150
4563;0;Lageado;Medianeira;0;0;0;0;0;0
4564;0;Lageado;Menino Deus;450;100;91;65;250;200
4565;0;Lageado;Moinhos de Vento;50;0;0;0;50;0
4566;0;Lageado;Mont'Serrat;0;0;0;0;0;0
4567;0;Lageado;Morro Santana;100;0;28;9;50;50
4568;0;Lageado;Mário Quintana;150;100;32;8;100;50
4569;0;Lageado;Navegantes;50;0;0;0;50;0
4570;0;Lageado;Nonoai;100;0;74;19;0;100
4571;0;Lageado;Parque Santa Fé;0;0;0;0;0;0
4572;0;Lageado;Partenon;200;50;58;16;100;100
4573;0;Lageado;Passo D'Areia;50;0;0;0;50;0
4574;0;Lageado;Passo das Pedras;50;0;29;6;0;50
4575;0;Lageado;Pedra Redonda;0;0;0;0;0;0
4576;0;Lageado;Petrópolis;150;0;90;44;0;150
4577;0;Lageado;Pitinga;150;50;64;15;50;100
4578;0;Lageado;Ponta Grossa;0;0;0;0;0;0
4579;0;Lageado;Praia de Belas;0;0;0;0;0;0
4580;0;Lageado;Restinga;1200;150;474;102;500;700
4581;0;Lageado;Rio Branco;0;0;0;0;0;0
4582;0;Lageado;Rubem Berta;250;250;0;0;250;0
4583;0;Lageado;Santa Cecília;100;0;55;27;0;100
4584;0;Lageado;Santa Maria Goretti;0;0;0;0;0;0
4585;0;Lageado;Santa Rosa de Lima;100;0;31;8;50;50
4586;0;Lageado;Santa Tereza;150;50;34;10;100;50
4587;0;Lageado;Santana;0;0;0;0;0;0
4588;0;Lageado;Santo Antônio;100;0;29;11;50;50
4589;0;Lageado;Sarandi;0;0;0;0;0;0
4590;0;Lageado;Serraria;0;0;0;0;0;0
4591;0;Lageado;São Caetano;1800;300;666;167;700;1100
4592;0;Lageado;São Geraldo;0;0;0;0;0;0
4593;0;Lageado;São José;0;0;0;0;0;0
4594;0;Lageado;São João;0;0;0;0;0;0
4595;0;Lageado;São Sebastião;50;0;0;0;50;0
4596;0;Lageado;Sétimo Céu;0;0;0;0;0;0
4597;0;Lageado;Teresópolis;50;0;0;0;50;0
4598;0;Lageado;Tristeza;100;0;62;23;0;100
4599;0;Lageado;Três Figueiras;50;0;23;13;0;50
4600;0;Lageado;Vila Assunção;0;0;0;0;0;0
4601;0;Lageado;Vila Conceição;0;0;0;0;0;0
4602;0;Lageado;Vila Ipiranga;100;0;25;9;50;50
4603;0;Lageado;Vila Jardim;50;0;25;21;0;50
4604;0;Lageado;Vila João Pessoa;50;0;27;11;0;50
4605;0;Lageado;Vila Nova;250;150;0;0;250;0
4606;0;Lami;Aberta dos Morros;0;0;0;0;0;0
4607;0;Lami;Agronomia;50;0;0;0;50;0
4608;0;Lami;Anchieta;0;0;0;0;0;0
4609;0;Lami;Arquipélago;100;0;32;5;50;50
4610;0;Lami;Auxiliadora;0;0;0;0;0;0
4611;0;Lami;Azenha;100;50;32;5;50;50
4612;0;Lami;Bela Vista;100;0;58;29;0;100
4613;0;Lami;Belém Novo;100;50;29;11;50;50
4614;0;Lami;Belém Velho;0;0;0;0;0;0
4615;0;Lami;Boa Vista;0;0;0;0;0;0
4616;0;Lami;Boa Vista do Sul;100;0;31;4;50;50
4617;0;Lami;Bom Fim;100;0;31;8;50;50
4618;0;Lami;Bom Jesus;150;0;98;21;0;150
4619;0;Lami;Camaquã;50;50;0;0;50;0
4620;0;Lami;Campo Novo;50;50;0;0;50;0
4621;0;Lami;Cascata;150;0;119;8;50;100
4622;0;Lami;Cavalhada;0;0;0;0;0;0
4623;0;Lami;Cel. Aparício Borges;150;0;88;21;0;150
4624;0;Lami;Centro Histórico;250;0;80;36;100;150
4625;0;Lami;Chapéu do Sol;100;0;52;13;0;100
4626;0;Lami;Chácara das Pedras;50;0;0;0;50;0
4627;0;Lami;Cidade Baixa;0;0;0;0;0;0
4628;0;Lami;Costa e Silva;100;0;29;13;50;50
4629;0;Lami;Cristal;0;0;0;0;0;0
4630;0;Lami;Cristo Redentor;0;0;0;0;0;0
4631;0;Lami;Espírito Santo;50;0;29;8;0;50
4632;0;Lami;Extrema;300;50;146;38;50;250
4633;0;Lami;Farrapos;50;50;0;0;50;0
4634;0;Lami;Farroupilha;0;0;0;0;0;0
4635;0;Lami;Floresta;0;0;0;0;0;0
4636;0;Lami;Glória;200;0;94;27;50;150
4637;0;Lami;Guarujá;0;0;0;0;0;0
4638;0;Lami;Higienópolis;50;50;0;0;50;0
4639;0;Lami;Humaitá;150;0;92;23;0;150
4640;0;Lami;Hípica;150;0;89;26;0;150
4641;0;Lami;Independência;0;0;0;0;0;0
4642;0;Lami;Ipanema;0;0;0;0;0;0
4643;0;Lami;Jardim Botânico;50;0;50;0;50;0
4644;0;Lami;Jardim Carvalho;100;0;62;20;0;100
4645;0;Lami;Jardim Europa;0;0;0;0;0;0
4646;0;Lami;Jardim Floresta;0;0;0;0;0;0
4647;0;Lami;Jardim Isabel;50;0;31;13;0;50
4648;0;Lami;Jardim Itú;50;0;30;15;0;50
4649;0;Lami;Jardim Leopoldina;0;0;0;0;0;0
4650;0;Lami;Jardim Lindóia;50;0;28;15;0;50
4651;0;Lami;Jardim Sabará;50;0;27;15;0;50
4652;0;Lami;Jardim São Pedro;0;0;0;0;0;0
4653;0;Lami;Jardim do Salso;0;0;0;0;0;0
4654;0;Lami;Lageado;800;0;465;108;50;750
4655;0;Lami;Lami;3000;0;1752;502;0;3000
4656;0;Lami;Lomba do Pinheiro;100;50;32;7;50;50
4657;0;Lami;Medianeira;0;0;0;0;0;0
4658;0;Lami;Menino Deus;0;0;0;0;0;0
4659;0;Lami;Moinhos de Vento;0;0;0;0;0;0
4660;0;Lami;Mont'Serrat;50;50;0;0;50;0
4661;0;Lami;Morro Santana;50;0;0;0;50;0
4662;0;Lami;Mário Quintana;100;50;0;0;100;0
4663;0;Lami;Navegantes;0;0;0;0;0;0
4664;0;Lami;Nonoai;100;50;0;0;100;0
4665;0;Lami;Parque Santa Fé;50;0;0;0;50;0
4666;0;Lami;Partenon;350;100;107;50;150;200
4667;0;Lami;Passo D'Areia;100;0;31;41;0;100
4668;0;Lami;Passo das Pedras;100;0;56;22;0;100
4669;0;Lami;Pedra Redonda;0;0;0;0;0;0
4670;0;Lami;Petrópolis;150;0;84;32;0;150
4671;0;Lami;Pitinga;150;0;87;18;0;150
4672;0;Lami;Ponta Grossa;0;0;0;0;0;0
4673;0;Lami;Praia de Belas;0;0;0;0;0;0
4674;0;Lami;Restinga;200;0;75;35;50;150
4675;0;Lami;Rio Branco;0;0;0;0;0;0
4676;0;Lami;Rubem Berta;250;100;80;57;100;150
4677;0;Lami;Santa Cecília;50;0;0;0;50;0
4678;0;Lami;Santa Maria Goretti;0;0;0;0;0;0
4679;0;Lami;Santa Rosa de Lima;100;0;79;9;50;50
4680;0;Lami;Santa Tereza;50;0;0;0;50;0
4681;0;Lami;Santana;100;0;26;19;50;50
4682;0;Lami;Santo Antônio;200;50;59;27;100;100
4683;0;Lami;Sarandi;200;0;30;13;150;50
4684;0;Lami;Serraria;0;0;0;0;0;0
4685;0;Lami;São Caetano;650;100;321;84;100;550
4686;0;Lami;São Geraldo;50;0;32;8;0;50
4687;0;Lami;São José;100;0;64;14;0;100
4688;0;Lami;São João;0;0;0;0;0;0
4689;0;Lami;São Sebastião;0;0;0;0;0;0
4690;0;Lami;Sétimo Céu;0;0;0;0;0;0
4691;0;Lami;Teresópolis;150;50;62;18;50;100
4692;0;Lami;Tristeza;0;0;0;0;0;0
4693;0;Lami;Três Figueiras;0;0;0;0;0;0
4694;0;Lami;Vila Assunção;0;0;0;0;0;0
4695;0;Lami;Vila Conceição;0;0;0;0;0;0
4696;0;Lami;Vila Ipiranga;100;0;32;10;50;50
4697;0;Lami;Vila Jardim;100;0;23;23;50;50
4698;0;Lami;Vila João Pessoa;150;0;90;32;0;150
4699;0;Lami;Vila Nova;250;0;93;23;100;150
4700;0;Lomba do Pinheiro;Aberta dos Morros;150;50;56;17;50;100
4701;0;Lomba do Pinheiro;Agronomia;5200;550;2522;601;1000;4200
4702;0;Lomba do Pinheiro;Anchieta;250;0;159;27;0;250
4703;0;Lomba do Pinheiro;Arquipélago;450;100;193;39;150;300
4704;0;Lomba do Pinheiro;Auxiliadora;100;0;30;7;50;50
4705;0;Lomba do Pinheiro;Azenha;50;50;0;0;50;0
4706;0;Lomba do Pinheiro;Bela Vista;150;0;105;30;0;150
4707;0;Lomba do Pinheiro;Belém Novo;50;0;32;8;0;50
4708;0;Lomba do Pinheiro;Belém Velho;1500;100;802;172;250;1250
4709;0;Lomba do Pinheiro;Boa Vista;150;0;95;22;0;150
4710;0;Lomba do Pinheiro;Boa Vista do Sul;350;100;119;34;150;200
4711;0;Lomba do Pinheiro;Bom Fim;100;50;0;0;100;0
4712;0;Lomba do Pinheiro;Bom Jesus;750;200;156;28;500;250
4713;0;Lomba do Pinheiro;Camaquã;150;0;53;27;50;100
4714;0;Lomba do Pinheiro;Campo Novo;250;50;91;31;100;150
4715;0;Lomba do Pinheiro;Cascata;1200;100;592;136;200;1000
4716;0;Lomba do Pinheiro;Cavalhada;50;0;28;8;0;50
4717;0;Lomba do Pinheiro;Cel. Aparício Borges;250;50;94;9;100;150
4718;0;Lomba do Pinheiro;Centro Histórico;200;0;104;34;0;200
4719;0;Lomba do Pinheiro;Chapéu do Sol;500;100;178;26;300;200
4720;0;Lomba do Pinheiro;Chácara das Pedras;200;0;69;13;100;100
4721;0;Lomba do Pinheiro;Cidade Baixa;50;0;28;7;0;50
4722;0;Lomba do Pinheiro;Costa e Silva;100;0;0;0;100;0
4723;0;Lomba do Pinheiro;Cristal;100;0;29;11;50;50
4724;0;Lomba do Pinheiro;Cristo Redentor;150;0;102;15;50;100
4725;0;Lomba do Pinheiro;Espírito Santo;0;0;0;0;0;0
4726;0;Lomba do Pinheiro;Extrema;50;0;31;4;0;50
4727;0;Lomba do Pinheiro;Farrapos;150;0;89;15;0;150
4728;0;Lomba do Pinheiro;Farroupilha;100;0;26;5;50;50
4729;0;Lomba do Pinheiro;Floresta;150;50;84;14;100;50
4730;0;Lomba do Pinheiro;Glória;700;50;367;103;50;650
4731;0;Lomba do Pinheiro;Guarujá;50;0;33;7;0;50
4732;0;Lomba do Pinheiro;Higienópolis;150;50;31;4;100;50
4733;0;Lomba do Pinheiro;Humaitá;150;0;90;12;0;150
4734;0;Lomba do Pinheiro;Hípica;200;100;30;2;150;50
4735;0;Lomba do Pinheiro;Independência;50;0;0;0;50;0
4736;0;Lomba do Pinheiro;Ipanema;0;0;0;0;0;0
4737;0;Lomba do Pinheiro;Jardim Botânico;500;0;278;51;50;450
4738;0;Lomba do Pinheiro;Jardim Carvalho;1400;150;649;148;350;1050
4739;0;Lomba do Pinheiro;Jardim Europa;100;0;28;5;50;50
4740;0;Lomba do Pinheiro;Jardim Floresta;100;0;60;15;0;100
4741;0;Lomba do Pinheiro;Jardim Isabel;200;0;118;29;0;200
4742;0;Lomba do Pinheiro;Jardim Itú;200;50;93;19;50;150
4743;0;Lomba do Pinheiro;Jardim Leopoldina;400;50;196;51;50;350
4744;0;Lomba do Pinheiro;Jardim Lindóia;50;0;0;0;50;0
4745;0;Lomba do Pinheiro;Jardim Sabará;500;100;227;52;100;400
4746;0;Lomba do Pinheiro;Jardim São Pedro;0;0;0;0;0;0
4747;0;Lomba do Pinheiro;Jardim do Salso;350;0;223;36;0;350
4748;0;Lomba do Pinheiro;Lageado;300;50;90;22;150;150
4749;0;Lomba do Pinheiro;Lami;100;50;32;7;50;50
4750;0;Lomba do Pinheiro;Lomba do Pinheiro;19000;1500;8688;2078;4100;14900
4751;0;Lomba do Pinheiro;Medianeira;200;0;116;42;0;200
4752;0;Lomba do Pinheiro;Menino Deus;0;0;0;0;0;0
4753;0;Lomba do Pinheiro;Moinhos de Vento;100;0;59;10;0;100
4754;0;Lomba do Pinheiro;Mont'Serrat;200;0;105;35;0;200
4755;0;Lomba do Pinheiro;Morro Santana;1150;50;564;142;200;950
4756;0;Lomba do Pinheiro;Mário Quintana;950;100;365;80;350;600
4757;0;Lomba do Pinheiro;Navegantes;150;0;32;3;100;50
4758;0;Lomba do Pinheiro;Nonoai;250;0;155;30;0;250
4759;0;Lomba do Pinheiro;Parque Santa Fé;250;50;57;18;150;100
4760;0;Lomba do Pinheiro;Partenon;250;50;57;13;150;100
4761;0;Lomba do Pinheiro;Passo D'Areia;50;0;0;0;50;0
4762;0;Lomba do Pinheiro;Passo das Pedras;150;50;59;16;50;100
4763;0;Lomba do Pinheiro;Pedra Redonda;150;50;60;15;50;100
4764;0;Lomba do Pinheiro;Petrópolis;750;150;341;134;200;550
4765;0;Lomba do Pinheiro;Pitinga;1750;200;826;198;350;1400
4766;0;Lomba do Pinheiro;Ponta Grossa;200;50;52;15;100;100
4767;0;Lomba do Pinheiro;Praia de Belas;100;0;70;13;0;100
4768;0;Lomba do Pinheiro;Restinga;1300;250;501;129;450;850
4769;0;Lomba do Pinheiro;Rio Branco;150;0;59;16;50;100
4770;0;Lomba do Pinheiro;Rubem Berta;200;0;106;36;0;200
4771;0;Lomba do Pinheiro;Santa Cecília;50;0;26;9;0;50
4772;0;Lomba do Pinheiro;Santa Maria Goretti;0;0;0;0;0;0
4773;0;Lomba do Pinheiro;Santa Rosa de Lima;100;50;0;0;100;0
4774;0;Lomba do Pinheiro;Santa Tereza;700;150;264;58;400;300
4775;0;Lomba do Pinheiro;Santana;50;0;0;0;50;0
4776;0;Lomba do Pinheiro;Santo Antônio;0;0;0;0;0;0
4777;0;Lomba do Pinheiro;Sarandi;100;50;30;12;50;50
4778;0;Lomba do Pinheiro;Serraria;150;0;60;11;50;100
4779;0;Lomba do Pinheiro;São Caetano;100;0;34;9;50;50
4780;0;Lomba do Pinheiro;São Geraldo;100;0;28;3;50;50
4781;0;Lomba do Pinheiro;São José;1000;250;404;98;350;650
4782;0;Lomba do Pinheiro;São João;400;100;115;39;200;200
4783;0;Lomba do Pinheiro;São Sebastião;200;0;115;30;0;200
4784;0;Lomba do Pinheiro;Sétimo Céu;100;50;22;9;50;50
4785;0;Lomba do Pinheiro;Teresópolis;50;0;27;5;0;50
4786;0;Lomba do Pinheiro;Tristeza;350;50;159;47;50;300
4787;0;Lomba do Pinheiro;Três Figueiras;300;100;113;27;100;200
4788;0;Lomba do Pinheiro;Vila Assunção;150;0;92;17;0;150
4789;0;Lomba do Pinheiro;Vila Conceição;150;0;88;27;0;150
4790;0;Lomba do Pinheiro;Vila Ipiranga;300;100;80;38;150;150
4791;0;Lomba do Pinheiro;Vila Jardim;100;0;56;13;0;100
4792;0;Lomba do Pinheiro;Vila João Pessoa;1300;50;683;153;150;1150
4793;0;Lomba do Pinheiro;Vila Nova;300;150;55;11;200;100
4794;0;Medianeira;Aberta dos Morros;100;0;63;20;0;100
4795;0;Medianeira;Agronomia;100;0;49;33;0;100
4796;0;Medianeira;Anchieta;50;50;0;0;50;0
4797;0;Medianeira;Arquipélago;50;0;26;7;0;50
4798;0;Medianeira;Auxiliadora;50;0;0;0;50;0
4799;0;Medianeira;Azenha;3150;550;1151;527;1100;2050
4800;0;Medianeira;Bela Vista;200;100;56;26;100;100
4801;0;Medianeira;Belém Novo;0;0;0;0;0;0
4802;0;Medianeira;Belém Velho;0;0;0;0;0;0
4803;0;Medianeira;Boa Vista;100;0;57;20;0;100
4804;0;Medianeira;Boa Vista do Sul;50;0;26;13;0;50
4805;0;Medianeira;Bom Fim;100;0;56;23;0;100
4806;0;Medianeira;Bom Jesus;0;0;0;0;0;0
4807;0;Medianeira;Camaquã;450;150;166;51;250;200
4808;0;Medianeira;Campo Novo;50;0;0;0;50;0
4809;0;Medianeira;Cascata;150;0;75;35;0;150
4810;0;Medianeira;Cavalhada;150;0;68;23;50;100
4811;0;Medianeira;Cel. Aparício Borges;250;150;53;16;150;100
4812;0;Medianeira;Centro Histórico;350;100;72;44;200;150
4813;0;Medianeira;Chapéu do Sol;0;0;0;0;0;0
4814;0;Medianeira;Chácara das Pedras;0;0;0;0;0;0
4815;0;Medianeira;Cidade Baixa;300;0;78;41;150;150
4816;0;Medianeira;Costa e Silva;100;50;31;8;50;50
4817;0;Medianeira;Cristal;300;100;89;28;150;150
4818;0;Medianeira;Cristo Redentor;0;0;0;0;0;0
4819;0;Medianeira;Espírito Santo;0;0;0;0;0;0
4820;0;Medianeira;Extrema;50;0;26;13;0;50
4821;0;Medianeira;Farrapos;0;0;0;0;0;0
4822;0;Medianeira;Farroupilha;100;0;32;14;50;50
4823;0;Medianeira;Floresta;0;0;0;0;0;0
4824;0;Medianeira;Glória;400;50;118;38;200;200
4825;0;Medianeira;Guarujá;50;0;39;3;0;50
4826;0;Medianeira;Higienópolis;100;0;60;24;0;100
4827;0;Medianeira;Humaitá;50;0;31;8;0;50
4828;0;Medianeira;Hípica;250;50;103;25;100;150
4829;0;Medianeira;Independência;200;0;109;44;0;200
4830;0;Medianeira;Ipanema;100;50;26;9;50;50
4831;0;Medianeira;Jardim Botânico;200;50;80;37;50;150
4832;0;Medianeira;Jardim Carvalho;100;50;42;2;50;50
4833;0;Medianeira;Jardim Europa;0;0;0;0;0;0
4834;0;Medianeira;Jardim Floresta;0;0;0;0;0;0
4835;0;Medianeira;Jardim Isabel;0;0;0;0;0;0
4836;0;Medianeira;Jardim Itú;100;0;34;12;50;50
4837;0;Medianeira;Jardim Leopoldina;100;0;58;28;0;100
4838;0;Medianeira;Jardim Lindóia;50;0;31;8;0;50
4839;0;Medianeira;Jardim Sabará;0;0;0;0;0;0
4840;0;Medianeira;Jardim São Pedro;50;50;0;0;50;0
4841;0;Medianeira;Jardim do Salso;50;0;0;0;50;0
4842;0;Medianeira;Lageado;0;0;0;0;0;0
4843;0;Medianeira;Lami;0;0;0;0;0;0
4844;0;Medianeira;Lomba do Pinheiro;200;0;116;42;0;200
4845;0;Medianeira;Medianeira;10340;2800;3450;1756;4240;6100
4846;0;Medianeira;Menino Deus;500;100;192;90;150;350
4847;0;Medianeira;Moinhos de Vento;50;0;30;11;0;50
4848;0;Medianeira;Mont'Serrat;150;0;97;32;0;150
4849;0;Medianeira;Morro Santana;0;0;0;0;0;0
4850;0;Medianeira;Mário Quintana;0;0;0;0;0;0
4851;0;Medianeira;Navegantes;100;100;0;0;100;0
4852;0;Medianeira;Nonoai;550;100;256;121;100;450
4853;0;Medianeira;Parque Santa Fé;50;50;0;0;50;0
4854;0;Medianeira;Partenon;4350;500;2056;797;800;3550
4855;0;Medianeira;Passo D'Areia;250;50;79;56;50;200
4856;0;Medianeira;Passo das Pedras;150;0;51;22;50;100
4857;0;Medianeira;Pedra Redonda;0;0;0;0;0;0
4858;0;Medianeira;Petrópolis;400;100;180;72;100;300
4859;0;Medianeira;Pitinga;100;50;28;10;50;50
4860;0;Medianeira;Ponta Grossa;50;0;31;6;0;50
4861;0;Medianeira;Praia de Belas;200;50;59;25;100;100
4862;0;Medianeira;Restinga;50;0;28;7;0;50
4863;0;Medianeira;Rio Branco;250;0;129;68;0;250
4864;0;Medianeira;Rubem Berta;50;0;30;18;0;50
4865;0;Medianeira;Santa Cecília;300;100;106;52;100;200
4866;0;Medianeira;Santa Maria Goretti;0;0;0;0;0;0
4867;0;Medianeira;Santa Rosa de Lima;50;0;28;11;0;50
4868;0;Medianeira;Santa Tereza;4500;2200;591;199;3500;1000
4869;0;Medianeira;Santana;650;100;249;101;350;300
4870;0;Medianeira;Santo Antônio;1200;200;309;123;700;500
4871;0;Medianeira;Sarandi;50;0;0;0;50;0
4872;0;Medianeira;Serraria;50;50;0;0;50;0
4873;0;Medianeira;São Caetano;50;0;0;0;50;0
4874;0;Medianeira;São Geraldo;100;0;0;0;100;0
4875;0;Medianeira;São José;50;0;32;11;0;50
4876;0;Medianeira;São João;150;0;57;19;50;100
4877;0;Medianeira;São Sebastião;0;0;0;0;0;0
4878;0;Medianeira;Sétimo Céu;50;0;30;9;0;50
4879;0;Medianeira;Teresópolis;350;50;115;50;150;200
4880;0;Medianeira;Tristeza;200;0;91;55;50;150
4881;0;Medianeira;Três Figueiras;100;50;30;8;50;50
4882;0;Medianeira;Vila Assunção;150;0;55;23;50;100
4883;0;Medianeira;Vila Conceição;0;0;0;0;0;0
4884;0;Medianeira;Vila Ipiranga;50;0;23;24;0;50
4885;0;Medianeira;Vila Jardim;50;50;0;0;50;0
4886;0;Medianeira;Vila João Pessoa;100;50;30;16;50;50
4887;0;Medianeira;Vila Nova;150;100;31;11;100;50
4888;0;Menino Deus;Aberta dos Morros;200;0;59;26;100;100
4889;0;Menino Deus;Agronomia;50;0;27;12;0;50
4890;0;Menino Deus;Anchieta;50;0;29;9;0;50
4891;0;Menino Deus;Arquipélago;400;50;211;83;50;350
4892;0;Menino Deus;Auxiliadora;400;100;158;58;200;200
4893;0;Menino Deus;Azenha;1850;300;706;348;650;1200
4894;0;Menino Deus;Bela Vista;650;150;199;112;300;350
4895;0;Menino Deus;Belém Novo;200;0;82;39;50;150
4896;0;Menino Deus;Belém Velho;200;100;56;24;100;100
4897;0;Menino Deus;Boa Vista;150;0;81;35;0;150
4898;0;Menino Deus;Boa Vista do Sul;200;0;53;23;100;100
4899;0;Menino Deus;Bom Fim;700;100;270;162;200;500
4900;0;Menino Deus;Bom Jesus;50;0;28;6;0;50
4901;0;Menino Deus;Camaquã;150;50;30;12;100;50
4902;0;Menino Deus;Campo Novo;150;0;102;26;0;150
4903;0;Menino Deus;Cascata;150;0;64;20;50;100
4904;0;Menino Deus;Cavalhada;350;50;164;87;50;300
4905;0;Menino Deus;Cel. Aparício Borges;350;0;159;57;100;250
4906;0;Menino Deus;Centro Histórico;1650;350;350;140;1150;500
4907;0;Menino Deus;Chapéu do Sol;150;100;28;12;100;50
4908;0;Menino Deus;Chácara das Pedras;250;0;151;74;0;250
4909;0;Menino Deus;Cidade Baixa;11350;1000;4958;2535;2350;9000
4910;0;Menino Deus;Costa e Silva;200;0;116;47;0;200
4911;0;Menino Deus;Cristal;450;0;212;88;50;400
4912;0;Menino Deus;Cristo Redentor;0;0;0;0;0;0
4913;0;Menino Deus;Espírito Santo;50;0;29;20;0;50
4914;0;Menino Deus;Extrema;100;50;21;18;50;50
4915;0;Menino Deus;Farrapos;0;0;0;0;0;0
4916;0;Menino Deus;Farroupilha;2800;250;1164;648;650;2150
4917;0;Menino Deus;Floresta;300;50;100;61;100;200
4918;0;Menino Deus;Glória;150;50;56;23;50;100
4919;0;Menino Deus;Guarujá;200;0;55;35;100;100
4920;0;Menino Deus;Higienópolis;0;0;0;0;0;0
4921;0;Menino Deus;Humaitá;150;0;60;30;50;100
4922;0;Menino Deus;Hípica;100;0;42;34;0;100
4923;0;Menino Deus;Independência;350;50;72;48;200;150
4924;0;Menino Deus;Ipanema;50;0;25;16;0;50
4925;0;Menino Deus;Jardim Botânico;400;150;133;38;250;150
4926;0;Menino Deus;Jardim Carvalho;250;100;53;26;150;100
4927;0;Menino Deus;Jardim Europa;150;0;55;31;50;100
4928;0;Menino Deus;Jardim Floresta;100;50;0;0;100;0
4929;0;Menino Deus;Jardim Isabel;150;0;60;22;50;100
4930;0;Menino Deus;Jardim Itú;150;0;63;24;50;100
4931;0;Menino Deus;Jardim Leopoldina;50;0;0;0;50;0
4932;0;Menino Deus;Jardim Lindóia;50;0;20;15;0;50
4933;0;Menino Deus;Jardim Sabará;100;0;23;10;50;50
4934;0;Menino Deus;Jardim São Pedro;100;0;28;12;50;50
4935;0;Menino Deus;Jardim do Salso;100;0;79;15;50;50
4936;0;Menino Deus;Lageado;450;100;91;65;250;200
4937;0;Menino Deus;Lami;0;0;0;0;0;0
4938;0;Menino Deus;Lomba do Pinheiro;0;0;0;0;0;0
4939;0;Menino Deus;Medianeira;500;100;192;90;150;350
4940;0;Menino Deus;Menino Deus;6100;2800;616;208;5500;600
4941;0;Menino Deus;Moinhos de Vento;400;100;137;77;150;250
4942;0;Menino Deus;Mont'Serrat;400;150;62;31;300;100
4943;0;Menino Deus;Morro Santana;250;100;64;25;150;100
4944;0;Menino Deus;Mário Quintana;200;50;79;28;50;150
4945;0;Menino Deus;Navegantes;0;0;0;0;0;0
4946;0;Menino Deus;Nonoai;400;50;161;66;100;300
4947;0;Menino Deus;Parque Santa Fé;50;0;24;21;0;50
4948;0;Menino Deus;Partenon;600;100;249;111;150;450
4949;0;Menino Deus;Passo D'Areia;500;0;197;130;100;400
4950;0;Menino Deus;Passo das Pedras;100;50;30;5;50;50
4951;0;Menino Deus;Pedra Redonda;50;0;25;16;0;50
4952;0;Menino Deus;Petrópolis;400;50;145;80;100;300
4953;0;Menino Deus;Pitinga;50;0;23;15;0;50
4954;0;Menino Deus;Ponta Grossa;50;0;24;11;0;50
4955;0;Menino Deus;Praia de Belas;2850;200;1309;620;500;2350
4956;0;Menino Deus;Restinga;300;100;81;36;150;150
4957;0;Menino Deus;Rio Branco;950;100;222;152;500;450
4958;0;Menino Deus;Rubem Berta;300;50;84;38;150;150
4959;0;Menino Deus;Santa Cecília;750;50;259;156;250;500
4960;0;Menino Deus;Santa Maria Goretti;300;0;44;29;200;100
4961;0;Menino Deus;Santa Rosa de Lima;300;150;58;32;200;100
4962;0;Menino Deus;Santa Tereza;1450;250;617;215;500;950
4963;0;Menino Deus;Santana;1200;150;380;209;450;750
4964;0;Menino Deus;Santo Antônio;900;150;255;113;450;450
4965;0;Menino Deus;Sarandi;1050;150;461;222;200;850
4966;0;Menino Deus;Serraria;200;0;115;49;0;200
4967;0;Menino Deus;São Caetano;50;0;28;20;0;50
4968;0;Menino Deus;São Geraldo;150;0;85;43;0;150
4969;0;Menino Deus;São José;50;50;0;0;50;0
4970;0;Menino Deus;São João;400;0;192;83;150;250
4971;0;Menino Deus;São Sebastião;250;0;138;59;0;250
4972;0;Menino Deus;Sétimo Céu;50;0;28;17;0;50
4973;0;Menino Deus;Teresópolis;100;50;31;17;50;50
4974;0;Menino Deus;Tristeza;250;0;132;68;0;250
4975;0;Menino Deus;Três Figueiras;100;0;30;20;50;50
4976;0;Menino Deus;Vila Assunção;100;0;52;29;0;100
4977;0;Menino Deus;Vila Conceição;100;0;22;13;50;50
4978;0;Menino Deus;Vila Ipiranga;350;100;153;50;100;250
4979;0;Menino Deus;Vila Jardim;100;50;0;0;100;0
4980;0;Menino Deus;Vila João Pessoa;100;100;0;0;100;0
4981;0;Menino Deus;Vila Nova;150;100;35;7;100;50
4982;0;Moinhos de Vento;Aberta dos Morros;50;0;32;9;0;50
4983;0;Moinhos de Vento;Agronomia;0;0;0;0;0;0
4984;0;Moinhos de Vento;Anchieta;50;0;0;0;50;0
4985;0;Moinhos de Vento;Arquipélago;100;0;50;16;0;100
4986;0;Moinhos de Vento;Auxiliadora;850;150;181;101;600;250
4987;0;Moinhos de Vento;Azenha;500;0;167;98;150;350
4988;0;Moinhos de Vento;Bela Vista;500;200;134;106;200;300
4989;0;Moinhos de Vento;Belém Novo;200;50;76;41;50;150
4990;0;Moinhos de Vento;Belém Velho;50;0;0;0;50;0
4991;0;Moinhos de Vento;Boa Vista;300;0;143;66;50;250
4992;0;Moinhos de Vento;Boa Vista do Sul;100;50;0;0;100;0
4993;0;Moinhos de Vento;Bom Fim;1400;250;477;295;450;950
4994;0;Moinhos de Vento;Bom Jesus;250;0;100;62;50;200
4995;0;Moinhos de Vento;Camaquã;50;0;31;9;0;50
4996;0;Moinhos de Vento;Campo Novo;50;0;32;8;0;50
4997;0;Moinhos de Vento;Cascata;50;0;0;0;50;0
4998;0;Moinhos de Vento;Cavalhada;200;100;52;26;100;100
4999;0;Moinhos de Vento;Cel. Aparício Borges;100;0;56;30;0;100
5000;0;Moinhos de Vento;Centro Histórico;2400;150;1036;545;300;2100
5001;0;Moinhos de Vento;Chapéu do Sol;50;0;24;13;0;50
5002;0;Moinhos de Vento;Chácara das Pedras;100;50;26;23;50;50
5003;0;Moinhos de Vento;Cidade Baixa;450;150;51;29;350;100
5004;0;Moinhos de Vento;Costa e Silva;50;0;0;0;50;0
5005;0;Moinhos de Vento;Cristal;200;0;84;42;50;150
5006;0;Moinhos de Vento;Cristo Redentor;50;0;30;15;0;50
5007;0;Moinhos de Vento;Espírito Santo;100;0;18;23;50;50
5008;0;Moinhos de Vento;Extrema;0;0;0;0;0;0
5009;0;Moinhos de Vento;Farrapos;200;0;110;58;0;200
5010;0;Moinhos de Vento;Farroupilha;400;50;144;95;100;300
5011;0;Moinhos de Vento;Floresta;1950;50;869;474;350;1600
5012;0;Moinhos de Vento;Glória;100;0;0;0;100;0
5013;0;Moinhos de Vento;Guarujá;50;0;28;9;0;50
5014;0;Moinhos de Vento;Higienópolis;100;0;53;33;0;100
5015;0;Moinhos de Vento;Humaitá;100;0;65;13;0;100
5016;0;Moinhos de Vento;Hípica;100;0;0;0;100;0
5017;0;Moinhos de Vento;Independência;950;150;348;253;250;700
5018;0;Moinhos de Vento;Ipanema;0;0;0;0;0;0
5019;0;Moinhos de Vento;Jardim Botânico;200;0;73;54;50;150
5020;0;Moinhos de Vento;Jardim Carvalho;100;0;59;31;0;100
5021;0;Moinhos de Vento;Jardim Europa;50;0;29;18;0;50
5022;0;Moinhos de Vento;Jardim Floresta;100;100;0;0;100;0
5023;0;Moinhos de Vento;Jardim Isabel;0;0;0;0;0;0
5024;0;Moinhos de Vento;Jardim Itú;150;50;58;28;50;100
5025;0;Moinhos de Vento;Jardim Leopoldina;50;50;0;0;50;0
5026;0;Moinhos de Vento;Jardim Lindóia;100;0;45;42;0;100
5027;0;Moinhos de Vento;Jardim Sabará;200;0;83;44;50;150
5028;0;Moinhos de Vento;Jardim São Pedro;0;0;0;0;0;0
5029;0;Moinhos de Vento;Jardim do Salso;100;0;50;48;0;100
5030;0;Moinhos de Vento;Lageado;50;0;0;0;50;0
5031;0;Moinhos de Vento;Lami;0;0;0;0;0;0
5032;0;Moinhos de Vento;Lomba do Pinheiro;100;0;59;10;0;100
5033;0;Moinhos de Vento;Medianeira;50;0;30;11;0;50
5034;0;Moinhos de Vento;Menino Deus;400;100;137;77;150;250
5035;0;Moinhos de Vento;Moinhos de Vento;5300;400;1908;1672;1100;4200
5036;0;Moinhos de Vento;Mont'Serrat;550;100;146;94;250;300
5037;0;Moinhos de Vento;Morro Santana;50;0;33;9;0;50
5038;0;Moinhos de Vento;Mário Quintana;200;50;84;34;50;150
5039;0;Moinhos de Vento;Navegantes;100;50;20;18;50;50
5040;0;Moinhos de Vento;Nonoai;100;0;57;17;0;100
5041;0;Moinhos de Vento;Parque Santa Fé;50;0;22;27;0;50
5042;0;Moinhos de Vento;Partenon;300;150;75;37;150;150
5043;0;Moinhos de Vento;Passo D'Areia;500;0;215;101;200;300
5044;0;Moinhos de Vento;Passo das Pedras;0;0;0;0;0;0
5045;0;Moinhos de Vento;Pedra Redonda;0;0;0;0;0;0
5046;0;Moinhos de Vento;Petrópolis;400;50;116;63;200;200
5047;0;Moinhos de Vento;Pitinga;50;0;27;11;0;50
5048;0;Moinhos de Vento;Ponta Grossa;0;0;0;0;0;0
5049;0;Moinhos de Vento;Praia de Belas;0;0;0;0;0;0
5050;0;Moinhos de Vento;Restinga;50;50;0;0;50;0
5051;0;Moinhos de Vento;Rio Branco;2700;400;966;631;1100;1600
5052;0;Moinhos de Vento;Rubem Berta;100;0;48;36;0;100
5053;0;Moinhos de Vento;Santa Cecília;400;50;187;73;150;250
5054;0;Moinhos de Vento;Santa Maria Goretti;150;100;0;0;150;0
5055;0;Moinhos de Vento;Santa Rosa de Lima;150;50;53;14;50;100
5056;0;Moinhos de Vento;Santa Tereza;350;50;140;69;100;250
5057;0;Moinhos de Vento;Santana;400;100;139;72;150;250
5058;0;Moinhos de Vento;Santo Antônio;200;0;122;51;50;150
5059;0;Moinhos de Vento;Sarandi;450;100;194;103;100;350
5060;0;Moinhos de Vento;Serraria;50;0;23;20;0;50
5061;0;Moinhos de Vento;São Caetano;50;50;0;0;50;0
5062;0;Moinhos de Vento;São Geraldo;600;150;188;113;250;350
5063;0;Moinhos de Vento;São José;150;0;38;49;50;100
5064;0;Moinhos de Vento;São João;750;100;307;185;150;600
5065;0;Moinhos de Vento;São Sebastião;50;0;24;15;0;50
5066;0;Moinhos de Vento;Sétimo Céu;0;0;0;0;0;0
5067;0;Moinhos de Vento;Teresópolis;50;0;31;18;0;50
5068;0;Moinhos de Vento;Tristeza;0;0;0;0;0;0
5069;0;Moinhos de Vento;Três Figueiras;450;50;199;147;50;400
5070;0;Moinhos de Vento;Vila Assunção;50;0;30;11;0;50
5071;0;Moinhos de Vento;Vila Conceição;0;0;0;0;0;0
5072;0;Moinhos de Vento;Vila Ipiranga;100;0;46;43;0;100
5073;0;Moinhos de Vento;Vila Jardim;150;50;43;26;50;100
5074;0;Moinhos de Vento;Vila João Pessoa;0;0;0;0;0;0
5075;0;Moinhos de Vento;Vila Nova;100;0;50;27;0;100
5076;0;Mont'Serrat;Aberta dos Morros;0;0;0;0;0;0
5077;0;Mont'Serrat;Agronomia;100;0;28;11;50;50
5078;0;Mont'Serrat;Anchieta;100;0;58;19;0;100
5079;0;Mont'Serrat;Arquipélago;100;50;34;14;50;50
5080;0;Mont'Serrat;Auxiliadora;2800;150;1469;665;400;2400
5081;0;Mont'Serrat;Azenha;250;0;133;62;0;250
5082;0;Mont'Serrat;Bela Vista;1800;300;770;337;500;1300
5083;0;Mont'Serrat;Belém Novo;0;0;0;0;0;0
5084;0;Mont'Serrat;Belém Velho;100;50;0;0;100;0
5085;0;Mont'Serrat;Boa Vista;850;150;392;164;150;700
5086;0;Mont'Serrat;Boa Vista do Sul;0;0;0;0;0;0
5087;0;Mont'Serrat;Bom Fim;50;0;32;9;0;50
5088;0;Mont'Serrat;Bom Jesus;200;50;79;23;50;150
5089;0;Mont'Serrat;Camaquã;50;0;27;17;0;50
5090;0;Mont'Serrat;Campo Novo;0;0;0;0;0;0
5091;0;Mont'Serrat;Cascata;150;0;90;27;0;150
5092;0;Mont'Serrat;Cavalhada;250;50;112;49;50;200
5093;0;Mont'Serrat;Cel. Aparício Borges;100;0;31;4;50;50
5094;0;Mont'Serrat;Centro Histórico;450;100;117;82;200;250
5095;0;Mont'Serrat;Chapéu do Sol;0;0;0;0;0;0
5096;0;Mont'Serrat;Chácara das Pedras;100;0;51;30;0;100
5097;0;Mont'Serrat;Cidade Baixa;300;50;102;54;100;200
5098;0;Mont'Serrat;Costa e Silva;100;0;54;16;0;100
5099;0;Mont'Serrat;Cristal;300;50;89;28;150;150
5100;0;Mont'Serrat;Cristo Redentor;350;0;230;66;0;350
5101;0;Mont'Serrat;Espírito Santo;0;0;0;0;0;0
5102;0;Mont'Serrat;Extrema;50;50;0;0;50;0
5103;0;Mont'Serrat;Farrapos;100;0;27;12;50;50
5104;0;Mont'Serrat;Farroupilha;50;0;36;7;0;50
5105;0;Mont'Serrat;Floresta;300;50;90;42;150;150
5106;0;Mont'Serrat;Glória;0;0;0;0;0;0
5107;0;Mont'Serrat;Guarujá;0;0;0;0;0;0
5108;0;Mont'Serrat;Higienópolis;1015;50;475;201;215;800
5109;0;Mont'Serrat;Humaitá;0;0;0;0;0;0
5110;0;Mont'Serrat;Hípica;50;0;25;13;0;50
5111;0;Mont'Serrat;Independência;250;50;109;61;50;200
5112;0;Mont'Serrat;Ipanema;0;0;0;0;0;0
5113;0;Mont'Serrat;Jardim Botânico;450;100;190;76;100;350
5114;0;Mont'Serrat;Jardim Carvalho;200;150;33;4;150;50
5115;0;Mont'Serrat;Jardim Europa;50;0;34;12;0;50
5116;0;Mont'Serrat;Jardim Floresta;250;50;97;38;100;150
5117;0;Mont'Serrat;Jardim Isabel;0;0;0;0;0;0
5118;0;Mont'Serrat;Jardim Itú;50;0;0;0;50;0
5119;0;Mont'Serrat;Jardim Leopoldina;200;100;59;19;100;100
5120;0;Mont'Serrat;Jardim Lindóia;50;0;30;14;0;50
5121;0;Mont'Serrat;Jardim Sabará;50;50;0;0;50;0
5122;0;Mont'Serrat;Jardim São Pedro;200;0;61;34;100;100
5123;0;Mont'Serrat;Jardim do Salso;0;0;0;0;0;0
5124;0;Mont'Serrat;Lageado;0;0;0;0;0;0
5125;0;Mont'Serrat;Lami;50;50;0;0;50;0
5126;0;Mont'Serrat;Lomba do Pinheiro;200;0;105;35;0;200
5127;0;Mont'Serrat;Medianeira;150;0;97;32;0;150
5128;0;Mont'Serrat;Menino Deus;400;150;62;31;300;100
5129;0;Mont'Serrat;Moinhos de Vento;550;100;146;94;250;300
5130;0;Mont'Serrat;Mont'Serrat;6000;1900;1198;438;4000;2000
5131;0;Mont'Serrat;Morro Santana;150;50;31;9;100;50
5132;0;Mont'Serrat;Mário Quintana;300;50;54;13;200;100
5133;0;Mont'Serrat;Navegantes;200;0;120;34;0;200
5134;0;Mont'Serrat;Nonoai;50;50;0;0;50;0
5135;0;Mont'Serrat;Parque Santa Fé;0;0;0;0;0;0
5136;0;Mont'Serrat;Partenon;300;100;81;31;150;150
5137;0;Mont'Serrat;Passo D'Areia;950;150;186;198;450;500
5138;0;Mont'Serrat;Passo das Pedras;100;0;54;28;0;100
5139;0;Mont'Serrat;Pedra Redonda;50;0;30;11;0;50
5140;0;Mont'Serrat;Petrópolis;2150;800;213;93;1800;350
5141;0;Mont'Serrat;Pitinga;0;0;0;0;0;0
5142;0;Mont'Serrat;Ponta Grossa;100;0;75;25;0;100
5143;0;Mont'Serrat;Praia de Belas;100;100;0;0;100;0
5144;0;Mont'Serrat;Restinga;50;50;0;0;50;0
5145;0;Mont'Serrat;Rio Branco;400;50;150;81;150;250
5146;0;Mont'Serrat;Rubem Berta;300;50;98;60;100;200
5147;0;Mont'Serrat;Santa Cecília;100;0;52;24;0;100
5148;0;Mont'Serrat;Santa Maria Goretti;150;0;101;8;0;150
5149;0;Mont'Serrat;Santa Rosa de Lima;250;50;87;32;100;150
5150;0;Mont'Serrat;Santa Tereza;150;50;29;9;100;50
5151;0;Mont'Serrat;Santana;400;100;80;36;250;150
5152;0;Mont'Serrat;Santo Antônio;0;0;0;0;0;0
5153;0;Mont'Serrat;Sarandi;100;50;0;0;100;0
5154;0;Mont'Serrat;Serraria;0;0;0;0;0;0
5155;0;Mont'Serrat;São Caetano;0;0;0;0;0;0
5156;0;Mont'Serrat;São Geraldo;0;0;0;0;0;0
5157;0;Mont'Serrat;São José;50;50;0;0;50;0
5158;0;Mont'Serrat;São João;1100;100;471;219;300;800
5159;0;Mont'Serrat;São Sebastião;150;0;51;23;50;100
5160;0;Mont'Serrat;Sétimo Céu;0;0;0;0;0;0
5161;0;Mont'Serrat;Teresópolis;50;0;25;12;0;50
5162;0;Mont'Serrat;Tristeza;0;0;0;0;0;0
5163;0;Mont'Serrat;Três Figueiras;1800;150;890;348;300;1500
5164;0;Mont'Serrat;Vila Assunção;0;0;0;0;0;0
5165;0;Mont'Serrat;Vila Conceição;0;0;0;0;0;0
5166;0;Mont'Serrat;Vila Ipiranga;200;0;31;16;150;50
5167;0;Mont'Serrat;Vila Jardim;100;0;55;32;0;100
5168;0;Mont'Serrat;Vila João Pessoa;200;50;89;33;50;150
5169;0;Mont'Serrat;Vila Nova;100;50;0;0;100;0
5170;0;Morro Santana;Aberta dos Morros;100;50;27;12;50;50
5171;0;Morro Santana;Agronomia;550;0;338;89;0;550
5172;0;Morro Santana;Anchieta;50;0;28;5;0;50
5173;0;Morro Santana;Arquipélago;50;0;31;8;0;50
5174;0;Morro Santana;Auxiliadora;200;0;109;48;0;200
5175;0;Morro Santana;Azenha;150;50;57;19;50;100
5176;0;Morro Santana;Bela Vista;50;0;33;8;0;50
5177;0;Morro Santana;Belém Novo;150;0;30;10;100;50
5178;0;Morro Santana;Belém Velho;100;50;0;0;100;0
5179;0;Morro Santana;Boa Vista;150;0;96;29;0;150
5180;0;Morro Santana;Boa Vista do Sul;150;50;31;12;100;50
5181;0;Morro Santana;Bom Fim;0;0;0;0;0;0
5182;0;Morro Santana;Bom Jesus;1350;150;698;179;300;1050
5183;0;Morro Santana;Camaquã;50;0;0;0;50;0
5184;0;Morro Santana;Campo Novo;100;0;57;18;0;100
5185;0;Morro Santana;Cascata;200;50;88;22;50;150
5186;0;Morro Santana;Cavalhada;250;50;122;42;50;200
5187;0;Morro Santana;Cel. Aparício Borges;150;100;30;12;100;50
5188;0;Morro Santana;Centro Histórico;150;50;53;21;50;100
5189;0;Morro Santana;Chapéu do Sol;50;0;36;3;0;50
5190;0;Morro Santana;Chácara das Pedras;200;0;84;36;50;150
5191;0;Morro Santana;Cidade Baixa;100;0;55;15;0;100
5192;0;Morro Santana;Costa e Silva;300;0;125;36;100;200
5193;0;Morro Santana;Cristal;150;50;55;20;50;100
5194;0;Morro Santana;Cristo Redentor;300;100;83;34;150;150
5195;0;Morro Santana;Espírito Santo;0;0;0;0;0;0
5196;0;Morro Santana;Extrema;250;50;121;39;50;200
5197;0;Morro Santana;Farrapos;0;0;0;0;0;0
5198;0;Morro Santana;Farroupilha;50;50;0;0;50;0
5199;0;Morro Santana;Floresta;50;0;29;13;0;50
5200;0;Morro Santana;Glória;0;0;0;0;0;0
5201;0;Morro Santana;Guarujá;100;0;64;23;0;100
5202;0;Morro Santana;Higienópolis;200;100;55;20;100;100
5203;0;Morro Santana;Humaitá;50;50;0;0;50;0
5204;0;Morro Santana;Hípica;150;0;63;17;50;100
5205;0;Morro Santana;Independência;0;0;0;0;0;0
5206;0;Morro Santana;Ipanema;0;0;0;0;0;0
5207;0;Morro Santana;Jardim Botânico;100;50;30;14;50;50
5208;0;Morro Santana;Jardim Carvalho;800;250;315;88;350;450
5209;0;Morro Santana;Jardim Europa;200;0;112;36;0;200
5210;0;Morro Santana;Jardim Floresta;100;50;0;0;100;0
5211;0;Morro Santana;Jardim Isabel;150;0;91;25;0;150
5212;0;Morro Santana;Jardim Itú;550;50;231;75;200;350
5213;0;Morro Santana;Jardim Leopoldina;800;100;264;88;350;450
5214;0;Morro Santana;Jardim Lindóia;100;0;61;26;0;100
5215;0;Morro Santana;Jardim Sabará;1050;100;509;197;150;900
5216;0;Morro Santana;Jardim São Pedro;150;50;63;17;50;100
5217;0;Morro Santana;Jardim do Salso;50;0;0;0;50;0
5218;0;Morro Santana;Lageado;100;0;28;9;50;50
5219;0;Morro Santana;Lami;50;0;0;0;50;0
5220;0;Morro Santana;Lomba do Pinheiro;1150;50;564;142;200;950
5221;0;Morro Santana;Medianeira;0;0;0;0;0;0
5222;0;Morro Santana;Menino Deus;250;100;64;25;150;100
5223;0;Morro Santana;Moinhos de Vento;50;0;33;9;0;50
5224;0;Morro Santana;Mont'Serrat;150;50;31;9;100;50
5225;0;Morro Santana;Morro Santana;11300;2400;4740;1310;4200;7100
5226;0;Morro Santana;Mário Quintana;2250;650;786;139;1300;950
5227;0;Morro Santana;Navegantes;50;0;25;12;0;50
5228;0;Morro Santana;Nonoai;0;0;0;0;0;0
5229;0;Morro Santana;Parque Santa Fé;800;50;325;115;250;550
5230;0;Morro Santana;Partenon;250;50;35;5;200;50
5231;0;Morro Santana;Passo D'Areia;200;50;68;41;50;150
5232;0;Morro Santana;Passo das Pedras;2500;100;1225;391;450;2050
5233;0;Morro Santana;Pedra Redonda;0;0;0;0;0;0
5234;0;Morro Santana;Petrópolis;50;50;0;0;50;0
5235;0;Morro Santana;Pitinga;150;50;64;13;50;100
5236;0;Morro Santana;Ponta Grossa;200;50;99;30;100;100
5237;0;Morro Santana;Praia de Belas;50;0;50;0;50;0
5238;0;Morro Santana;Restinga;100;0;49;16;0;100
5239;0;Morro Santana;Rio Branco;100;0;53;18;0;100
5240;0;Morro Santana;Rubem Berta;1450;200;605;431;300;1150
5241;0;Morro Santana;Santa Cecília;100;0;51;28;0;100
5242;0;Morro Santana;Santa Maria Goretti;200;0;105;43;0;200
5243;0;Morro Santana;Santa Rosa de Lima;250;50;69;17;150;100
5244;0;Morro Santana;Santa Tereza;250;50;51;15;150;100
5245;0;Morro Santana;Santana;50;0;0;0;50;0
5246;0;Morro Santana;Santo Antônio;100;0;59;17;0;100
5247;0;Morro Santana;Sarandi;450;0;263;105;50;400
5248;0;Morro Santana;Serraria;50;0;32;2;0;50
5249;0;Morro Santana;São Caetano;150;50;60;14;50;100
5250;0;Morro Santana;São Geraldo;50;0;34;5;0;50
5251;0;Morro Santana;São José;150;0;55;16;50;100
5252;0;Morro Santana;São João;100;0;30;9;50;50
5253;0;Morro Santana;São Sebastião;150;50;0;0;150;0
5254;0;Morro Santana;Sétimo Céu;50;0;0;0;50;0
5255;0;Morro Santana;Teresópolis;50;0;30;11;0;50
5256;0;Morro Santana;Tristeza;50;50;0;0;50;0
5257;0;Morro Santana;Três Figueiras;50;0;50;0;50;0
5258;0;Morro Santana;Vila Assunção;50;0;30;9;0;50
5259;0;Morro Santana;Vila Conceição;50;0;26;7;0;50
5260;0;Morro Santana;Vila Ipiranga;500;100;103;39;300;200
5261;0;Morro Santana;Vila Jardim;100;50;30;7;50;50
5262;0;Morro Santana;Vila João Pessoa;150;0;56;20;50;100
5263;0;Morro Santana;Vila Nova;50;0;36;8;0;50
5264;0;Mário Quintana;Aberta dos Morros;50;50;0;0;50;0
5265;0;Mário Quintana;Agronomia;250;50;92;14;100;150
5266;0;Mário Quintana;Anchieta;50;0;36;4;0;50
5267;0;Mário Quintana;Arquipélago;150;0;96;18;0;150
5268;0;Mário Quintana;Auxiliadora;50;50;0;0;50;0
5269;0;Mário Quintana;Azenha;100;0;60;10;0;100
5270;0;Mário Quintana;Bela Vista;50;0;34;5;0;50
5271;0;Mário Quintana;Belém Novo;0;0;0;0;0;0
5272;0;Mário Quintana;Belém Velho;350;50;171;31;50;300
5273;0;Mário Quintana;Boa Vista;150;100;34;3;100;50
5274;0;Mário Quintana;Boa Vista do Sul;150;0;93;15;0;150
5275;0;Mário Quintana;Bom Fim;50;50;0;0;50;0
5276;0;Mário Quintana;Bom Jesus;450;0;247;49;50;400
5277;0;Mário Quintana;Camaquã;50;0;0;0;50;0
5278;0;Mário Quintana;Campo Novo;50;0;29;9;0;50
5279;0;Mário Quintana;Cascata;250;0;114;22;50;200
5280;0;Mário Quintana;Cavalhada;50;0;28;8;0;50
5281;0;Mário Quintana;Cel. Aparício Borges;50;0;30;7;0;50
5282;0;Mário Quintana;Centro Histórico;300;100;50;18;200;100
5283;0;Mário Quintana;Chapéu do Sol;50;0;38;5;0;50
5284;0;Mário Quintana;Chácara das Pedras;300;50;63;9;200;100
5285;0;Mário Quintana;Cidade Baixa;200;0;124;32;0;200
5286;0;Mário Quintana;Costa e Silva;550;200;150;32;300;250
5287;0;Mário Quintana;Cristal;250;0;116;16;50;200
5288;0;Mário Quintana;Cristo Redentor;200;0;108;24;0;200
5289;0;Mário Quintana;Espírito Santo;100;0;67;15;0;100
5290;0;Mário Quintana;Extrema;100;0;63;15;0;100
5291;0;Mário Quintana;Farrapos;200;0;131;23;0;200
5292;0;Mário Quintana;Farroupilha;0;0;0;0;0;0
5293;0;Mário Quintana;Floresta;100;0;62;11;0;100
5294;0;Mário Quintana;Glória;150;0;82;25;0;150
5295;0;Mário Quintana;Guarujá;50;50;0;0;50;0
5296;0;Mário Quintana;Higienópolis;0;0;0;0;0;0
5297;0;Mário Quintana;Humaitá;100;50;26;4;50;50
5298;0;Mário Quintana;Hípica;0;0;0;0;0;0
5299;0;Mário Quintana;Independência;50;0;28;5;0;50
5300;0;Mário Quintana;Ipanema;100;50;30;8;50;50
5301;0;Mário Quintana;Jardim Botânico;100;50;0;0;100;0
5302;0;Mário Quintana;Jardim Carvalho;150;100;28;6;100;50
5303;0;Mário Quintana;Jardim Europa;300;0;156;32;50;250
5304;0;Mário Quintana;Jardim Floresta;250;50;94;14;100;150
5305;0;Mário Quintana;Jardim Isabel;50;0;33;4;0;50
5306;0;Mário Quintana;Jardim Itú;500;50;189;53;200;300
5307;0;Mário Quintana;Jardim Leopoldina;1900;400;756;175;700;1200
5308;0;Mário Quintana;Jardim Lindóia;300;150;63;6;200;100
5309;0;Mário Quintana;Jardim Sabará;1250;150;541;116;350;900
5310;0;Mário Quintana;Jardim São Pedro;250;0;110;23;50;200
5311;0;Mário Quintana;Jardim do Salso;0;0;0;0;0;0
5312;0;Mário Quintana;Lageado;150;100;32;8;100;50
5313;0;Mário Quintana;Lami;100;50;0;0;100;0
5314;0;Mário Quintana;Lomba do Pinheiro;950;100;365;80;350;600
5315;0;Mário Quintana;Medianeira;0;0;0;0;0;0
5316;0;Mário Quintana;Menino Deus;200;50;79;28;50;150
5317;0;Mário Quintana;Moinhos de Vento;200;50;84;34;50;150
5318;0;Mário Quintana;Mont'Serrat;300;50;54;13;200;100
5319;0;Mário Quintana;Morro Santana;2250;650;786;139;1300;950
5320;0;Mário Quintana;Mário Quintana;24600;3800;10200;1816;8100;16500
5321;0;Mário Quintana;Navegantes;0;0;0;0;0;0
5322;0;Mário Quintana;Nonoai;100;50;27;12;50;50
5323;0;Mário Quintana;Parque Santa Fé;1450;150;652;123;450;1000
5324;0;Mário Quintana;Partenon;100;50;26;13;50;50
5325;0;Mário Quintana;Passo D'Areia;100;0;62;9;0;100
5326;0;Mário Quintana;Passo das Pedras;750;200;229;40;450;300
5327;0;Mário Quintana;Pedra Redonda;50;50;0;0;50;0
5328;0;Mário Quintana;Petrópolis;150;0;95;31;0;150
5329;0;Mário Quintana;Pitinga;0;0;0;0;0;0
5330;0;Mário Quintana;Ponta Grossa;100;0;60;14;0;100
5331;0;Mário Quintana;Praia de Belas;50;50;0;0;50;0
5332;0;Mário Quintana;Restinga;150;50;57;13;50;100
5333;0;Mário Quintana;Rio Branco;200;50;62;8;100;100
5334;0;Mário Quintana;Rubem Berta;6250;550;2696;1133;1350;4900
5335;0;Mário Quintana;Santa Cecília;100;0;66;19;0;100
5336;0;Mário Quintana;Santa Maria Goretti;250;100;82;12;100;150
5337;0;Mário Quintana;Santa Rosa de Lima;550;150;223;48;250;300
5338;0;Mário Quintana;Santa Tereza;250;50;115;25;50;200
5339;0;Mário Quintana;Santana;200;0;92;23;50;150
5340;0;Mário Quintana;Santo Antônio;100;0;61;10;0;100
5341;0;Mário Quintana;Sarandi;350;50;125;36;150;200
5342;0;Mário Quintana;Serraria;50;0;34;6;0;50
5343;0;Mário Quintana;São Caetano;0;0;0;0;0;0
5344;0;Mário Quintana;São Geraldo;250;50;88;21;100;150
5345;0;Mário Quintana;São José;200;0;108;33;0;200
5346;0;Mário Quintana;São João;50;0;31;7;0;50
5347;0;Mário Quintana;São Sebastião;100;0;65;13;0;100
5348;0;Mário Quintana;Sétimo Céu;0;0;0;0;0;0
5349;0;Mário Quintana;Teresópolis;150;0;21;15;100;50
5350;0;Mário Quintana;Tristeza;50;0;33;4;0;50
5351;0;Mário Quintana;Três Figueiras;250;100;58;14;150;100
5352;0;Mário Quintana;Vila Assunção;100;0;59;22;0;100
5353;0;Mário Quintana;Vila Conceição;200;0;119;34;0;200
5354;0;Mário Quintana;Vila Ipiranga;350;50;117;33;150;200
5355;0;Mário Quintana;Vila Jardim;250;0;154;17;100;150
5356;0;Mário Quintana;Vila João Pessoa;150;0;91;25;0;150
5357;0;Mário Quintana;Vila Nova;150;50;63;21;50;100
5358;0;Navegantes;Aberta dos Morros;0;0;0;0;0;0
5359;0;Navegantes;Agronomia;0;0;0;0;0;0
5360;0;Navegantes;Anchieta;0;0;0;0;0;0
5361;0;Navegantes;Arquipélago;50;0;30;8;0;50
5362;0;Navegantes;Auxiliadora;50;0;0;0;50;0
5363;0;Navegantes;Azenha;100;0;46;29;0;100
5364;0;Navegantes;Bela Vista;100;50;21;11;50;50
5365;0;Navegantes;Belém Novo;0;0;0;0;0;0
5366;0;Navegantes;Belém Velho;0;0;0;0;0;0
5367;0;Navegantes;Boa Vista;100;0;67;18;0;100
5368;0;Navegantes;Boa Vista do Sul;0;0;0;0;0;0
5369;0;Navegantes;Bom Fim;200;0;28;15;150;50
5370;0;Navegantes;Bom Jesus;200;50;55;25;100;100
5371;0;Navegantes;Camaquã;50;0;27;11;0;50
5372;0;Navegantes;Campo Novo;50;0;27;16;0;50
5373;0;Navegantes;Cascata;0;0;0;0;0;0
5374;0;Navegantes;Cavalhada;100;0;69;21;0;100
5375;0;Navegantes;Cel. Aparício Borges;0;0;0;0;0;0
5376;0;Navegantes;Centro Histórico;250;0;146;56;0;250
5377;0;Navegantes;Chapéu do Sol;0;0;0;0;0;0
5378;0;Navegantes;Chácara das Pedras;50;0;50;0;50;0
5379;0;Navegantes;Cidade Baixa;50;0;0;0;50;0
5380;0;Navegantes;Costa e Silva;50;0;24;13;0;50
5381;0;Navegantes;Cristal;50;0;26;10;0;50
5382;0;Navegantes;Cristo Redentor;50;0;22;15;0;50
5383;0;Navegantes;Espírito Santo;0;0;0;0;0;0
5384;0;Navegantes;Extrema;50;0;25;10;0;50
5385;0;Navegantes;Farrapos;2400;300;1079;253;650;1750
5386;0;Navegantes;Farroupilha;50;0;27;14;0;50
5387;0;Navegantes;Floresta;450;100;132;57;200;250
5388;0;Navegantes;Glória;50;50;0;0;50;0
5389;0;Navegantes;Guarujá;0;0;0;0;0;0
5390;0;Navegantes;Higienópolis;100;0;64;19;0;100
5391;0;Navegantes;Humaitá;1402;600;264;75;952;450
5392;0;Navegantes;Hípica;0;0;0;0;0;0
5393;0;Navegantes;Independência;50;0;0;0;50;0
5394;0;Navegantes;Ipanema;50;0;28;11;0;50
5395;0;Navegantes;Jardim Botânico;0;0;0;0;0;0
5396;0;Navegantes;Jardim Carvalho;150;50;22;17;100;50
5397;0;Navegantes;Jardim Europa;0;0;0;0;0;0
5398;0;Navegantes;Jardim Floresta;50;50;0;0;50;0
5399;0;Navegantes;Jardim Isabel;0;0;0;0;0;0
5400;0;Navegantes;Jardim Itú;0;0;0;0;0;0
5401;0;Navegantes;Jardim Leopoldina;0;0;0;0;0;0
5402;0;Navegantes;Jardim Lindóia;50;50;0;0;50;0
5403;0;Navegantes;Jardim Sabará;50;0;0;0;50;0
5404;0;Navegantes;Jardim São Pedro;50;0;27;12;0;50
5405;0;Navegantes;Jardim do Salso;0;0;0;0;0;0
5406;0;Navegantes;Lageado;50;0;0;0;50;0
5407;0;Navegantes;Lami;0;0;0;0;0;0
5408;0;Navegantes;Lomba do Pinheiro;150;0;32;3;100;50
5409;0;Navegantes;Medianeira;100;100;0;0;100;0
5410;0;Navegantes;Menino Deus;0;0;0;0;0;0
5411;0;Navegantes;Moinhos de Vento;100;50;20;18;50;50
5412;0;Navegantes;Mont'Serrat;200;0;120;34;0;200
5413;0;Navegantes;Morro Santana;50;0;25;12;0;50
5414;0;Navegantes;Mário Quintana;0;0;0;0;0;0
5415;0;Navegantes;Navegantes;3300;400;1452;668;700;2600
5416;0;Navegantes;Nonoai;50;0;36;9;0;50
5417;0;Navegantes;Parque Santa Fé;0;0;0;0;0;0
5418;0;Navegantes;Partenon;100;100;0;0;100;0
5419;0;Navegantes;Passo D'Areia;150;0;52;52;0;150
5420;0;Navegantes;Passo das Pedras;100;100;0;0;100;0
5421;0;Navegantes;Pedra Redonda;0;0;0;0;0;0
5422;0;Navegantes;Petrópolis;250;0;117;50;50;200
5423;0;Navegantes;Pitinga;50;50;0;0;50;0
5424;0;Navegantes;Ponta Grossa;50;0;33;6;0;50
5425;0;Navegantes;Praia de Belas;100;50;25;10;50;50
5426;0;Navegantes;Restinga;100;50;27;12;50;50
5427;0;Navegantes;Rio Branco;100;0;25;19;50;50
5428;0;Navegantes;Rubem Berta;50;50;0;0;50;0
5429;0;Navegantes;Santa Cecília;50;0;0;0;50;0
5430;0;Navegantes;Santa Maria Goretti;50;0;43;0;0;50
5431;0;Navegantes;Santa Rosa de Lima;100;0;33;8;50;50
5432;0;Navegantes;Santa Tereza;50;0;29;5;0;50
5433;0;Navegantes;Santana;100;50;25;14;50;50
5434;0;Navegantes;Santo Antônio;100;0;56;28;0;100
5435;0;Navegantes;Sarandi;200;100;78;16;150;50
5436;0;Navegantes;Serraria;0;0;0;0;0;0
5437;0;Navegantes;São Caetano;0;0;0;0;0;0
5438;0;Navegantes;São Geraldo;1750;50;875;395;200;1550
5439;0;Navegantes;São José;0;0;0;0;0;0
5440;0;Navegantes;São João;400;150;103;60;200;200
5441;0;Navegantes;São Sebastião;0;0;0;0;0;0
5442;0;Navegantes;Sétimo Céu;0;0;0;0;0;0
5443;0;Navegantes;Teresópolis;50;0;27;13;0;50
5444;0;Navegantes;Tristeza;50;0;22;17;0;50
5445;0;Navegantes;Três Figueiras;50;0;38;7;0;50
5446;0;Navegantes;Vila Assunção;0;0;0;0;0;0
5447;0;Navegantes;Vila Conceição;0;0;0;0;0;0
5448;0;Navegantes;Vila Ipiranga;150;0;66;20;50;100
5449;0;Navegantes;Vila Jardim;50;0;0;0;50;0
5450;0;Navegantes;Vila João Pessoa;50;0;29;12;0;50
5451;0;Navegantes;Vila Nova;100;0;31;12;50;50
5452;0;Nonoai;Aberta dos Morros;100;50;0;0;100;0
5453;0;Nonoai;Agronomia;50;0;31;10;0;50
5454;0;Nonoai;Anchieta;100;0;64;28;0;100
5455;0;Nonoai;Arquipélago;250;0;143;44;0;250
5456;0;Nonoai;Auxiliadora;150;0;59;21;50;100
5457;0;Nonoai;Azenha;350;50;144;44;100;250
5458;0;Nonoai;Bela Vista;100;0;30;14;50;50
5459;0;Nonoai;Belém Novo;0;0;0;0;0;0
5460;0;Nonoai;Belém Velho;400;50;192;58;100;300
5461;0;Nonoai;Boa Vista;50;0;25;10;0;50
5462;0;Nonoai;Boa Vista do Sul;100;0;30;11;50;50
5463;0;Nonoai;Bom Fim;200;50;26;9;150;50
5464;0;Nonoai;Bom Jesus;300;100;139;43;100;200
5465;0;Nonoai;Camaquã;1850;250;816;281;500;1350
5466;0;Nonoai;Campo Novo;250;0;123;38;50;200
5467;0;Nonoai;Cascata;300;0;168;24;100;200
5468;0;Nonoai;Cavalhada;1850;50;1040;378;100;1750
5469;0;Nonoai;Cel. Aparício Borges;150;0;79;25;0;150
5470;0;Nonoai;Centro Histórico;150;0;40;31;50;100
5471;0;Nonoai;Chapéu do Sol;200;150;35;7;150;50
5472;0;Nonoai;Chácara das Pedras;100;50;0;0;100;0
5473;0;Nonoai;Cidade Baixa;150;50;27;11;100;50
5474;0;Nonoai;Costa e Silva;100;100;0;0;100;0
5475;0;Nonoai;Cristal;3150;950;803;257;1850;1300
5476;0;Nonoai;Cristo Redentor;350;50;144;33;200;150
5477;0;Nonoai;Espírito Santo;100;50;33;14;50;50
5478;0;Nonoai;Extrema;50;0;25;14;0;50
5479;0;Nonoai;Farrapos;50;0;29;12;0;50
5480;0;Nonoai;Farroupilha;150;50;57;17;50;100
5481;0;Nonoai;Floresta;200;0;58;26;100;100
5482;0;Nonoai;Glória;1200;200;494;160;450;750
5483;0;Nonoai;Guarujá;50;0;23;22;0;50
5484;0;Nonoai;Higienópolis;0;0;0;0;0;0
5485;0;Nonoai;Humaitá;50;50;0;0;50;0
5486;0;Nonoai;Hípica;250;0;159;50;0;250
5487;0;Nonoai;Independência;150;50;57;24;50;100
5488;0;Nonoai;Ipanema;300;0;179;61;0;300
5489;0;Nonoai;Jardim Botânico;200;50;83;36;50;150
5490;0;Nonoai;Jardim Carvalho;150;0;81;38;0;150
5491;0;Nonoai;Jardim Europa;50;50;0;0;50;0
5492;0;Nonoai;Jardim Floresta;50;0;31;9;0;50
5493;0;Nonoai;Jardim Isabel;250;0;83;39;100;150
5494;0;Nonoai;Jardim Itú;200;100;66;20;100;100
5495;0;Nonoai;Jardim Leopoldina;0;0;0;0;0;0
5496;0;Nonoai;Jardim Lindóia;250;100;88;30;100;150
5497;0;Nonoai;Jardim Sabará;200;50;75;18;150;50
5498;0;Nonoai;Jardim São Pedro;0;0;0;0;0;0
5499;0;Nonoai;Jardim do Salso;200;50;89;27;50;150
5500;0;Nonoai;Lageado;100;0;74;19;0;100
5501;0;Nonoai;Lami;100;50;0;0;100;0
5502;0;Nonoai;Lomba do Pinheiro;250;0;155;30;0;250
5503;0;Nonoai;Medianeira;550;100;256;121;100;450
5504;0;Nonoai;Menino Deus;400;50;161;66;100;300
5505;0;Nonoai;Moinhos de Vento;100;0;57;17;0;100
5506;0;Nonoai;Mont'Serrat;50;50;0;0;50;0
5507;0;Nonoai;Morro Santana;0;0;0;0;0;0
5508;0;Nonoai;Mário Quintana;100;50;27;12;50;50
5509;0;Nonoai;Navegantes;50;0;36;9;0;50
5510;0;Nonoai;Nonoai;15856;5600;2756;846;11956;3900
5511;0;Nonoai;Parque Santa Fé;150;0;99;19;0;150
5512;0;Nonoai;Partenon;800;150;354;133;200;600
5513;0;Nonoai;Passo D'Areia;200;50;69;17;100;100
5514;0;Nonoai;Passo das Pedras;200;50;30;9;150;50
5515;0;Nonoai;Pedra Redonda;150;50;85;11;100;50
5516;0;Nonoai;Petrópolis;350;50;131;62;100;250
5517;0;Nonoai;Pitinga;0;0;0;0;0;0
5518;0;Nonoai;Ponta Grossa;50;50;0;0;50;0
5519;0;Nonoai;Praia de Belas;100;0;62;23;0;100
5520;0;Nonoai;Restinga;200;0;120;26;0;200
5521;0;Nonoai;Rio Branco;100;0;57;19;0;100
5522;0;Nonoai;Rubem Berta;200;50;87;38;50;150
5523;0;Nonoai;Santa Cecília;200;50;84;41;50;150
5524;0;Nonoai;Santa Maria Goretti;0;0;0;0;0;0
5525;0;Nonoai;Santa Rosa de Lima;200;0;54;22;100;100
5526;0;Nonoai;Santa Tereza;6300;550;3158;964;1050;5250
5527;0;Nonoai;Santana;350;200;51;17;250;100
5528;0;Nonoai;Santo Antônio;150;0;92;30;0;150
5529;0;Nonoai;Sarandi;550;150;102;62;350;200
5530;0;Nonoai;Serraria;200;50;81;10;150;50
5531;0;Nonoai;São Caetano;150;0;85;25;0;150
5532;0;Nonoai;São Geraldo;0;0;0;0;0;0
5533;0;Nonoai;São José;350;50;214;42;100;250
5534;0;Nonoai;São João;50;0;27;9;0;50
5535;0;Nonoai;São Sebastião;50;0;33;12;0;50
5536;0;Nonoai;Sétimo Céu;450;50;210;55;100;350
5537;0;Nonoai;Teresópolis;7700;400;3966;1546;1000;6700
5538;0;Nonoai;Tristeza;900;350;261;91;550;350
5539;0;Nonoai;Três Figueiras;150;0;37;8;100;50
5540;0;Nonoai;Vila Assunção;300;100;102;46;100;200
5541;0;Nonoai;Vila Conceição;100;0;60;17;0;100
5542;0;Nonoai;Vila Ipiranga;350;50;150;51;100;250
5543;0;Nonoai;Vila Jardim;250;100;67;18;150;100
5544;0;Nonoai;Vila João Pessoa;100;0;64;23;0;100
5545;0;Nonoai;Vila Nova;1050;50;509;166;200;850
5546;0;Parque Santa Fé;Aberta dos Morros;0;0;0;0;0;0
5547;0;Parque Santa Fé;Agronomia;50;50;0;0;50;0
5548;0;Parque Santa Fé;Anchieta;50;0;36;7;0;50
5549;0;Parque Santa Fé;Arquipélago;100;0;58;13;0;100
5550;0;Parque Santa Fé;Auxiliadora;100;0;23;19;50;50
5551;0;Parque Santa Fé;Azenha;0;0;0;0;0;0
5552;0;Parque Santa Fé;Bela Vista;100;50;29;15;50;50
5553;0;Parque Santa Fé;Belém Novo;50;0;33;11;0;50
5554;0;Parque Santa Fé;Belém Velho;50;0;33;13;0;50
5555;0;Parque Santa Fé;Boa Vista;0;0;0;0;0;0
5556;0;Parque Santa Fé;Boa Vista do Sul;0;0;0;0;0;0
5557;0;Parque Santa Fé;Bom Fim;100;0;21;17;50;50
5558;0;Parque Santa Fé;Bom Jesus;50;0;0;0;50;0
5559;0;Parque Santa Fé;Camaquã;0;0;0;0;0;0
5560;0;Parque Santa Fé;Campo Novo;0;0;0;0;0;0
5561;0;Parque Santa Fé;Cascata;300;50;131;23;100;200
5562;0;Parque Santa Fé;Cavalhada;100;0;57;22;0;100
5563;0;Parque Santa Fé;Cel. Aparício Borges;50;0;29;8;0;50
5564;0;Parque Santa Fé;Centro Histórico;50;0;0;0;50;0
5565;0;Parque Santa Fé;Chapéu do Sol;100;50;24;12;50;50
5566;0;Parque Santa Fé;Chácara das Pedras;0;0;0;0;0;0
5567;0;Parque Santa Fé;Cidade Baixa;50;0;0;0;50;0
5568;0;Parque Santa Fé;Costa e Silva;2600;700;796;141;1600;1000
5569;0;Parque Santa Fé;Cristal;50;50;0;0;50;0
5570;0;Parque Santa Fé;Cristo Redentor;150;0;87;38;0;150
5571;0;Parque Santa Fé;Espírito Santo;0;0;0;0;0;0
5572;0;Parque Santa Fé;Extrema;50;50;0;0;50;0
5573;0;Parque Santa Fé;Farrapos;50;0;0;0;50;0
5574;0;Parque Santa Fé;Farroupilha;50;0;33;11;0;50
5575;0;Parque Santa Fé;Floresta;0;0;0;0;0;0
5576;0;Parque Santa Fé;Glória;0;0;0;0;0;0
5577;0;Parque Santa Fé;Guarujá;50;50;0;0;50;0
5578;0;Parque Santa Fé;Higienópolis;100;0;0;0;100;0
5579;0;Parque Santa Fé;Humaitá;0;0;0;0;0;0
5580;0;Parque Santa Fé;Hípica;100;0;62;16;0;100
5581;0;Parque Santa Fé;Independência;100;0;27;13;50;50
5582;0;Parque Santa Fé;Ipanema;0;0;0;0;0;0
5583;0;Parque Santa Fé;Jardim Botânico;100;50;33;9;50;50
5584;0;Parque Santa Fé;Jardim Carvalho;100;50;31;12;50;50
5585;0;Parque Santa Fé;Jardim Europa;0;0;0;0;0;0
5586;0;Parque Santa Fé;Jardim Floresta;0;0;0;0;0;0
5587;0;Parque Santa Fé;Jardim Isabel;0;0;0;0;0;0
5588;0;Parque Santa Fé;Jardim Itú;350;100;148;56;100;250
5589;0;Parque Santa Fé;Jardim Leopoldina;1900;500;487;111;1300;600
5590;0;Parque Santa Fé;Jardim Lindóia;50;0;26;18;0;50
5591;0;Parque Santa Fé;Jardim Sabará;150;50;61;26;50;100
5592;0;Parque Santa Fé;Jardim São Pedro;0;0;0;0;0;0
5593;0;Parque Santa Fé;Jardim do Salso;0;0;0;0;0;0
5594;0;Parque Santa Fé;Lageado;0;0;0;0;0;0
5595;0;Parque Santa Fé;Lami;50;0;0;0;50;0
5596;0;Parque Santa Fé;Lomba do Pinheiro;250;50;57;18;150;100
5597;0;Parque Santa Fé;Medianeira;50;50;0;0;50;0
5598;0;Parque Santa Fé;Menino Deus;50;0;24;21;0;50
5599;0;Parque Santa Fé;Moinhos de Vento;50;0;22;27;0;50
5600;0;Parque Santa Fé;Mont'Serrat;0;0;0;0;0;0
5601;0;Parque Santa Fé;Morro Santana;800;50;325;115;250;550
5602;0;Parque Santa Fé;Mário Quintana;1450;150;652;123;450;1000
5603;0;Parque Santa Fé;Navegantes;0;0;0;0;0;0
5604;0;Parque Santa Fé;Nonoai;150;0;99;19;0;150
5605;0;Parque Santa Fé;Parque Santa Fé;1100;100;400;102;500;600
5606;0;Parque Santa Fé;Partenon;100;50;37;6;50;50
5607;0;Parque Santa Fé;Passo D'Areia;300;0;112;86;0;300
5608;0;Parque Santa Fé;Passo das Pedras;750;0;392;119;100;650
5609;0;Parque Santa Fé;Pedra Redonda;0;0;0;0;0;0
5610;0;Parque Santa Fé;Petrópolis;100;0;0;0;100;0
5611;0;Parque Santa Fé;Pitinga;150;0;95;29;0;150
5612;0;Parque Santa Fé;Ponta Grossa;0;0;0;0;0;0
5613;0;Parque Santa Fé;Praia de Belas;50;0;0;0;50;0
5614;0;Parque Santa Fé;Restinga;350;50;107;34;150;200
5615;0;Parque Santa Fé;Rio Branco;50;0;28;17;0;50
5616;0;Parque Santa Fé;Rubem Berta;2450;500;926;544;850;1600
5617;0;Parque Santa Fé;Santa Cecília;0;0;0;0;0;0
5618;0;Parque Santa Fé;Santa Maria Goretti;50;0;37;9;0;50
5619;0;Parque Santa Fé;Santa Rosa de Lima;7100;450;3764;1084;750;6350
5620;0;Parque Santa Fé;Santa Tereza;250;0;127;55;0;250
5621;0;Parque Santa Fé;Santana;150;50;21;15;100;50
5622;0;Parque Santa Fé;Santo Antônio;0;0;0;0;0;0
5623;0;Parque Santa Fé;Sarandi;1150;100;451;215;400;750
5624;0;Parque Santa Fé;Serraria;0;0;0;0;0;0
5625;0;Parque Santa Fé;São Caetano;0;0;0;0;0;0
5626;0;Parque Santa Fé;São Geraldo;0;0;0;0;0;0
5627;0;Parque Santa Fé;São José;200;150;27;11;150;50
5628;0;Parque Santa Fé;São João;0;0;0;0;0;0
5629;0;Parque Santa Fé;São Sebastião;250;50;101;26;100;150
5630;0;Parque Santa Fé;Sétimo Céu;0;0;0;0;0;0
5631;0;Parque Santa Fé;Teresópolis;50;0;33;7;0;50
5632;0;Parque Santa Fé;Tristeza;0;0;0;0;0;0
5633;0;Parque Santa Fé;Três Figueiras;150;0;85;33;0;150
5634;0;Parque Santa Fé;Vila Assunção;0;0;0;0;0;0
5635;0;Parque Santa Fé;Vila Conceição;0;0;0;0;0;0
5636;0;Parque Santa Fé;Vila Ipiranga;50;0;25;11;0;50
5637;0;Parque Santa Fé;Vila Jardim;100;0;64;27;0;100
5638;0;Parque Santa Fé;Vila João Pessoa;50;0;24;14;0;50
5639;0;Parque Santa Fé;Vila Nova;150;50;27;10;100;50
5640;0;Partenon;Aberta dos Morros;250;100;56;22;150;100
5641;0;Partenon;Agronomia;400;100;158;45;150;250
5642;0;Partenon;Anchieta;200;0;113;24;100;100
5643;0;Partenon;Arquipélago;150;50;35;10;100;50
5644;0;Partenon;Auxiliadora;150;50;0;0;150;0
5645;0;Partenon;Azenha;2450;500;822;308;1150;1300
5646;0;Partenon;Bela Vista;650;50;293;105;150;500
5647;0;Partenon;Belém Novo;500;100;223;70;150;350
5648;0;Partenon;Belém Velho;200;100;51;28;100;100
5649;0;Partenon;Boa Vista;150;0;93;22;50;100
5650;0;Partenon;Boa Vista do Sul;450;0;222;88;50;400
5651;0;Partenon;Bom Fim;350;50;132;43;100;250
5652;0;Partenon;Bom Jesus;1100;550;107;28;900;200
5653;0;Partenon;Camaquã;350;100;91;25;200;150
5654;0;Partenon;Campo Novo;200;0;115;45;0;200
5655;0;Partenon;Cascata;650;100;271;102;200;450
5656;0;Partenon;Cavalhada;800;150;372;128;150;650
5657;0;Partenon;Cel. Aparício Borges;1550;100;820;241;150;1400
5658;0;Partenon;Centro Histórico;450;0;222;95;50;400
5659;0;Partenon;Chapéu do Sol;100;0;26;17;50;50
5660;0;Partenon;Chácara das Pedras;200;0;121;47;0;200
5661;0;Partenon;Cidade Baixa;850;100;358;150;200;650
5662;0;Partenon;Costa e Silva;50;50;0;0;50;0
5663;0;Partenon;Cristal;300;100;98;40;100;200
5664;0;Partenon;Cristo Redentor;350;100;118;49;150;200
5665;0;Partenon;Espírito Santo;250;50;90;33;100;150
5666;0;Partenon;Extrema;350;0;193;70;0;350
5667;0;Partenon;Farrapos;100;50;25;9;50;50
5668;0;Partenon;Farroupilha;450;100;154;32;200;250
5669;0;Partenon;Floresta;200;0;106;36;0;200
5670;0;Partenon;Glória;13750;4450;2662;824;10000;3750
5671;0;Partenon;Guarujá;250;50;113;48;50;200
5672;0;Partenon;Higienópolis;50;0;35;12;0;50
5673;0;Partenon;Humaitá;200;50;58;27;100;100
5674;0;Partenon;Hípica;300;0;145;49;50;250
5675;0;Partenon;Independência;500;50;239;87;50;450
5676;0;Partenon;Ipanema;100;0;60;17;0;100
5677;0;Partenon;Jardim Botânico;1500;100;752;252;200;1300
5678;0;Partenon;Jardim Carvalho;1950;1000;95;36;1800;150
5679;0;Partenon;Jardim Europa;50;0;0;0;50;0
5680;0;Partenon;Jardim Floresta;100;0;52;25;0;100
5681;0;Partenon;Jardim Isabel;100;0;54;21;0;100
5682;0;Partenon;Jardim Itú;500;100;163;70;200;300
5683;0;Partenon;Jardim Leopoldina;250;0;109;52;50;200
5684;0;Partenon;Jardim Lindóia;400;50;163;18;300;100
5685;0;Partenon;Jardim Sabará;150;0;103;28;50;100
5686;0;Partenon;Jardim São Pedro;200;0;115;40;0;200
5687;0;Partenon;Jardim do Salso;1500;750;179;60;1250;250
5688;0;Partenon;Lageado;200;50;58;16;100;100
5689;0;Partenon;Lami;350;100;107;50;150;200
5690;0;Partenon;Lomba do Pinheiro;250;50;57;13;150;100
5691;0;Partenon;Medianeira;4350;500;2056;797;800;3550
5692;0;Partenon;Menino Deus;600;100;249;111;150;450
5693;0;Partenon;Moinhos de Vento;300;150;75;37;150;150
5694;0;Partenon;Mont'Serrat;300;100;81;31;150;150
5695;0;Partenon;Morro Santana;300;50;51;15;200;100
5696;0;Partenon;Mário Quintana;100;50;26;13;50;50
5697;0;Partenon;Navegantes;100;100;0;0;100;0
5698;0;Partenon;Nonoai;800;150;354;133;200;600
5699;0;Partenon;Parque Santa Fé;100;50;37;6;50;50
5700;0;Partenon;Partenon;5900;0;3394;1310;100;5800
5701;0;Partenon;Passo D'Areia;300;50;127;72;50;250
5702;0;Partenon;Passo das Pedras;200;0;82;12;150;50
5703;0;Partenon;Pedra Redonda;150;0;89;31;0;150
5704;0;Partenon;Petrópolis;800;150;312;135;250;550
5705;0;Partenon;Pitinga;50;0;23;15;0;50
5706;0;Partenon;Ponta Grossa;250;50;117;53;50;200
5707;0;Partenon;Praia de Belas;250;0;115;42;50;200
5708;0;Partenon;Restinga;450;0;166;58;150;300
5709;0;Partenon;Rio Branco;350;0;176;69;50;300
5710;0;Partenon;Rubem Berta;250;0;142;73;0;250
5711;0;Partenon;Santa Cecília;1450;250;679;244;300;1150
5712;0;Partenon;Santa Maria Goretti;250;0;86;26;100;150
5713;0;Partenon;Santa Rosa de Lima;450;50;243;87;50;400
5714;0;Partenon;Santa Tereza;1000;150;412;133;250;750
5715;0;Partenon;Santana;1350;150;625;175;550;800
5716;0;Partenon;Santo Antônio;5650;300;2704;1153;750;4900
5717;0;Partenon;Sarandi;400;50;153;54;150;250
5718;0;Partenon;Serraria;300;50;89;37;150;150
5719;0;Partenon;São Caetano;450;50;200;71;100;350
5720;0;Partenon;São Geraldo;250;0;138;50;0;250
5721;0;Partenon;São José;500;50;251;81;100;400
5722;0;Partenon;São João;250;100;60;24;150;100
5723;0;Partenon;São Sebastião;250;100;54;20;150;100
5724;0;Partenon;Sétimo Céu;0;0;0;0;0;0
5725;0;Partenon;Teresópolis;850;150;285;99;350;500
5726;0;Partenon;Tristeza;100;0;44;23;0;100
5727;0;Partenon;Três Figueiras;150;0;100;30;0;150
5728;0;Partenon;Vila Assunção;100;0;28;12;50;50
5729;0;Partenon;Vila Conceição;100;0;75;8;0;100
5730;0;Partenon;Vila Ipiranga;150;0;92;36;0;150
5731;0;Partenon;Vila Jardim;450;100;212;47;250;200
5732;0;Partenon;Vila João Pessoa;2100;500;760;310;750;1350
5733;0;Partenon;Vila Nova;350;50;135;57;100;250
5734;0;Passo D'Areia;Aberta dos Morros;100;0;33;43;0;100
5735;0;Passo D'Areia;Agronomia;100;0;16;13;50;50
5736;0;Passo D'Areia;Anchieta;0;0;0;0;0;0
5737;0;Passo D'Areia;Arquipélago;250;0;53;53;100;150
5738;0;Passo D'Areia;Auxiliadora;450;50;152;100;150;300
5739;0;Passo D'Areia;Azenha;150;50;26;17;100;50
5740;0;Passo D'Areia;Bela Vista;500;200;70;75;300;200
5741;0;Passo D'Areia;Belém Novo;250;50;99;32;150;100
5742;0;Passo D'Areia;Belém Velho;0;0;0;0;0;0
5743;0;Passo D'Areia;Boa Vista;1950;100;773;544;200;1750
5744;0;Passo D'Areia;Boa Vista do Sul;50;0;19;15;0;50
5745;0;Passo D'Areia;Bom Fim;0;0;0;0;0;0
5746;0;Passo D'Areia;Bom Jesus;400;100;141;102;100;300
5747;0;Passo D'Areia;Camaquã;150;0;19;19;100;50
5748;0;Passo D'Areia;Campo Novo;50;0;25;7;0;50
5749;0;Passo D'Areia;Cascata;50;50;0;0;50;0
5750;0;Passo D'Areia;Cavalhada;250;50;98;37;150;100
5751;0;Passo D'Areia;Cel. Aparício Borges;50;0;50;0;50;0
5752;0;Passo D'Areia;Centro Histórico;450;50;200;77;50;400
5753;0;Passo D'Areia;Chapéu do Sol;50;0;24;17;0;50
5754;0;Passo D'Areia;Chácara das Pedras;800;300;100;105;550;250
5755;0;Passo D'Areia;Cidade Baixa;150;0;50;24;50;100
5756;0;Passo D'Areia;Costa e Silva;150;0;80;29;0;150
5757;0;Passo D'Areia;Cristal;200;100;50;19;100;100
5758;0;Passo D'Areia;Cristo Redentor;1300;400;326;211;600;700
5759;0;Passo D'Areia;Espírito Santo;100;0;49;26;0;100
5760;0;Passo D'Areia;Extrema;0;0;0;0;0;0
5761;0;Passo D'Areia;Farrapos;250;100;61;18;150;100
5762;0;Passo D'Areia;Farroupilha;100;0;34;34;0;100
5763;0;Passo D'Areia;Floresta;500;150;152;105;200;300
5764;0;Passo D'Areia;Glória;150;100;23;18;100;50
5765;0;Passo D'Areia;Guarujá;0;0;0;0;0;0
5766;0;Passo D'Areia;Higienópolis;3900;400;1364;1106;750;3150
5767;0;Passo D'Areia;Humaitá;150;0;56;18;50;100
5768;0;Passo D'Areia;Hípica;0;0;0;0;0;0
5769;0;Passo D'Areia;Independência;250;0;91;80;50;200
5770;0;Passo D'Areia;Ipanema;0;0;0;0;0;0
5771;0;Passo D'Areia;Jardim Botânico;100;0;13;18;50;50
5772;0;Passo D'Areia;Jardim Carvalho;100;0;58;21;0;100
5773;0;Passo D'Areia;Jardim Europa;700;150;243;146;300;400
5774;0;Passo D'Areia;Jardim Floresta;400;50;70;75;200;200
5775;0;Passo D'Areia;Jardim Isabel;0;0;0;0;0;0
5776;0;Passo D'Areia;Jardim Itú;400;100;184;63;100;300
5777;0;Passo D'Areia;Jardim Leopoldina;150;50;0;0;150;0
5778;0;Passo D'Areia;Jardim Lindóia;550;0;234;139;100;450
5779;0;Passo D'Areia;Jardim Sabará;250;100;55;61;100;150
5780;0;Passo D'Areia;Jardim São Pedro;1843;400;359;329;943;900
5781;0;Passo D'Areia;Jardim do Salso;150;0;58;53;0;150
5782;0;Passo D'Areia;Lageado;50;0;0;0;50;0
5783;0;Passo D'Areia;Lami;100;0;31;41;0;100
5784;0;Passo D'Areia;Lomba do Pinheiro;50;0;0;0;50;0
5785;0;Passo D'Areia;Medianeira;250;50;79;56;50;200
5786;0;Passo D'Areia;Menino Deus;500;0;197;130;100;400
5787;0;Passo D'Areia;Moinhos de Vento;500;0;215;101;200;300
5788;0;Passo D'Areia;Mont'Serrat;950;150;186;198;450;500
5789;0;Passo D'Areia;Morro Santana;200;50;68;41;50;150
5790;0;Passo D'Areia;Mário Quintana;100;0;62;9;0;100
5791;0;Passo D'Areia;Navegantes;150;0;52;52;0;150
5792;0;Passo D'Areia;Nonoai;200;50;69;17;100;100
5793;0;Passo D'Areia;Parque Santa Fé;300;0;112;86;0;300
5794;0;Passo D'Areia;Partenon;300;50;127;72;50;250
5795;0;Passo D'Areia;Passo D'Areia;6900;300;1878;2128;1600;5300
5796;0;Passo D'Areia;Passo das Pedras;300;0;100;92;50;250
5797;0;Passo D'Areia;Pedra Redonda;150;50;44;34;50;100
5798;0;Passo D'Areia;Petrópolis;600;200;228;88;300;300
5799;0;Passo D'Areia;Pitinga;50;0;19;14;0;50
5800;0;Passo D'Areia;Ponta Grossa;0;0;0;0;0;0
5801;0;Passo D'Areia;Praia de Belas;50;50;0;0;50;0
5802;0;Passo D'Areia;Restinga;250;0;45;27;150;100
5803;0;Passo D'Areia;Rio Branco;350;50;103;70;150;200
5804;0;Passo D'Areia;Rubem Berta;200;0;44;37;100;100
5805;0;Passo D'Areia;Santa Cecília;300;0;119;47;100;200
5806;0;Passo D'Areia;Santa Maria Goretti;1600;150;495;463;300;1300
5807;0;Passo D'Areia;Santa Rosa de Lima;850;100;386;121;200;650
5808;0;Passo D'Areia;Santa Tereza;450;250;0;0;450;0
5809;0;Passo D'Areia;Santana;200;50;50;27;100;100
5810;0;Passo D'Areia;Santo Antônio;300;0;123;123;0;300
5811;0;Passo D'Areia;Sarandi;550;100;154;113;200;350
5812;0;Passo D'Areia;Serraria;50;0;0;0;50;0
5813;0;Passo D'Areia;São Caetano;100;50;0;0;100;0
5814;0;Passo D'Areia;São Geraldo;250;150;51;31;150;100
5815;0;Passo D'Areia;São José;150;50;39;36;50;100
5816;0;Passo D'Areia;São João;200;50;46;32;100;100
5817;0;Passo D'Areia;São Sebastião;164;0;80;24;64;100
5818;0;Passo D'Areia;Sétimo Céu;50;50;0;0;50;0
5819;0;Passo D'Areia;Teresópolis;100;0;53;35;0;100
5820;0;Passo D'Areia;Tristeza;0;0;0;0;0;0
5821;0;Passo D'Areia;Três Figueiras;600;100;257;136;150;450
5822;0;Passo D'Areia;Vila Assunção;50;0;16;22;0;50
5823;0;Passo D'Areia;Vila Conceição;50;0;25;17;0;50
5824;0;Passo D'Areia;Vila Ipiranga;1250;350;285;199;650;600
5825;0;Passo D'Areia;Vila Jardim;200;50;57;50;50;150
5826;0;Passo D'Areia;Vila João Pessoa;50;0;37;6;0;50
5827;0;Passo D'Areia;Vila Nova;200;0;74;47;50;150
5828;0;Passo das Pedras;Aberta dos Morros;50;0;50;0;50;0
5829;0;Passo das Pedras;Agronomia;150;0;29;9;100;50
5830;0;Passo das Pedras;Anchieta;0;0;0;0;0;0
5831;0;Passo das Pedras;Arquipélago;0;0;0;0;0;0
5832;0;Passo das Pedras;Auxiliadora;100;50;29;9;50;50
5833;0;Passo das Pedras;Azenha;250;0;98;54;50;200
5834;0;Passo das Pedras;Bela Vista;50;50;0;0;50;0
5835;0;Passo das Pedras;Belém Novo;0;0;0;0;0;0
5836;0;Passo das Pedras;Belém Velho;150;50;63;11;50;100
5837;0;Passo das Pedras;Boa Vista;200;100;38;6;150;50
5838;0;Passo das Pedras;Boa Vista do Sul;150;100;28;6;100;50
5839;0;Passo das Pedras;Bom Fim;100;50;32;18;50;50
5840;0;Passo das Pedras;Bom Jesus;450;200;112;45;250;200
5841;0;Passo das Pedras;Camaquã;150;50;0;0;150;0
5842;0;Passo das Pedras;Campo Novo;100;50;31;9;50;50
5843;0;Passo das Pedras;Cascata;0;0;0;0;0;0
5844;0;Passo das Pedras;Cavalhada;150;0;94;25;0;150
5845;0;Passo das Pedras;Cel. Aparício Borges;150;0;56;21;50;100
5846;0;Passo das Pedras;Centro Histórico;200;50;60;20;100;100
5847;0;Passo das Pedras;Chapéu do Sol;50;0;30;12;0;50
5848;0;Passo das Pedras;Chácara das Pedras;150;0;87;26;0;150
5849;0;Passo das Pedras;Cidade Baixa;150;0;87;29;0;150
5850;0;Passo das Pedras;Costa e Silva;2400;600;1073;276;800;1600
5851;0;Passo das Pedras;Cristal;250;100;88;30;100;150
5852;0;Passo das Pedras;Cristo Redentor;300;150;54;18;200;100
5853;0;Passo das Pedras;Espírito Santo;50;0;28;5;0;50
5854;0;Passo das Pedras;Extrema;50;50;0;0;50;0
5855;0;Passo das Pedras;Farrapos;50;0;0;0;50;0
5856;0;Passo das Pedras;Farroupilha;0;0;0;0;0;0
5857;0;Passo das Pedras;Floresta;100;0;52;19;0;100
5858;0;Passo das Pedras;Glória;50;0;31;12;0;50
5859;0;Passo das Pedras;Guarujá;50;0;33;5;0;50
5860;0;Passo das Pedras;Higienópolis;0;0;0;0;0;0
5861;0;Passo das Pedras;Humaitá;50;50;0;0;50;0
5862;0;Passo das Pedras;Hípica;50;0;37;3;0;50
5863;0;Passo das Pedras;Independência;50;0;34;9;0;50
5864;0;Passo das Pedras;Ipanema;100;0;71;16;0;100
5865;0;Passo das Pedras;Jardim Botânico;50;50;0;0;50;0
5866;0;Passo das Pedras;Jardim Carvalho;250;100;58;26;150;100
5867;0;Passo das Pedras;Jardim Europa;50;0;0;0;50;0
5868;0;Passo das Pedras;Jardim Floresta;150;0;52;19;50;100
5869;0;Passo das Pedras;Jardim Isabel;0;0;0;0;0;0
5870;0;Passo das Pedras;Jardim Itú;4250;700;1734;600;1400;2850
5871;0;Passo das Pedras;Jardim Leopoldina;1450;400;635;173;500;950
5872;0;Passo das Pedras;Jardim Lindóia;450;0;261;86;100;350
5873;0;Passo das Pedras;Jardim Sabará;550;50;254;107;100;450
5874;0;Passo das Pedras;Jardim São Pedro;150;50;63;21;50;100
5875;0;Passo das Pedras;Jardim do Salso;100;0;29;5;50;50
5876;0;Passo das Pedras;Lageado;50;0;29;6;0;50
5877;0;Passo das Pedras;Lami;100;0;56;22;0;100
5878;0;Passo das Pedras;Lomba do Pinheiro;150;50;59;16;50;100
5879;0;Passo das Pedras;Medianeira;150;0;51;22;50;100
5880;0;Passo das Pedras;Menino Deus;100;50;30;5;50;50
5881;0;Passo das Pedras;Moinhos de Vento;0;0;0;0;0;0
5882;0;Passo das Pedras;Mont'Serrat;100;0;54;28;0;100
5883;0;Passo das Pedras;Morro Santana;2500;100;1225;391;450;2050
5884;0;Passo das Pedras;Mário Quintana;750;200;229;40;450;300
5885;0;Passo das Pedras;Navegantes;100;100;0;0;100;0
5886;0;Passo das Pedras;Nonoai;200;50;30;9;150;50
5887;0;Passo das Pedras;Parque Santa Fé;750;0;392;119;100;650
5888;0;Passo das Pedras;Partenon;200;0;82;12;150;50
5889;0;Passo das Pedras;Passo D'Areia;300;0;100;92;50;250
5890;0;Passo das Pedras;Passo das Pedras;9900;500;5256;1586;900;9000
5891;0;Passo das Pedras;Pedra Redonda;0;0;0;0;0;0
5892;0;Passo das Pedras;Petrópolis;150;50;23;13;100;50
5893;0;Passo das Pedras;Pitinga;100;50;25;9;50;50
5894;0;Passo das Pedras;Ponta Grossa;100;50;28;7;50;50
5895;0;Passo das Pedras;Praia de Belas;50;0;29;14;0;50
5896;0;Passo das Pedras;Restinga;100;50;35;10;50;50
5897;0;Passo das Pedras;Rio Branco;0;0;0;0;0;0
5898;0;Passo das Pedras;Rubem Berta;1400;300;522;384;350;1050
5899;0;Passo das Pedras;Santa Cecília;0;0;0;0;0;0
5900;0;Passo das Pedras;Santa Maria Goretti;100;100;0;0;100;0
5901;0;Passo das Pedras;Santa Rosa de Lima;1600;200;749;179;350;1250
5902;0;Passo das Pedras;Santa Tereza;250;0;147;49;0;250
5903;0;Passo das Pedras;Santana;150;0;50;21;50;100
5904;0;Passo das Pedras;Santo Antônio;0;0;0;0;0;0
5905;0;Passo das Pedras;Sarandi;650;150;149;98;350;300
5906;0;Passo das Pedras;Serraria;0;0;0;0;0;0
5907;0;Passo das Pedras;São Caetano;0;0;0;0;0;0
5908;0;Passo das Pedras;São Geraldo;0;0;0;0;0;0
5909;0;Passo das Pedras;São José;100;0;26;9;50;50
5910;0;Passo das Pedras;São João;100;0;79;12;50;50
5911;0;Passo das Pedras;São Sebastião;750;150;269;75;350;400
5912;0;Passo das Pedras;Sétimo Céu;0;0;0;0;0;0
5913;0;Passo das Pedras;Teresópolis;250;0;154;48;0;250
5914;0;Passo das Pedras;Tristeza;0;0;0;0;0;0
5915;0;Passo das Pedras;Três Figueiras;0;0;0;0;0;0
5916;0;Passo das Pedras;Vila Assunção;0;0;0;0;0;0
5917;0;Passo das Pedras;Vila Conceição;50;50;0;0;50;0
5918;0;Passo das Pedras;Vila Ipiranga;400;150;118;35;200;200
5919;0;Passo das Pedras;Vila Jardim;250;0;140;59;0;250
5920;0;Passo das Pedras;Vila João Pessoa;50;0;28;11;0;50
5921;0;Passo das Pedras;Vila Nova;350;50;143;57;100;250
5922;0;Pedra Redonda;Aberta dos Morros;50;0;33;7;0;50
5923;0;Pedra Redonda;Agronomia;0;0;0;0;0;0
5924;0;Pedra Redonda;Anchieta;0;0;0;0;0;0
5925;0;Pedra Redonda;Arquipélago;0;0;0;0;0;0
5926;0;Pedra Redonda;Auxiliadora;0;0;0;0;0;0
5927;0;Pedra Redonda;Azenha;50;0;26;10;0;50
5928;0;Pedra Redonda;Bela Vista;0;0;0;0;0;0
5929;0;Pedra Redonda;Belém Novo;0;0;0;0;0;0
5930;0;Pedra Redonda;Belém Velho;0;0;0;0;0;0
5931;0;Pedra Redonda;Boa Vista;0;0;0;0;0;0
5932;0;Pedra Redonda;Boa Vista do Sul;0;0;0;0;0;0
5933;0;Pedra Redonda;Bom Fim;50;0;0;0;50;0
5934;0;Pedra Redonda;Bom Jesus;200;0;110;46;0;200
5935;0;Pedra Redonda;Camaquã;200;50;60;22;100;100
5936;0;Pedra Redonda;Campo Novo;100;0;59;16;0;100
5937;0;Pedra Redonda;Cascata;0;0;0;0;0;0
5938;0;Pedra Redonda;Cavalhada;3021;500;987;363;1321;1700
5939;0;Pedra Redonda;Cel. Aparício Borges;0;0;0;0;0;0
5940;0;Pedra Redonda;Centro Histórico;0;0;0;0;0;0
5941;0;Pedra Redonda;Chapéu do Sol;50;50;0;0;50;0
5942;0;Pedra Redonda;Chácara das Pedras;0;0;0;0;0;0
5943;0;Pedra Redonda;Cidade Baixa;50;50;0;0;50;0
5944;0;Pedra Redonda;Costa e Silva;0;0;0;0;0;0
5945;0;Pedra Redonda;Cristal;350;0;204;66;0;350
5946;0;Pedra Redonda;Cristo Redentor;0;0;0;0;0;0
5947;0;Pedra Redonda;Espírito Santo;150;0;81;35;0;150
5948;0;Pedra Redonda;Extrema;0;0;0;0;0;0
5949;0;Pedra Redonda;Farrapos;100;0;66;18;0;100
5950;0;Pedra Redonda;Farroupilha;50;0;22;17;0;50
5951;0;Pedra Redonda;Floresta;0;0;0;0;0;0
5952;0;Pedra Redonda;Glória;0;0;0;0;0;0
5953;0;Pedra Redonda;Guarujá;50;50;0;0;50;0
5954;0;Pedra Redonda;Higienópolis;0;0;0;0;0;0
5955;0;Pedra Redonda;Humaitá;0;0;0;0;0;0
5956;0;Pedra Redonda;Hípica;150;0;83;19;0;150
5957;0;Pedra Redonda;Independência;0;0;0;0;0;0
5958;0;Pedra Redonda;Ipanema;400;50;143;33;250;150
5959;0;Pedra Redonda;Jardim Botânico;50;50;0;0;50;0
5960;0;Pedra Redonda;Jardim Carvalho;0;0;0;0;0;0
5961;0;Pedra Redonda;Jardim Europa;0;0;0;0;0;0
5962;0;Pedra Redonda;Jardim Floresta;0;0;0;0;0;0
5963;0;Pedra Redonda;Jardim Isabel;500;50;224;87;150;350
5964;0;Pedra Redonda;Jardim Itú;0;0;0;0;0;0
5965;0;Pedra Redonda;Jardim Leopoldina;0;0;0;0;0;0
5966;0;Pedra Redonda;Jardim Lindóia;0;0;0;0;0;0
5967;0;Pedra Redonda;Jardim Sabará;50;0;28;11;0;50
5968;0;Pedra Redonda;Jardim São Pedro;50;0;33;11;0;50
5969;0;Pedra Redonda;Jardim do Salso;50;0;30;6;0;50
5970;0;Pedra Redonda;Lageado;0;0;0;0;0;0
5971;0;Pedra Redonda;Lami;0;0;0;0;0;0
5972;0;Pedra Redonda;Lomba do Pinheiro;150;50;60;15;50;100
5973;0;Pedra Redonda;Medianeira;0;0;0;0;0;0
5974;0;Pedra Redonda;Menino Deus;50;0;25;16;0;50
5975;0;Pedra Redonda;Moinhos de Vento;0;0;0;0;0;0
5976;0;Pedra Redonda;Mont'Serrat;50;0;30;11;0;50
5977;0;Pedra Redonda;Morro Santana;0;0;0;0;0;0
5978;0;Pedra Redonda;Mário Quintana;50;50;0;0;50;0
5979;0;Pedra Redonda;Navegantes;0;0;0;0;0;0
5980;0;Pedra Redonda;Nonoai;150;50;85;11;100;50
5981;0;Pedra Redonda;Parque Santa Fé;0;0;0;0;0;0
5982;0;Pedra Redonda;Partenon;150;0;89;31;0;150
5983;0;Pedra Redonda;Passo D'Areia;150;50;44;34;50;100
5984;0;Pedra Redonda;Passo das Pedras;0;0;0;0;0;0
5985;0;Pedra Redonda;Pedra Redonda;0;0;0;0;0;0
5986;0;Pedra Redonda;Petrópolis;50;0;26;14;0;50
5987;0;Pedra Redonda;Pitinga;0;0;0;0;0;0
5988;0;Pedra Redonda;Ponta Grossa;100;0;65;16;0;100
5989;0;Pedra Redonda;Praia de Belas;0;0;0;0;0;0
5990;0;Pedra Redonda;Restinga;250;0;83;21;100;150
5991;0;Pedra Redonda;Rio Branco;150;0;95;38;0;150
5992;0;Pedra Redonda;Rubem Berta;100;50;19;20;50;50
5993;0;Pedra Redonda;Santa Cecília;0;0;0;0;0;0
5994;0;Pedra Redonda;Santa Maria Goretti;50;0;36;0;0;50
5995;0;Pedra Redonda;Santa Rosa de Lima;150;50;27;9;100;50
5996;0;Pedra Redonda;Santa Tereza;150;100;24;13;100;50
5997;0;Pedra Redonda;Santana;50;50;0;0;50;0
5998;0;Pedra Redonda;Santo Antônio;0;0;0;0;0;0
5999;0;Pedra Redonda;Sarandi;50;0;28;13;0;50
6000;0;Pedra Redonda;Serraria;150;50;50;18;50;100
6001;0;Pedra Redonda;São Caetano;0;0;0;0;0;0
6002;0;Pedra Redonda;São Geraldo;0;0;0;0;0;0
6003;0;Pedra Redonda;São José;50;50;0;0;50;0
6004;0;Pedra Redonda;São João;100;0;25;21;50;50
6005;0;Pedra Redonda;São Sebastião;0;0;0;0;0;0
6006;0;Pedra Redonda;Sétimo Céu;100;0;67;14;0;100
6007;0;Pedra Redonda;Teresópolis;0;0;0;0;0;0
6008;0;Pedra Redonda;Tristeza;1000;100;452;211;250;750
6009;0;Pedra Redonda;Três Figueiras;0;0;0;0;0;0
6010;0;Pedra Redonda;Vila Assunção;50;0;34;14;0;50
6011;0;Pedra Redonda;Vila Conceição;141;50;28;19;91;50
6012;0;Pedra Redonda;Vila Ipiranga;0;0;0;0;0;0
6013;0;Pedra Redonda;Vila Jardim;50;0;22;13;0;50
6014;0;Pedra Redonda;Vila João Pessoa;50;0;0;0;50;0
6015;0;Pedra Redonda;Vila Nova;100;0;58;19;0;100
6016;0;Petrópolis;Aberta dos Morros;100;50;29;17;50;50
6017;0;Petrópolis;Agronomia;300;0;182;83;50;250
6018;0;Petrópolis;Anchieta;150;0;72;22;50;100
6019;0;Petrópolis;Arquipélago;250;50;112;22;150;100
6020;0;Petrópolis;Auxiliadora;1000;250;293;121;600;400
6021;0;Petrópolis;Azenha;400;0;188;75;100;300
6022;0;Petrópolis;Bela Vista;1850;100;830;302;550;1300
6023;0;Petrópolis;Belém Novo;200;0;91;43;50;150
6024;0;Petrópolis;Belém Velho;450;200;136;44;300;150
6025;0;Petrópolis;Boa Vista;650;50;254;125;200;450
6026;0;Petrópolis;Boa Vista do Sul;300;50;133;50;100;200
6027;0;Petrópolis;Bom Fim;500;50;168;95;150;350
6028;0;Petrópolis;Bom Jesus;200;100;27;7;150;50
6029;0;Petrópolis;Camaquã;400;50;116;52;200;200
6030;0;Petrópolis;Campo Novo;50;0;31;17;0;50
6031;0;Petrópolis;Cascata;250;50;67;24;150;100
6032;0;Petrópolis;Cavalhada;100;0;52;30;0;100
6033;0;Petrópolis;Cel. Aparício Borges;400;0;221;106;0;400
6034;0;Petrópolis;Centro Histórico;350;50;67;28;250;100
6035;0;Petrópolis;Chapéu do Sol;100;0;62;24;0;100
6036;0;Petrópolis;Chácara das Pedras;900;100;337;136;400;500
6037;0;Petrópolis;Cidade Baixa;300;100;101;38;150;150
6038;0;Petrópolis;Costa e Silva;300;50;140;54;50;250
6039;0;Petrópolis;Cristal;150;0;80;33;0;150
6040;0;Petrópolis;Cristo Redentor;500;50;189;89;150;350
6041;0;Petrópolis;Espírito Santo;250;0;136;64;0;250
6042;0;Petrópolis;Extrema;150;0;56;32;50;100
6043;0;Petrópolis;Farrapos;100;0;60;25;0;100
6044;0;Petrópolis;Farroupilha;50;0;27;8;0;50
6045;0;Petrópolis;Floresta;350;50;119;56;150;200
6046;0;Petrópolis;Glória;200;50;48;23;100;100
6047;0;Petrópolis;Guarujá;150;50;32;13;100;50
6048;0;Petrópolis;Higienópolis;500;100;177;71;200;300
6049;0;Petrópolis;Humaitá;150;50;25;16;100;50
6050;0;Petrópolis;Hípica;50;0;0;0;50;0
6051;0;Petrópolis;Independência;200;50;90;46;50;150
6052;0;Petrópolis;Ipanema;200;0;111;49;0;200
6053;0;Petrópolis;Jardim Botânico;2850;650;577;176;2200;650
6054;0;Petrópolis;Jardim Carvalho;600;100;254;87;200;400
6055;0;Petrópolis;Jardim Europa;500;0;181;103;200;300
6056;0;Petrópolis;Jardim Floresta;400;100;119;81;150;250
6057;0;Petrópolis;Jardim Isabel;200;50;85;44;50;150
6058;0;Petrópolis;Jardim Itú;400;0;171;84;100;300
6059;0;Petrópolis;Jardim Leopoldina;100;0;57;25;0;100
6060;0;Petrópolis;Jardim Lindóia;350;50;136;72;100;250
6061;0;Petrópolis;Jardim Sabará;350;50;144;61;100;250
6062;0;Petrópolis;Jardim São Pedro;200;50;30;4;150;50
6063;0;Petrópolis;Jardim do Salso;1500;400;189;63;1250;250
6064;0;Petrópolis;Lageado;150;0;90;44;0;150
6065;0;Petrópolis;Lami;150;0;84;32;0;150
6066;0;Petrópolis;Lomba do Pinheiro;750;150;341;134;200;550
6067;0;Petrópolis;Medianeira;400;100;180;72;100;300
6068;0;Petrópolis;Menino Deus;400;50;145;80;100;300
6069;0;Petrópolis;Moinhos de Vento;400;50;116;63;200;200
6070;0;Petrópolis;Mont'Serrat;2150;800;213;93;1800;350
6071;0;Petrópolis;Morro Santana;50;50;0;0;50;0
6072;0;Petrópolis;Mário Quintana;150;0;95;31;0;150
6073;0;Petrópolis;Navegantes;250;0;117;50;50;200
6074;0;Petrópolis;Nonoai;350;50;131;62;100;250
6075;0;Petrópolis;Parque Santa Fé;100;0;0;0;100;0
6076;0;Petrópolis;Partenon;800;150;312;135;250;550
6077;0;Petrópolis;Passo D'Areia;600;200;228;88;300;300
6078;0;Petrópolis;Passo das Pedras;150;50;23;13;100;50
6079;0;Petrópolis;Pedra Redonda;50;0;26;14;0;50
6080;0;Petrópolis;Petrópolis;6600;2300;494;170;5900;700
6081;0;Petrópolis;Pitinga;150;0;81;45;0;150
6082;0;Petrópolis;Ponta Grossa;800;150;210;121;400;400
6083;0;Petrópolis;Praia de Belas;300;50;76;33;150;150
6084;0;Petrópolis;Restinga;300;50;121;41;100;200
6085;0;Petrópolis;Rio Branco;2850;150;1289;625;600;2250
6086;0;Petrópolis;Rubem Berta;100;50;26;14;50;50
6087;0;Petrópolis;Santa Cecília;700;50;328;158;100;600
6088;0;Petrópolis;Santa Maria Goretti;450;0;206;90;100;350
6089;0;Petrópolis;Santa Rosa de Lima;200;0;82;27;50;150
6090;0;Petrópolis;Santa Tereza;700;50;281;128;200;500
6091;0;Petrópolis;Santana;800;50;251;144;300;500
6092;0;Petrópolis;Santo Antônio;500;0;254;115;50;450
6093;0;Petrópolis;Sarandi;250;50;97;55;50;200
6094;0;Petrópolis;Serraria;50;0;24;21;0;50
6095;0;Petrópolis;São Caetano;50;50;0;0;50;0
6096;0;Petrópolis;São Geraldo;200;0;82;43;50;150
6097;0;Petrópolis;São José;600;150;217;105;200;400
6098;0;Petrópolis;São João;300;50;81;42;150;150
6099;0;Petrópolis;São Sebastião;150;0;59;27;50;100
6100;0;Petrópolis;Sétimo Céu;150;50;68;23;50;100
6101;0;Petrópolis;Teresópolis;450;200;94;38;300;150
6102;0;Petrópolis;Tristeza;100;0;61;23;0;100
6103;0;Petrópolis;Três Figueiras;10400;1600;4190;1854;3600;6800
6104;0;Petrópolis;Vila Assunção;100;50;0;0;100;0
6105;0;Petrópolis;Vila Conceição;200;0;118;59;0;200
6106;0;Petrópolis;Vila Ipiranga;350;100;93;40;200;150
6107;0;Petrópolis;Vila Jardim;850;200;305;117;400;450
6108;0;Petrópolis;Vila João Pessoa;500;50;226;111;100;400
6109;0;Petrópolis;Vila Nova;400;50;171;61;100;300
6110;0;Pitinga;Aberta dos Morros;0;0;0;0;0;0
6111;0;Pitinga;Agronomia;0;0;0;0;0;0
6112;0;Pitinga;Anchieta;0;0;0;0;0;0
6113;0;Pitinga;Arquipélago;50;50;0;0;50;0
6114;0;Pitinga;Auxiliadora;0;0;0;0;0;0
6115;0;Pitinga;Azenha;50;0;31;11;0;50
6116;0;Pitinga;Bela Vista;0;0;0;0;0;0
6117;0;Pitinga;Belém Novo;50;0;0;0;50;0
6118;0;Pitinga;Belém Velho;50;0;33;6;0;50
6119;0;Pitinga;Boa Vista;50;0;25;15;0;50
6120;0;Pitinga;Boa Vista do Sul;100;0;65;20;0;100
6121;0;Pitinga;Bom Fim;50;0;30;12;0;50
6122;0;Pitinga;Bom Jesus;0;0;0;0;0;0
6123;0;Pitinga;Camaquã;50;0;50;0;50;0
6124;0;Pitinga;Campo Novo;100;0;58;20;0;100
6125;0;Pitinga;Cascata;200;0;78;20;50;150
6126;0;Pitinga;Cavalhada;0;0;0;0;0;0
6127;0;Pitinga;Cel. Aparício Borges;100;0;61;16;0;100
6128;0;Pitinga;Centro Histórico;50;0;32;12;0;50
6129;0;Pitinga;Chapéu do Sol;0;0;0;0;0;0
6130;0;Pitinga;Chácara das Pedras;0;0;0;0;0;0
6131;0;Pitinga;Cidade Baixa;150;50;23;12;100;50
6132;0;Pitinga;Costa e Silva;0;0;0;0;0;0
6133;0;Pitinga;Cristal;100;50;32;6;50;50
6134;0;Pitinga;Cristo Redentor;0;0;0;0;0;0
6135;0;Pitinga;Espírito Santo;50;0;31;7;0;50
6136;0;Pitinga;Extrema;100;0;57;17;0;100
6137;0;Pitinga;Farrapos;0;0;0;0;0;0
6138;0;Pitinga;Farroupilha;0;0;0;0;0;0
6139;0;Pitinga;Floresta;0;0;0;0;0;0
6140;0;Pitinga;Glória;150;50;61;17;50;100
6141;0;Pitinga;Guarujá;0;0;0;0;0;0
6142;0;Pitinga;Higienópolis;100;0;67;24;0;100
6143;0;Pitinga;Humaitá;50;0;28;9;0;50
6144;0;Pitinga;Hípica;350;50;163;41;100;250
6145;0;Pitinga;Independência;0;0;0;0;0;0
6146;0;Pitinga;Ipanema;0;0;0;0;0;0
6147;0;Pitinga;Jardim Botânico;100;50;26;12;50;50
6148;0;Pitinga;Jardim Carvalho;200;50;62;8;100;100
6149;0;Pitinga;Jardim Europa;0;0;0;0;0;0
6150;0;Pitinga;Jardim Floresta;0;0;0;0;0;0
6151;0;Pitinga;Jardim Isabel;0;0;0;0;0;0
6152;0;Pitinga;Jardim Itú;150;0;95;24;0;150
6153;0;Pitinga;Jardim Leopoldina;0;0;0;0;0;0
6154;0;Pitinga;Jardim Lindóia;0;0;0;0;0;0
6155;0;Pitinga;Jardim Sabará;100;50;30;10;50;50
6156;0;Pitinga;Jardim São Pedro;0;0;0;0;0;0
6157;0;Pitinga;Jardim do Salso;0;0;0;0;0;0
6158;0;Pitinga;Lageado;150;50;64;15;50;100
6159;0;Pitinga;Lami;150;0;87;18;0;150
6160;0;Pitinga;Lomba do Pinheiro;1750;200;826;198;350;1400
6161;0;Pitinga;Medianeira;100;50;28;10;50;50
6162;0;Pitinga;Menino Deus;50;0;23;15;0;50
6163;0;Pitinga;Moinhos de Vento;50;0;27;11;0;50
6164;0;Pitinga;Mont'Serrat;0;0;0;0;0;0
6165;0;Pitinga;Morro Santana;150;50;64;13;50;100
6166;0;Pitinga;Mário Quintana;0;0;0;0;0;0
6167;0;Pitinga;Navegantes;50;50;0;0;50;0
6168;0;Pitinga;Nonoai;0;0;0;0;0;0
6169;0;Pitinga;Parque Santa Fé;150;0;95;29;0;150
6170;0;Pitinga;Partenon;50;0;23;15;0;50
6171;0;Pitinga;Passo D'Areia;50;0;19;14;0;50
6172;0;Pitinga;Passo das Pedras;100;50;25;9;50;50
6173;0;Pitinga;Pedra Redonda;0;0;0;0;0;0
6174;0;Pitinga;Petrópolis;150;0;81;45;0;150
6175;0;Pitinga;Pitinga;1000;300;398;74;500;500
6176;0;Pitinga;Ponta Grossa;50;0;0;0;50;0
6177;0;Pitinga;Praia de Belas;0;0;0;0;0;0
6178;0;Pitinga;Restinga;1900;150;967;248;300;1600
6179;0;Pitinga;Rio Branco;0;0;0;0;0;0
6180;0;Pitinga;Rubem Berta;50;0;35;5;0;50
6181;0;Pitinga;Santa Cecília;0;0;0;0;0;0
6182;0;Pitinga;Santa Maria Goretti;50;0;35;1;0;50
6183;0;Pitinga;Santa Rosa de Lima;50;50;0;0;50;0
6184;0;Pitinga;Santa Tereza;300;50;120;33;100;200
6185;0;Pitinga;Santana;0;0;0;0;0;0
6186;0;Pitinga;Santo Antônio;200;0;131;26;50;150
6187;0;Pitinga;Sarandi;250;50;103;24;150;100
6188;0;Pitinga;Serraria;50;0;27;9;0;50
6189;0;Pitinga;São Caetano;0;0;0;0;0;0
6190;0;Pitinga;São Geraldo;0;0;0;0;0;0
6191;0;Pitinga;São José;200;0;83;22;50;150
6192;0;Pitinga;São João;0;0;0;0;0;0
6193;0;Pitinga;São Sebastião;50;0;29;6;0;50
6194;0;Pitinga;Sétimo Céu;0;0;0;0;0;0
6195;0;Pitinga;Teresópolis;50;0;31;4;0;50
6196;0;Pitinga;Tristeza;50;50;0;0;50;0
6197;0;Pitinga;Três Figueiras;0;0;0;0;0;0
6198;0;Pitinga;Vila Assunção;0;0;0;0;0;0
6199;0;Pitinga;Vila Conceição;0;0;0;0;0;0
6200;0;Pitinga;Vila Ipiranga;100;100;0;0;100;0
6201;0;Pitinga;Vila Jardim;0;0;0;0;0;0
6202;0;Pitinga;Vila João Pessoa;100;0;56;16;0;100
6203;0;Pitinga;Vila Nova;50;0;34;9;0;50
6204;0;Ponta Grossa;Aberta dos Morros;300;0;135;34;50;250
6205;0;Ponta Grossa;Agronomia;0;0;0;0;0;0
6206;0;Ponta Grossa;Anchieta;0;0;0;0;0;0
6207;0;Ponta Grossa;Arquipélago;50;0;24;9;0;50
6208;0;Ponta Grossa;Auxiliadora;0;0;0;0;0;0
6209;0;Ponta Grossa;Azenha;100;50;25;14;50;50
6210;0;Ponta Grossa;Bela Vista;0;0;0;0;0;0
6211;0;Ponta Grossa;Belém Novo;500;150;176;53;200;300
6212;0;Ponta Grossa;Belém Velho;100;50;26;11;50;50
6213;0;Ponta Grossa;Boa Vista;50;0;26;8;0;50
6214;0;Ponta Grossa;Boa Vista do Sul;100;100;0;0;100;0
6215;0;Ponta Grossa;Bom Fim;50;0;26;8;0;50
6216;0;Ponta Grossa;Bom Jesus;100;0;61;21;0;100
6217;0;Ponta Grossa;Camaquã;150;0;54;24;50;100
6218;0;Ponta Grossa;Campo Novo;200;50;108;14;100;100
6219;0;Ponta Grossa;Cascata;150;50;62;18;50;100
6220;0;Ponta Grossa;Cavalhada;200;100;35;9;150;50
6221;0;Ponta Grossa;Cel. Aparício Borges;100;0;62;14;0;100
6222;0;Ponta Grossa;Centro Histórico;150;50;23;12;100;50
6223;0;Ponta Grossa;Chapéu do Sol;200;0;121;23;0;200
6224;0;Ponta Grossa;Chácara das Pedras;50;0;28;13;0;50
6225;0;Ponta Grossa;Cidade Baixa;100;0;34;12;50;50
6226;0;Ponta Grossa;Costa e Silva;150;0;66;18;50;100
6227;0;Ponta Grossa;Cristal;50;0;34;7;0;50
6228;0;Ponta Grossa;Cristo Redentor;50;50;0;0;50;0
6229;0;Ponta Grossa;Espírito Santo;500;50;248;69;100;400
6230;0;Ponta Grossa;Extrema;50;0;0;0;50;0
6231;0;Ponta Grossa;Farrapos;100;0;66;13;0;100
6232;0;Ponta Grossa;Farroupilha;0;0;0;0;0;0
6233;0;Ponta Grossa;Floresta;150;0;57;15;50;100
6234;0;Ponta Grossa;Glória;200;50;83;30;50;150
6235;0;Ponta Grossa;Guarujá;850;150;324;96;300;550
6236;0;Ponta Grossa;Higienópolis;100;0;33;17;50;50
6237;0;Ponta Grossa;Humaitá;100;0;58;17;0;100
6238;0;Ponta Grossa;Hípica;800;150;329;84;300;500
6239;0;Ponta Grossa;Independência;0;0;0;0;0;0
6240;0;Ponta Grossa;Ipanema;700;50;382;110;150;550
6241;0;Ponta Grossa;Jardim Botânico;100;0;0;0;100;0
6242;0;Ponta Grossa;Jardim Carvalho;300;50;158;33;50;250
6243;0;Ponta Grossa;Jardim Europa;0;0;0;0;0;0
6244;0;Ponta Grossa;Jardim Floresta;0;0;0;0;0;0
6245;0;Ponta Grossa;Jardim Isabel;0;0;0;0;0;0
6246;0;Ponta Grossa;Jardim Itú;100;0;65;17;0;100
6247;0;Ponta Grossa;Jardim Leopoldina;50;0;37;6;0;50
6248;0;Ponta Grossa;Jardim Lindóia;100;0;62;24;0;100
6249;0;Ponta Grossa;Jardim Sabará;0;0;0;0;0;0
6250;0;Ponta Grossa;Jardim São Pedro;0;0;0;0;0;0
6251;0;Ponta Grossa;Jardim do Salso;50;0;34;3;0;50
6252;0;Ponta Grossa;Lageado;0;0;0;0;0;0
6253;0;Ponta Grossa;Lami;0;0;0;0;0;0
6254;0;Ponta Grossa;Lomba do Pinheiro;200;50;52;15;100;100
6255;0;Ponta Grossa;Medianeira;50;0;31;6;0;50
6256;0;Ponta Grossa;Menino Deus;50;0;24;11;0;50
6257;0;Ponta Grossa;Moinhos de Vento;0;0;0;0;0;0
6258;0;Ponta Grossa;Mont'Serrat;100;0;75;25;0;100
6259;0;Ponta Grossa;Morro Santana;200;50;99;30;100;100
6260;0;Ponta Grossa;Mário Quintana;100;0;60;14;0;100
6261;0;Ponta Grossa;Navegantes;50;0;33;6;0;50
6262;0;Ponta Grossa;Nonoai;50;50;0;0;50;0
6263;0;Ponta Grossa;Parque Santa Fé;0;0;0;0;0;0
6264;0;Ponta Grossa;Partenon;250;50;117;53;50;200
6265;0;Ponta Grossa;Passo D'Areia;0;0;0;0;0;0
6266;0;Ponta Grossa;Passo das Pedras;100;50;28;7;50;50
6267;0;Ponta Grossa;Pedra Redonda;100;0;65;16;0;100
6268;0;Ponta Grossa;Petrópolis;800;150;210;121;400;400
6269;0;Ponta Grossa;Pitinga;50;0;0;0;50;0
6270;0;Ponta Grossa;Ponta Grossa;2200;500;890;216;800;1400
6271;0;Ponta Grossa;Praia de Belas;0;0;0;0;0;0
6272;0;Ponta Grossa;Restinga;150;0;77;23;0;150
6273;0;Ponta Grossa;Rio Branco;100;0;27;13;50;50
6274;0;Ponta Grossa;Rubem Berta;100;0;49;10;0;100
6275;0;Ponta Grossa;Santa Cecília;0;0;0;0;0;0
6276;0;Ponta Grossa;Santa Maria Goretti;50;50;0;0;50;0
6277;0;Ponta Grossa;Santa Rosa de Lima;50;0;29;10;0;50
6278;0;Ponta Grossa;Santa Tereza;150;0;85;24;0;150
6279;0;Ponta Grossa;Santana;150;0;29;15;100;50
6280;0;Ponta Grossa;Santo Antônio;50;0;33;9;0;50
6281;0;Ponta Grossa;Sarandi;100;0;0;0;100;0
6282;0;Ponta Grossa;Serraria;1000;150;451;131;250;750
6283;0;Ponta Grossa;São Caetano;0;0;0;0;0;0
6284;0;Ponta Grossa;São Geraldo;50;0;24;14;0;50
6285;0;Ponta Grossa;São José;200;100;32;8;150;50
6286;0;Ponta Grossa;São João;150;50;58;29;50;100
6287;0;Ponta Grossa;São Sebastião;0;0;0;0;0;0
6288;0;Ponta Grossa;Sétimo Céu;50;0;30;9;0;50
6289;0;Ponta Grossa;Teresópolis;50;0;33;10;0;50
6290;0;Ponta Grossa;Tristeza;100;100;0;0;100;0
6291;0;Ponta Grossa;Três Figueiras;0;0;0;0;0;0
6292;0;Ponta Grossa;Vila Assunção;50;0;0;0;50;0
6293;0;Ponta Grossa;Vila Conceição;50;0;28;7;0;50
6294;0;Ponta Grossa;Vila Ipiranga;0;0;0;0;0;0
6295;0;Ponta Grossa;Vila Jardim;0;0;0;0;0;0
6296;0;Ponta Grossa;Vila João Pessoa;100;50;29;10;50;50
6297;0;Ponta Grossa;Vila Nova;200;50;59;15;100;100
6298;0;Praia de Belas;Aberta dos Morros;0;0;0;0;0;0
6299;0;Praia de Belas;Agronomia;0;0;0;0;0;0
6300;0;Praia de Belas;Anchieta;0;0;0;0;0;0
6301;0;Praia de Belas;Arquipélago;1450;250;579;154;450;1000
6302;0;Praia de Belas;Auxiliadora;0;0;0;0;0;0
6303;0;Praia de Belas;Azenha;500;0;244;106;50;450
6304;0;Praia de Belas;Bela Vista;50;0;0;0;50;0
6305;0;Praia de Belas;Belém Novo;0;0;0;0;0;0
6306;0;Praia de Belas;Belém Velho;50;0;29;11;0;50
6307;0;Praia de Belas;Boa Vista;0;0;0;0;0;0
6308;0;Praia de Belas;Boa Vista do Sul;0;0;0;0;0;0
6309;0;Praia de Belas;Bom Fim;350;0;127;71;100;250
6310;0;Praia de Belas;Bom Jesus;200;50;61;12;100;100
6311;0;Praia de Belas;Camaquã;100;0;54;26;0;100
6312;0;Praia de Belas;Campo Novo;50;0;27;10;0;50
6313;0;Praia de Belas;Cascata;0;0;0;0;0;0
6314;0;Praia de Belas;Cavalhada;100;50;23;12;50;50
6315;0;Praia de Belas;Cel. Aparício Borges;50;50;0;0;50;0
6316;0;Praia de Belas;Centro Histórico;1250;200;488;238;300;950
6317;0;Praia de Belas;Chapéu do Sol;0;0;0;0;0;0
6318;0;Praia de Belas;Chácara das Pedras;0;0;0;0;0;0
6319;0;Praia de Belas;Cidade Baixa;1192;50;501;219;292;900
6320;0;Praia de Belas;Costa e Silva;100;0;81;4;50;50
6321;0;Praia de Belas;Cristal;450;250;133;29;300;150
6322;0;Praia de Belas;Cristo Redentor;150;0;66;16;50;100
6323;0;Praia de Belas;Espírito Santo;0;0;0;0;0;0
6324;0;Praia de Belas;Extrema;0;0;0;0;0;0
6325;0;Praia de Belas;Farrapos;250;0;152;38;0;250
6326;0;Praia de Belas;Farroupilha;150;0;90;37;0;150
6327;0;Praia de Belas;Floresta;100;50;38;7;50;50
6328;0;Praia de Belas;Glória;100;100;0;0;100;0
6329;0;Praia de Belas;Guarujá;0;0;0;0;0;0
6330;0;Praia de Belas;Higienópolis;0;0;0;0;0;0
6331;0;Praia de Belas;Humaitá;50;0;29;10;0;50
6332;0;Praia de Belas;Hípica;0;0;0;0;0;0
6333;0;Praia de Belas;Independência;100;0;17;17;50;50
6334;0;Praia de Belas;Ipanema;150;50;61;16;50;100
6335;0;Praia de Belas;Jardim Botânico;250;0;136;71;0;250
6336;0;Praia de Belas;Jardim Carvalho;150;0;62;22;50;100
6337;0;Praia de Belas;Jardim Europa;0;0;0;0;0;0
6338;0;Praia de Belas;Jardim Floresta;0;0;0;0;0;0
6339;0;Praia de Belas;Jardim Isabel;50;0;29;11;0;50
6340;0;Praia de Belas;Jardim Itú;150;0;94;31;0;150
6341;0;Praia de Belas;Jardim Leopoldina;0;0;0;0;0;0
6342;0;Praia de Belas;Jardim Lindóia;0;0;0;0;0;0
6343;0;Praia de Belas;Jardim Sabará;50;0;0;0;50;0
6344;0;Praia de Belas;Jardim São Pedro;0;0;0;0;0;0
6345;0;Praia de Belas;Jardim do Salso;0;0;0;0;0;0
6346;0;Praia de Belas;Lageado;0;0;0;0;0;0
6347;0;Praia de Belas;Lami;0;0;0;0;0;0
6348;0;Praia de Belas;Lomba do Pinheiro;100;0;70;13;0;100
6349;0;Praia de Belas;Medianeira;200;50;59;25;100;100
6350;0;Praia de Belas;Menino Deus;2850;200;1309;620;500;2350
6351;0;Praia de Belas;Moinhos de Vento;0;0;0;0;0;0
6352;0;Praia de Belas;Mont'Serrat;100;100;0;0;100;0
6353;0;Praia de Belas;Morro Santana;50;0;50;0;50;0
6354;0;Praia de Belas;Mário Quintana;50;50;0;0;50;0
6355;0;Praia de Belas;Navegantes;100;50;25;10;50;50
6356;0;Praia de Belas;Nonoai;100;0;62;23;0;100
6357;0;Praia de Belas;Parque Santa Fé;50;0;0;0;50;0
6358;0;Praia de Belas;Partenon;250;0;115;42;50;200
6359;0;Praia de Belas;Passo D'Areia;50;50;0;0;50;0
6360;0;Praia de Belas;Passo das Pedras;50;0;29;14;0;50
6361;0;Praia de Belas;Pedra Redonda;0;0;0;0;0;0
6362;0;Praia de Belas;Petrópolis;300;50;76;33;150;150
6363;0;Praia de Belas;Pitinga;0;0;0;0;0;0
6364;0;Praia de Belas;Ponta Grossa;0;0;0;0;0;0
6365;0;Praia de Belas;Praia de Belas;200;100;50;22;100;100
6366;0;Praia de Belas;Restinga;0;0;0;0;0;0
6367;0;Praia de Belas;Rio Branco;150;0;33;12;100;50
6368;0;Praia de Belas;Rubem Berta;50;0;25;13;0;50
6369;0;Praia de Belas;Santa Cecília;50;0;0;0;50;0
6370;0;Praia de Belas;Santa Maria Goretti;0;0;0;0;0;0
6371;0;Praia de Belas;Santa Rosa de Lima;100;50;26;8;50;50
6372;0;Praia de Belas;Santa Tereza;950;350;208;64;600;350
6373;0;Praia de Belas;Santana;450;0;218;106;100;350
6374;0;Praia de Belas;Santo Antônio;150;50;57;27;50;100
6375;0;Praia de Belas;Sarandi;50;0;24;13;0;50
6376;0;Praia de Belas;Serraria;0;0;0;0;0;0
6377;0;Praia de Belas;São Caetano;0;0;0;0;0;0
6378;0;Praia de Belas;São Geraldo;150;0;31;8;100;50
6379;0;Praia de Belas;São José;0;0;0;0;0;0
6380;0;Praia de Belas;São João;50;0;0;0;50;0
6381;0;Praia de Belas;São Sebastião;100;100;0;0;100;0
6382;0;Praia de Belas;Sétimo Céu;0;0;0;0;0;0
6383;0;Praia de Belas;Teresópolis;150;0;86;21;0;150
6384;0;Praia de Belas;Tristeza;100;50;37;11;50;50
6385;0;Praia de Belas;Três Figueiras;50;0;33;7;0;50
6386;0;Praia de Belas;Vila Assunção;100;50;24;13;50;50
6387;0;Praia de Belas;Vila Conceição;0;0;0;0;0;0
6388;0;Praia de Belas;Vila Ipiranga;200;50;55;18;100;100
6389;0;Praia de Belas;Vila Jardim;100;0;30;6;50;50
6390;0;Praia de Belas;Vila João Pessoa;100;0;31;9;50;50
6391;0;Praia de Belas;Vila Nova;50;0;0;0;50;0
6392;0;Restinga;Aberta dos Morros;2250;800;610;168;1150;1100
6393;0;Restinga;Agronomia;200;50;84;23;50;150
6394;0;Restinga;Anchieta;50;50;0;0;50;0
6395;0;Restinga;Arquipélago;300;50;121;32;100;200
6396;0;Restinga;Auxiliadora;100;0;30;6;50;50
6397;0;Restinga;Azenha;50;0;26;12;0;50
6398;0;Restinga;Bela Vista;50;0;0;0;50;0
6399;0;Restinga;Belém Novo;550;200;147;39;300;250
6400;0;Restinga;Belém Velho;1550;200;679;144;450;1100
6401;0;Restinga;Boa Vista;100;50;29;13;50;50
6402;0;Restinga;Boa Vista do Sul;100;0;59;19;0;100
6403;0;Restinga;Bom Fim;100;0;33;5;50;50
6404;0;Restinga;Bom Jesus;150;50;64;14;50;100
6405;0;Restinga;Camaquã;300;50;143;33;50;250
6406;0;Restinga;Campo Novo;950;350;227;55;600;350
6407;0;Restinga;Cascata;550;200;145;41;300;250
6408;0;Restinga;Cavalhada;400;50;149;39;150;250
6409;0;Restinga;Cel. Aparício Borges;200;50;81;29;50;150
6410;0;Restinga;Centro Histórico;300;50;142;36;150;150
6411;0;Restinga;Chapéu do Sol;3850;150;2046;542;300;3550
6412;0;Restinga;Chácara das Pedras;100;50;25;8;50;50
6413;0;Restinga;Cidade Baixa;100;0;0;0;100;0
6414;0;Restinga;Costa e Silva;200;100;62;9;100;100
6415;0;Restinga;Cristal;50;0;30;7;0;50
6416;0;Restinga;Cristo Redentor;300;50;143;73;50;250
6417;0;Restinga;Espírito Santo;850;250;166;51;550;300
6418;0;Restinga;Extrema;200;0;123;25;0;200
6419;0;Restinga;Farrapos;300;50;144;38;50;250
6420;0;Restinga;Farroupilha;100;0;57;20;0;100
6421;0;Restinga;Floresta;100;0;68;23;0;100
6422;0;Restinga;Glória;500;50;244;74;50;450
6423;0;Restinga;Guarujá;1000;200;428;119;250;750
6424;0;Restinga;Higienópolis;50;0;0;0;50;0
6425;0;Restinga;Humaitá;400;50;154;40;150;250
6426;0;Restinga;Hípica;1450;300;530;140;550;900
6427;0;Restinga;Independência;50;0;50;0;50;0
6428;0;Restinga;Ipanema;700;100;277;61;250;450
6429;0;Restinga;Jardim Botânico;500;50;173;55;200;300
6430;0;Restinga;Jardim Carvalho;250;0;107;41;50;200
6431;0;Restinga;Jardim Europa;100;0;29;6;50;50
6432;0;Restinga;Jardim Floresta;250;0;106;31;50;200
6433;0;Restinga;Jardim Isabel;50;50;0;0;50;0
6434;0;Restinga;Jardim Itú;200;50;59;20;100;100
6435;0;Restinga;Jardim Leopoldina;200;0;114;24;0;200
6436;0;Restinga;Jardim Lindóia;100;50;29;7;50;50
6437;0;Restinga;Jardim Sabará;100;50;26;9;50;50
6438;0;Restinga;Jardim São Pedro;50;0;29;10;0;50
6439;0;Restinga;Jardim do Salso;150;0;92;21;0;150
6440;0;Restinga;Lageado;1200;150;474;102;500;700
6441;0;Restinga;Lami;200;0;75;35;50;150
6442;0;Restinga;Lomba do Pinheiro;1300;250;501;129;450;850
6443;0;Restinga;Medianeira;50;0;28;7;0;50
6444;0;Restinga;Menino Deus;300;100;81;36;150;150
6445;0;Restinga;Moinhos de Vento;50;50;0;0;50;0
6446;0;Restinga;Mont'Serrat;50;50;0;0;50;0
6447;0;Restinga;Morro Santana;100;0;49;16;0;100
6448;0;Restinga;Mário Quintana;150;50;57;13;50;100
6449;0;Restinga;Navegantes;100;50;27;12;50;50
6450;0;Restinga;Nonoai;200;0;120;26;0;200
6451;0;Restinga;Parque Santa Fé;350;50;107;34;150;200
6452;0;Restinga;Partenon;450;0;166;58;150;300
6453;0;Restinga;Passo D'Areia;250;0;45;27;150;100
6454;0;Restinga;Passo das Pedras;100;50;35;10;50;50
6455;0;Restinga;Pedra Redonda;250;0;83;21;100;150
6456;0;Restinga;Petrópolis;300;50;121;41;100;200
6457;0;Restinga;Pitinga;1900;150;967;248;300;1600
6458;0;Restinga;Ponta Grossa;150;0;77;23;0;150
6459;0;Restinga;Praia de Belas;0;0;0;0;0;0
6460;0;Restinga;Restinga;22900;600;12658;3408;1000;21900
6461;0;Restinga;Rio Branco;50;0;0;0;50;0
6462;0;Restinga;Rubem Berta;300;50;133;67;50;250
6463;0;Restinga;Santa Cecília;100;0;61;17;0;100
6464;0;Restinga;Santa Maria Goretti;100;0;24;6;50;50
6465;0;Restinga;Santa Rosa de Lima;350;50;143;20;150;200
6466;0;Restinga;Santa Tereza;100;50;25;11;50;50
6467;0;Restinga;Santana;200;50;76;6;150;50
6468;0;Restinga;Santo Antônio;50;50;0;0;50;0
6469;0;Restinga;Sarandi;100;50;26;11;50;50
6470;0;Restinga;Serraria;500;100;222;69;100;400
6471;0;Restinga;São Caetano;100;50;37;5;50;50
6472;0;Restinga;São Geraldo;0;0;0;0;0;0
6473;0;Restinga;São José;400;50;169;41;100;300
6474;0;Restinga;São João;50;0;32;2;0;50
6475;0;Restinga;São Sebastião;0;0;0;0;0;0
6476;0;Restinga;Sétimo Céu;250;50;82;23;100;150
6477;0;Restinga;Teresópolis;550;50;304;82;50;500
6478;0;Restinga;Tristeza;150;0;52;29;50;100
6479;0;Restinga;Três Figueiras;0;0;0;0;0;0
6480;0;Restinga;Vila Assunção;50;0;31;8;0;50
6481;0;Restinga;Vila Conceição;50;0;27;8;0;50
6482;0;Restinga;Vila Ipiranga;200;0;77;37;50;150
6483;0;Restinga;Vila Jardim;250;100;22;15;200;50
6484;0;Restinga;Vila João Pessoa;250;50;83;26;100;150
6485;0;Restinga;Vila Nova;1400;300;328;80;900;500
6486;0;Rio Branco;Aberta dos Morros;150;0;26;13;100;50
6487;0;Rio Branco;Agronomia;250;0;79;31;100;150
6488;0;Rio Branco;Anchieta;50;0;20;11;0;50
6489;0;Rio Branco;Arquipélago;50;0;26;9;0;50
6490;0;Rio Branco;Auxiliadora;550;150;53;34;450;100
6491;0;Rio Branco;Azenha;550;50;214;69;250;300
6492;0;Rio Branco;Bela Vista;4350;900;944;415;2850;1500
6493;0;Rio Branco;Belém Novo;50;0;24;23;0;50
6494;0;Rio Branco;Belém Velho;50;0;25;9;0;50
6495;0;Rio Branco;Boa Vista;400;0;179;108;50;350
6496;0;Rio Branco;Boa Vista do Sul;150;0;28;11;100;50
6497;0;Rio Branco;Bom Fim;2750;150;1146;658;450;2300
6498;0;Rio Branco;Bom Jesus;400;0;168;76;100;300
6499;0;Rio Branco;Camaquã;50;0;27;8;0;50
6500;0;Rio Branco;Campo Novo;50;0;30;14;0;50
6501;0;Rio Branco;Cascata;50;0;20;13;0;50
6502;0;Rio Branco;Cavalhada;0;0;0;0;0;0
6503;0;Rio Branco;Cel. Aparício Borges;100;50;28;5;50;50
6504;0;Rio Branco;Centro Histórico;1450;50;613;313;250;1200
6505;0;Rio Branco;Chapéu do Sol;250;100;85;45;100;150
6506;0;Rio Branco;Chácara das Pedras;250;50;87;46;100;150
6507;0;Rio Branco;Cidade Baixa;550;50;276;102;150;400
6508;0;Rio Branco;Costa e Silva;50;0;28;11;0;50
6509;0;Rio Branco;Cristal;150;0;28;8;100;50
6510;0;Rio Branco;Cristo Redentor;150;0;87;36;0;150
6511;0;Rio Branco;Espírito Santo;100;0;47;38;0;100
6512;0;Rio Branco;Extrema;50;0;28;11;0;50
6513;0;Rio Branco;Farrapos;50;0;29;4;0;50
6514;0;Rio Branco;Farroupilha;400;100;104;58;200;200
6515;0;Rio Branco;Floresta;850;100;305;145;300;550
6516;0;Rio Branco;Glória;250;200;0;0;250;0
6517;0;Rio Branco;Guarujá;50;0;33;16;0;50
6518;0;Rio Branco;Higienópolis;150;0;102;23;50;100
6519;0;Rio Branco;Humaitá;50;0;28;21;0;50
6520;0;Rio Branco;Hípica;100;50;25;8;50;50
6521;0;Rio Branco;Independência;1400;250;427;265;500;900
6522;0;Rio Branco;Ipanema;50;0;23;12;0;50
6523;0;Rio Branco;Jardim Botânico;500;50;249;84;200;300
6524;0;Rio Branco;Jardim Carvalho;150;0;105;24;50;100
6525;0;Rio Branco;Jardim Europa;250;50;85;46;100;150
6526;0;Rio Branco;Jardim Floresta;150;0;75;40;0;150
6527;0;Rio Branco;Jardim Isabel;0;0;0;0;0;0
6528;0;Rio Branco;Jardim Itú;200;50;28;22;150;50
6529;0;Rio Branco;Jardim Leopoldina;100;0;65;15;0;100
6530;0;Rio Branco;Jardim Lindóia;150;0;55;30;50;100
6531;0;Rio Branco;Jardim Sabará;100;50;33;14;50;50
6532;0;Rio Branco;Jardim São Pedro;300;100;111;51;100;200
6533;0;Rio Branco;Jardim do Salso;200;0;102;59;0;200
6534;0;Rio Branco;Lageado;0;0;0;0;0;0
6535;0;Rio Branco;Lami;0;0;0;0;0;0
6536;0;Rio Branco;Lomba do Pinheiro;150;0;59;16;50;100
6537;0;Rio Branco;Medianeira;250;0;129;68;0;250
6538;0;Rio Branco;Menino Deus;950;100;222;152;500;450
6539;0;Rio Branco;Moinhos de Vento;2700;400;966;631;1100;1600
6540;0;Rio Branco;Mont'Serrat;400;50;150;81;150;250
6541;0;Rio Branco;Morro Santana;100;0;53;18;0;100
6542;0;Rio Branco;Mário Quintana;200;50;62;8;100;100
6543;0;Rio Branco;Navegantes;100;0;25;19;50;50
6544;0;Rio Branco;Nonoai;100;0;57;19;0;100
6545;0;Rio Branco;Parque Santa Fé;50;0;28;17;0;50
6546;0;Rio Branco;Partenon;350;0;176;69;50;300
6547;0;Rio Branco;Passo D'Areia;350;50;103;70;150;200
6548;0;Rio Branco;Passo das Pedras;0;0;0;0;0;0
6549;0;Rio Branco;Pedra Redonda;150;0;95;38;0;150
6550;0;Rio Branco;Petrópolis;2850;150;1289;625;600;2250
6551;0;Rio Branco;Pitinga;0;0;0;0;0;0
6552;0;Rio Branco;Ponta Grossa;100;0;27;13;50;50
6553;0;Rio Branco;Praia de Belas;150;0;33;12;100;50
6554;0;Rio Branco;Restinga;50;0;0;0;50;0
6555;0;Rio Branco;Rio Branco;1100;100;536;258;200;900
6556;0;Rio Branco;Rubem Berta;150;50;25;18;100;50
6557;0;Rio Branco;Santa Cecília;2000;100;1009;504;250;1750
6558;0;Rio Branco;Santa Maria Goretti;150;50;57;31;50;100
6559;0;Rio Branco;Santa Rosa de Lima;100;0;63;16;0;100
6560;0;Rio Branco;Santa Tereza;500;50;252;98;50;450
6561;0;Rio Branco;Santana;350;100;148;64;100;250
6562;0;Rio Branco;Santo Antônio;600;150;107;52;400;200
6563;0;Rio Branco;Sarandi;350;0;166;91;50;300
6564;0;Rio Branco;Serraria;0;0;0;0;0;0
6565;0;Rio Branco;São Caetano;50;0;25;14;0;50
6566;0;Rio Branco;São Geraldo;200;0;75;39;50;150
6567;0;Rio Branco;São José;100;50;38;5;50;50
6568;0;Rio Branco;São João;350;50;128;78;100;250
6569;0;Rio Branco;São Sebastião;0;0;0;0;0;0
6570;0;Rio Branco;Sétimo Céu;100;0;51;32;0;100
6571;0;Rio Branco;Teresópolis;150;50;68;26;50;100
6572;0;Rio Branco;Tristeza;50;0;0;0;50;0
6573;0;Rio Branco;Três Figueiras;50;0;24;14;0;50
6574;0;Rio Branco;Vila Assunção;100;0;51;30;0;100
6575;0;Rio Branco;Vila Conceição;100;0;45;30;0;100
6576;0;Rio Branco;Vila Ipiranga;400;50;160;91;100;300
6577;0;Rio Branco;Vila Jardim;250;50;97;43;100;150
6578;0;Rio Branco;Vila João Pessoa;150;0;31;9;100;50
6579;0;Rio Branco;Vila Nova;100;50;34;9;50;50
6580;0;Rubem Berta;Aberta dos Morros;0;0;0;0;0;0
6581;0;Rubem Berta;Agronomia;50;0;19;26;0;50
6582;0;Rubem Berta;Anchieta;50;0;19;22;0;50
6583;0;Rubem Berta;Arquipélago;0;0;0;0;0;0
6584;0;Rubem Berta;Auxiliadora;50;50;0;0;50;0
6585;0;Rubem Berta;Azenha;400;100;149;66;200;200
6586;0;Rubem Berta;Bela Vista;100;0;23;16;50;50
6587;0;Rubem Berta;Belém Novo;50;0;22;25;0;50
6588;0;Rubem Berta;Belém Velho;150;0;74;32;0;150
6589;0;Rubem Berta;Boa Vista;100;0;23;18;50;50
6590;0;Rubem Berta;Boa Vista do Sul;200;0;104;68;0;200
6591;0;Rubem Berta;Bom Fim;300;50;69;62;150;150
6592;0;Rubem Berta;Bom Jesus;100;50;25;20;50;50
6593;0;Rubem Berta;Camaquã;50;50;0;0;50;0
6594;0;Rubem Berta;Campo Novo;150;0;50;41;50;100
6595;0;Rubem Berta;Cascata;100;50;31;6;50;50
6596;0;Rubem Berta;Cavalhada;100;0;43;36;0;100
6597;0;Rubem Berta;Cel. Aparício Borges;0;0;0;0;0;0
6598;0;Rubem Berta;Centro Histórico;0;0;0;0;0;0
6599;0;Rubem Berta;Chapéu do Sol;100;0;51;41;0;100
6600;0;Rubem Berta;Chácara das Pedras;0;0;0;0;0;0
6601;0;Rubem Berta;Cidade Baixa;200;0;44;39;100;100
6602;0;Rubem Berta;Costa e Silva;2750;650;910;463;1200;1550
6603;0;Rubem Berta;Cristal;250;50;85;35;100;150
6604;0;Rubem Berta;Cristo Redentor;200;100;44;44;100;100
6605;0;Rubem Berta;Espírito Santo;0;0;0;0;0;0
6606;0;Rubem Berta;Extrema;0;0;0;0;0;0
6607;0;Rubem Berta;Farrapos;50;0;34;4;0;50
6608;0;Rubem Berta;Farroupilha;100;0;0;0;100;0
6609;0;Rubem Berta;Floresta;350;0;177;83;100;250
6610;0;Rubem Berta;Glória;50;50;0;0;50;0
6611;0;Rubem Berta;Guarujá;0;0;0;0;0;0
6612;0;Rubem Berta;Higienópolis;50;50;0;0;50;0
6613;0;Rubem Berta;Humaitá;100;0;57;20;0;100
6614;0;Rubem Berta;Hípica;200;50;17;21;150;50
6615;0;Rubem Berta;Independência;50;0;31;16;0;50
6616;0;Rubem Berta;Ipanema;0;0;0;0;0;0
6617;0;Rubem Berta;Jardim Botânico;100;50;0;0;100;0
6618;0;Rubem Berta;Jardim Carvalho;300;0;121;84;50;250
6619;0;Rubem Berta;Jardim Europa;100;50;23;21;50;50
6620;0;Rubem Berta;Jardim Floresta;100;50;29;18;50;50
6621;0;Rubem Berta;Jardim Isabel;0;0;0;0;0;0
6622;0;Rubem Berta;Jardim Itú;850;350;185;145;450;400
6623;0;Rubem Berta;Jardim Leopoldina;3150;1000;727;410;1850;1300
6624;0;Rubem Berta;Jardim Lindóia;300;100;22;21;250;50
6625;0;Rubem Berta;Jardim Sabará;650;150;151;115;350;300
6626;0;Rubem Berta;Jardim São Pedro;150;50;40;43;50;100
6627;0;Rubem Berta;Jardim do Salso;50;0;27;13;0;50
6628;0;Rubem Berta;Lageado;250;250;0;0;250;0
6629;0;Rubem Berta;Lami;250;100;80;57;100;150
6630;0;Rubem Berta;Lomba do Pinheiro;200;0;106;36;0;200
6631;0;Rubem Berta;Medianeira;50;0;30;18;0;50
6632;0;Rubem Berta;Menino Deus;300;50;84;38;150;150
6633;0;Rubem Berta;Moinhos de Vento;100;0;48;36;0;100
6634;0;Rubem Berta;Mont'Serrat;300;50;98;60;100;200
6635;0;Rubem Berta;Morro Santana;1450;200;605;431;300;1150
6636;0;Rubem Berta;Mário Quintana;6250;550;2696;1133;1350;4900
6637;0;Rubem Berta;Navegantes;50;50;0;0;50;0
6638;0;Rubem Berta;Nonoai;200;50;87;38;50;150
6639;0;Rubem Berta;Parque Santa Fé;2450;500;926;544;850;1600
6640;0;Rubem Berta;Partenon;250;0;142;73;0;250
6641;0;Rubem Berta;Passo D'Areia;200;0;44;37;100;100
6642;0;Rubem Berta;Passo das Pedras;1400;300;522;384;350;1050
6643;0;Rubem Berta;Pedra Redonda;100;50;19;20;50;50
6644;0;Rubem Berta;Petrópolis;100;50;26;14;50;50
6645;0;Rubem Berta;Pitinga;50;0;35;5;0;50
6646;0;Rubem Berta;Ponta Grossa;100;0;49;10;0;100
6647;0;Rubem Berta;Praia de Belas;50;0;25;13;0;50
6648;0;Rubem Berta;Restinga;300;50;133;67;50;250
6649;0;Rubem Berta;Rio Branco;150;50;25;18;100;50
6650;0;Rubem Berta;Rubem Berta;23700;2900;9518;7262;4900;18800
6651;0;Rubem Berta;Santa Cecília;0;0;0;0;0;0
6652;0;Rubem Berta;Santa Maria Goretti;450;0;235;143;0;450
6653;0;Rubem Berta;Santa Rosa de Lima;4600;1600;794;234;3550;1050
6654;0;Rubem Berta;Santa Tereza;400;150;78;46;250;150
6655;0;Rubem Berta;Santana;150;50;49;33;50;100
6656;0;Rubem Berta;Santo Antônio;250;0;121;51;50;200
6657;0;Rubem Berta;Sarandi;900;50;354;262;150;750
6658;0;Rubem Berta;Serraria;100;0;22;15;50;50
6659;0;Rubem Berta;São Caetano;0;0;0;0;0;0
6660;0;Rubem Berta;São Geraldo;50;0;33;15;0;50
6661;0;Rubem Berta;São José;200;50;110;26;100;100
6662;0;Rubem Berta;São João;50;0;28;10;0;50
6663;0;Rubem Berta;São Sebastião;300;100;86;42;150;150
6664;0;Rubem Berta;Sétimo Céu;50;0;21;23;0;50
6665;0;Rubem Berta;Teresópolis;150;0;88;36;0;150
6666;0;Rubem Berta;Tristeza;100;0;44;34;0;100
6667;0;Rubem Berta;Três Figueiras;300;50;74;41;150;150
6668;0;Rubem Berta;Vila Assunção;50;50;0;0;50;0
6669;0;Rubem Berta;Vila Conceição;50;0;25;18;0;50
6670;0;Rubem Berta;Vila Ipiranga;350;50;116;100;100;250
6671;0;Rubem Berta;Vila Jardim;50;50;0;0;50;0
6672;0;Rubem Berta;Vila João Pessoa;50;0;25;19;0;50
6673;0;Rubem Berta;Vila Nova;250;0;76;38;100;150
6674;0;Santa Cecília;Aberta dos Morros;0;0;0;0;0;0
6675;0;Santa Cecília;Agronomia;0;0;0;0;0;0
6676;0;Santa Cecília;Anchieta;50;0;30;15;0;50
6677;0;Santa Cecília;Arquipélago;50;50;0;0;50;0
6678;0;Santa Cecília;Auxiliadora;50;0;25;12;0;50
6679;0;Santa Cecília;Azenha;400;50;118;52;200;200
6680;0;Santa Cecília;Bela Vista;1600;50;893;365;100;1500
6681;0;Santa Cecília;Belém Novo;50;0;23;16;0;50
6682;0;Santa Cecília;Belém Velho;250;50;111;51;50;200
6683;0;Santa Cecília;Boa Vista;300;0;137;71;50;250
6684;0;Santa Cecília;Boa Vista do Sul;50;50;0;0;50;0
6685;0;Santa Cecília;Bom Fim;600;100;95;58;400;200
6686;0;Santa Cecília;Bom Jesus;150;100;27;7;100;50
6687;0;Santa Cecília;Camaquã;150;50;57;19;50;100
6688;0;Santa Cecília;Campo Novo;100;0;54;27;0;100
6689;0;Santa Cecília;Cascata;350;50;177;57;50;300
6690;0;Santa Cecília;Cavalhada;150;0;60;24;50;100
6691;0;Santa Cecília;Cel. Aparício Borges;300;0;166;52;0;300
6692;0;Santa Cecília;Centro Histórico;450;50;24;18;400;50
6693;0;Santa Cecília;Chapéu do Sol;0;0;0;0;0;0
6694;0;Santa Cecília;Chácara das Pedras;100;0;25;14;50;50
6695;0;Santa Cecília;Cidade Baixa;150;0;94;29;0;150
6696;0;Santa Cecília;Costa e Silva;0;0;0;0;0;0
6697;0;Santa Cecília;Cristal;300;50;86;28;150;150
6698;0;Santa Cecília;Cristo Redentor;50;0;0;0;50;0
6699;0;Santa Cecília;Espírito Santo;0;0;0;0;0;0
6700;0;Santa Cecília;Extrema;0;0;0;0;0;0
6701;0;Santa Cecília;Farrapos;150;50;30;10;100;50
6702;0;Santa Cecília;Farroupilha;400;50;178;90;100;300
6703;0;Santa Cecília;Floresta;150;50;30;14;100;50
6704;0;Santa Cecília;Glória;150;50;48;27;50;100
6705;0;Santa Cecília;Guarujá;50;0;36;5;0;50
6706;0;Santa Cecília;Higienópolis;50;0;29;20;0;50
6707;0;Santa Cecília;Humaitá;100;0;63;19;0;100
6708;0;Santa Cecília;Hípica;200;0;62;25;100;100
6709;0;Santa Cecília;Independência;500;150;70;38;350;150
6710;0;Santa Cecília;Ipanema;0;0;0;0;0;0
6711;0;Santa Cecília;Jardim Botânico;450;100;107;58;250;200
6712;0;Santa Cecília;Jardim Carvalho;300;50;139;53;50;250
6713;0;Santa Cecília;Jardim Europa;100;0;0;0;100;0
6714;0;Santa Cecília;Jardim Floresta;100;0;51;35;0;100
6715;0;Santa Cecília;Jardim Isabel;0;0;0;0;0;0
6716;0;Santa Cecília;Jardim Itú;50;0;29;15;0;50
6717;0;Santa Cecília;Jardim Leopoldina;0;0;0;0;0;0
6718;0;Santa Cecília;Jardim Lindóia;100;0;74;13;50;50
6719;0;Santa Cecília;Jardim Sabará;50;0;23;17;0;50
6720;0;Santa Cecília;Jardim São Pedro;0;0;0;0;0;0
6721;0;Santa Cecília;Jardim do Salso;50;0;30;17;0;50
6722;0;Santa Cecília;Lageado;100;0;55;27;0;100
6723;0;Santa Cecília;Lami;50;0;0;0;50;0
6724;0;Santa Cecília;Lomba do Pinheiro;50;0;26;9;0;50
6725;0;Santa Cecília;Medianeira;300;100;106;52;100;200
6726;0;Santa Cecília;Menino Deus;750;50;259;156;250;500
6727;0;Santa Cecília;Moinhos de Vento;400;50;187;73;150;250
6728;0;Santa Cecília;Mont'Serrat;100;0;52;24;0;100
6729;0;Santa Cecília;Morro Santana;100;0;51;28;0;100
6730;0;Santa Cecília;Mário Quintana;100;0;66;19;0;100
6731;0;Santa Cecília;Navegantes;50;0;0;0;50;0
6732;0;Santa Cecília;Nonoai;200;50;84;41;50;150
6733;0;Santa Cecília;Parque Santa Fé;0;0;0;0;0;0
6734;0;Santa Cecília;Partenon;1450;250;679;244;300;1150
6735;0;Santa Cecília;Passo D'Areia;300;0;119;47;100;200
6736;0;Santa Cecília;Passo das Pedras;0;0;0;0;0;0
6737;0;Santa Cecília;Pedra Redonda;0;0;0;0;0;0
6738;0;Santa Cecília;Petrópolis;700;50;328;158;100;600
6739;0;Santa Cecília;Pitinga;0;0;0;0;0;0
6740;0;Santa Cecília;Ponta Grossa;0;0;0;0;0;0
6741;0;Santa Cecília;Praia de Belas;50;0;0;0;50;0
6742;0;Santa Cecília;Restinga;100;0;61;17;0;100
6743;0;Santa Cecília;Rio Branco;2000;100;1009;504;250;1750
6744;0;Santa Cecília;Rubem Berta;0;0;0;0;0;0
6745;0;Santa Cecília;Santa Cecília;2488;1400;134;56;2288;200
6746;0;Santa Cecília;Santa Maria Goretti;50;0;18;18;0;50
6747;0;Santa Cecília;Santa Rosa de Lima;200;50;40;5;150;50
6748;0;Santa Cecília;Santa Tereza;550;150;189;23;400;150
6749;0;Santa Cecília;Santana;550;150;121;53;350;200
6750;0;Santa Cecília;Santo Antônio;500;100;232;94;100;400
6751;0;Santa Cecília;Sarandi;100;0;31;15;50;50
6752;0;Santa Cecília;Serraria;0;0;0;0;0;0
6753;0;Santa Cecília;São Caetano;0;0;0;0;0;0
6754;0;Santa Cecília;São Geraldo;150;50;26;20;100;50
6755;0;Santa Cecília;São José;0;0;0;0;0;0
6756;0;Santa Cecília;São João;100;0;30;10;50;50
6757;0;Santa Cecília;São Sebastião;0;0;0;0;0;0
6758;0;Santa Cecília;Sétimo Céu;0;0;0;0;0;0
6759;0;Santa Cecília;Teresópolis;100;0;30;14;50;50
6760;0;Santa Cecília;Tristeza;0;0;0;0;0;0
6761;0;Santa Cecília;Três Figueiras;0;0;0;0;0;0
6762;0;Santa Cecília;Vila Assunção;0;0;0;0;0;0
6763;0;Santa Cecília;Vila Conceição;0;0;0;0;0;0
6764;0;Santa Cecília;Vila Ipiranga;350;100;112;49;150;200
6765;0;Santa Cecília;Vila Jardim;50;0;33;11;0;50
6766;0;Santa Cecília;Vila João Pessoa;100;0;60;23;0;100
6767;0;Santa Cecília;Vila Nova;100;50;23;8;50;50
6768;0;Santa Maria Goretti;Aberta dos Morros;100;50;39;2;50;50
6769;0;Santa Maria Goretti;Agronomia;50;0;37;2;0;50
6770;0;Santa Maria Goretti;Anchieta;450;200;91;10;300;150
6771;0;Santa Maria Goretti;Arquipélago;50;0;31;1;0;50
6772;0;Santa Maria Goretti;Auxiliadora;100;0;65;2;0;100
6773;0;Santa Maria Goretti;Azenha;200;50;60;15;100;100
6774;0;Santa Maria Goretti;Bela Vista;150;0;67;3;50;100
6775;0;Santa Maria Goretti;Belém Novo;0;0;0;0;0;0
6776;0;Santa Maria Goretti;Belém Velho;0;0;0;0;0;0
6777;0;Santa Maria Goretti;Boa Vista;750;0;395;92;200;550
6778;0;Santa Maria Goretti;Boa Vista do Sul;0;0;0;0;0;0
6779;0;Santa Maria Goretti;Bom Fim;50;0;21;16;0;50
6780;0;Santa Maria Goretti;Bom Jesus;150;0;55;18;50;100
6781;0;Santa Maria Goretti;Camaquã;0;0;0;0;0;0
6782;0;Santa Maria Goretti;Campo Novo;100;0;82;5;50;50
6783;0;Santa Maria Goretti;Cascata;50;0;37;2;0;50
6784;0;Santa Maria Goretti;Cavalhada;0;0;0;0;0;0
6785;0;Santa Maria Goretti;Cel. Aparício Borges;100;0;71;7;0;100
6786;0;Santa Maria Goretti;Centro Histórico;200;100;49;31;100;100
6787;0;Santa Maria Goretti;Chapéu do Sol;0;0;0;0;0;0
6788;0;Santa Maria Goretti;Chácara das Pedras;0;0;0;0;0;0
6789;0;Santa Maria Goretti;Cidade Baixa;100;0;56;24;0;100
6790;0;Santa Maria Goretti;Costa e Silva;50;0;39;7;0;50
6791;0;Santa Maria Goretti;Cristal;0;0;0;0;0;0
6792;0;Santa Maria Goretti;Cristo Redentor;1700;100;889;333;200;1500
6793;0;Santa Maria Goretti;Espírito Santo;0;0;0;0;0;0
6794;0;Santa Maria Goretti;Extrema;0;0;0;0;0;0
6795;0;Santa Maria Goretti;Farrapos;1000;400;134;19;800;200
6796;0;Santa Maria Goretti;Farroupilha;50;0;38;2;0;50
6797;0;Santa Maria Goretti;Floresta;150;50;29;12;100;50
6798;0;Santa Maria Goretti;Glória;50;0;27;9;0;50
6799;0;Santa Maria Goretti;Guarujá;100;0;63;16;0;100
6800;0;Santa Maria Goretti;Higienópolis;1050;300;328;100;500;550
6801;0;Santa Maria Goretti;Humaitá;350;150;37;8;300;50
6802;0;Santa Maria Goretti;Hípica;0;0;0;0;0;0
6803;0;Santa Maria Goretti;Independência;100;0;34;3;50;50
6804;0;Santa Maria Goretti;Ipanema;0;0;0;0;0;0
6805;0;Santa Maria Goretti;Jardim Botânico;150;50;56;19;50;100
6806;0;Santa Maria Goretti;Jardim Carvalho;100;0;0;0;100;0
6807;0;Santa Maria Goretti;Jardim Europa;100;0;73;14;0;100
6808;0;Santa Maria Goretti;Jardim Floresta;100;50;27;12;50;50
6809;0;Santa Maria Goretti;Jardim Isabel;0;0;0;0;0;0
6810;0;Santa Maria Goretti;Jardim Itú;400;0;237;84;0;400
6811;0;Santa Maria Goretti;Jardim Leopoldina;0;0;0;0;0;0
6812;0;Santa Maria Goretti;Jardim Lindóia;100;0;69;5;0;100
6813;0;Santa Maria Goretti;Jardim Sabará;200;50;68;19;100;100
6814;0;Santa Maria Goretti;Jardim São Pedro;1500;100;751;366;150;1350
6815;0;Santa Maria Goretti;Jardim do Salso;50;0;0;0;50;0
6816;0;Santa Maria Goretti;Lageado;0;0;0;0;0;0
6817;0;Santa Maria Goretti;Lami;0;0;0;0;0;0
6818;0;Santa Maria Goretti;Lomba do Pinheiro;0;0;0;0;0;0
6819;0;Santa Maria Goretti;Medianeira;0;0;0;0;0;0
6820;0;Santa Maria Goretti;Menino Deus;300;0;44;29;200;100
6821;0;Santa Maria Goretti;Moinhos de Vento;150;100;0;0;150;0
6822;0;Santa Maria Goretti;Mont'Serrat;150;0;101;8;0;150
6823;0;Santa Maria Goretti;Morro Santana;200;0;105;43;0;200
6824;0;Santa Maria Goretti;Mário Quintana;250;100;82;12;100;150
6825;0;Santa Maria Goretti;Navegantes;50;0;43;0;0;50
6826;0;Santa Maria Goretti;Nonoai;0;0;0;0;0;0
6827;0;Santa Maria Goretti;Parque Santa Fé;50;0;37;9;0;50
6828;0;Santa Maria Goretti;Partenon;250;0;86;26;100;150
6829;0;Santa Maria Goretti;Passo D'Areia;1600;150;495;463;300;1300
6830;0;Santa Maria Goretti;Passo das Pedras;100;100;0;0;100;0
6831;0;Santa Maria Goretti;Pedra Redonda;50;0;36;0;0;50
6832;0;Santa Maria Goretti;Petrópolis;450;0;206;90;100;350
6833;0;Santa Maria Goretti;Pitinga;50;0;35;1;0;50
6834;0;Santa Maria Goretti;Ponta Grossa;50;50;0;0;50;0
6835;0;Santa Maria Goretti;Praia de Belas;0;0;0;0;0;0
6836;0;Santa Maria Goretti;Restinga;100;0;24;6;50;50
6837;0;Santa Maria Goretti;Rio Branco;150;50;57;31;50;100
6838;0;Santa Maria Goretti;Rubem Berta;450;0;235;143;0;450
6839;0;Santa Maria Goretti;Santa Cecília;50;0;18;18;0;50
6840;0;Santa Maria Goretti;Santa Maria Goretti;1914;800;214;14;1614;300
6841;0;Santa Maria Goretti;Santa Rosa de Lima;300;100;125;31;100;200
6842;0;Santa Maria Goretti;Santa Tereza;100;50;25;11;50;50
6843;0;Santa Maria Goretti;Santana;250;0;62;18;150;100
6844;0;Santa Maria Goretti;Santo Antônio;0;0;0;0;0;0
6845;0;Santa Maria Goretti;Sarandi;250;0;113;53;50;200
6846;0;Santa Maria Goretti;Serraria;0;0;0;0;0;0
6847;0;Santa Maria Goretti;São Caetano;0;0;0;0;0;0
6848;0;Santa Maria Goretti;São Geraldo;50;50;0;0;50;0
6849;0;Santa Maria Goretti;São José;0;0;0;0;0;0
6850;0;Santa Maria Goretti;São João;500;150;52;27;400;100
6851;0;Santa Maria Goretti;São Sebastião;150;0;33;14;100;50
6852;0;Santa Maria Goretti;Sétimo Céu;0;0;0;0;0;0
6853;0;Santa Maria Goretti;Teresópolis;100;100;0;0;100;0
6854;0;Santa Maria Goretti;Tristeza;0;0;0;0;0;0
6855;0;Santa Maria Goretti;Três Figueiras;50;0;27;14;0;50
6856;0;Santa Maria Goretti;Vila Assunção;0;0;0;0;0;0
6857;0;Santa Maria Goretti;Vila Conceição;0;0;0;0;0;0
6858;0;Santa Maria Goretti;Vila Ipiranga;300;100;84;35;150;150
6859;0;Santa Maria Goretti;Vila Jardim;50;0;30;18;0;50
6860;0;Santa Maria Goretti;Vila João Pessoa;100;50;26;10;50;50
6861;0;Santa Maria Goretti;Vila Nova;150;50;53;16;50;100
6862;0;Santa Rosa de Lima;Aberta dos Morros;200;0;115;45;0;200
6863;0;Santa Rosa de Lima;Agronomia;200;0;124;37;0;200
6864;0;Santa Rosa de Lima;Anchieta;50;0;0;0;50;0
6865;0;Santa Rosa de Lima;Arquipélago;100;0;37;4;50;50
6866;0;Santa Rosa de Lima;Auxiliadora;100;0;59;16;0;100
6867;0;Santa Rosa de Lima;Azenha;150;0;90;40;0;150
6868;0;Santa Rosa de Lima;Bela Vista;100;0;0;0;100;0
6869;0;Santa Rosa de Lima;Belém Novo;250;100;28;10;200;50
6870;0;Santa Rosa de Lima;Belém Velho;350;50;144;50;100;250
6871;0;Santa Rosa de Lima;Boa Vista;200;50;77;37;50;150
6872;0;Santa Rosa de Lima;Boa Vista do Sul;200;50;88;23;50;150
6873;0;Santa Rosa de Lima;Bom Fim;0;0;0;0;0;0
6874;0;Santa Rosa de Lima;Bom Jesus;350;150;142;27;200;150
6875;0;Santa Rosa de Lima;Camaquã;150;0;53;18;50;100
6876;0;Santa Rosa de Lima;Campo Novo;50;0;0;0;50;0
6877;0;Santa Rosa de Lima;Cascata;150;50;84;3;100;50
6878;0;Santa Rosa de Lima;Cavalhada;250;0;139;46;0;250
6879;0;Santa Rosa de Lima;Cel. Aparício Borges;0;0;0;0;0;0
6880;0;Santa Rosa de Lima;Centro Histórico;50;0;27;12;0;50
6881;0;Santa Rosa de Lima;Chapéu do Sol;150;0;86;26;0;150
6882;0;Santa Rosa de Lima;Chácara das Pedras;150;50;66;17;50;100
6883;0;Santa Rosa de Lima;Cidade Baixa;0;0;0;0;0;0
6884;0;Santa Rosa de Lima;Costa e Silva;1700;400;611;152;800;900
6885;0;Santa Rosa de Lima;Cristal;0;0;0;0;0;0
6886;0;Santa Rosa de Lima;Cristo Redentor;250;0;140;37;100;150
6887;0;Santa Rosa de Lima;Espírito Santo;50;0;35;8;0;50
6888;0;Santa Rosa de Lima;Extrema;50;50;0;0;50;0
6889;0;Santa Rosa de Lima;Farrapos;100;0;49;17;0;100
6890;0;Santa Rosa de Lima;Farroupilha;100;50;23;13;50;50
6891;0;Santa Rosa de Lima;Floresta;0;0;0;0;0;0
6892;0;Santa Rosa de Lima;Glória;200;50;61;20;100;100
6893;0;Santa Rosa de Lima;Guarujá;50;50;0;0;50;0
6894;0;Santa Rosa de Lima;Higienópolis;50;0;25;5;0;50
6895;0;Santa Rosa de Lima;Humaitá;100;0;41;6;50;50
6896;0;Santa Rosa de Lima;Hípica;0;0;0;0;0;0
6897;0;Santa Rosa de Lima;Independência;50;0;0;0;50;0
6898;0;Santa Rosa de Lima;Ipanema;100;0;33;13;50;50
6899;0;Santa Rosa de Lima;Jardim Botânico;150;50;31;7;100;50
6900;0;Santa Rosa de Lima;Jardim Carvalho;150;0;84;30;0;150
6901;0;Santa Rosa de Lima;Jardim Europa;100;0;58;17;0;100
6902;0;Santa Rosa de Lima;Jardim Floresta;200;0;97;22;50;150
6903;0;Santa Rosa de Lima;Jardim Isabel;150;100;30;11;100;50
6904;0;Santa Rosa de Lima;Jardim Itú;500;100;232;73;100;400
6905;0;Santa Rosa de Lima;Jardim Leopoldina;2286;700;555;177;1386;900
6906;0;Santa Rosa de Lima;Jardim Lindóia;1200;100;656;196;150;1050
6907;0;Santa Rosa de Lima;Jardim Sabará;350;100;62;22;250;100
6908;0;Santa Rosa de Lima;Jardim São Pedro;150;50;0;0;150;0
6909;0;Santa Rosa de Lima;Jardim do Salso;0;0;0;0;0;0
6910;0;Santa Rosa de Lima;Lageado;100;0;31;8;50;50
6911;0;Santa Rosa de Lima;Lami;100;0;79;9;50;50
6912;0;Santa Rosa de Lima;Lomba do Pinheiro;100;50;0;0;100;0
6913;0;Santa Rosa de Lima;Medianeira;50;0;28;11;0;50
6914;0;Santa Rosa de Lima;Menino Deus;300;150;58;32;200;100
6915;0;Santa Rosa de Lima;Moinhos de Vento;150;50;53;14;50;100
6916;0;Santa Rosa de Lima;Mont'Serrat;250;50;87;32;100;150
6917;0;Santa Rosa de Lima;Morro Santana;250;50;69;17;150;100
6918;0;Santa Rosa de Lima;Mário Quintana;550;150;223;48;250;300
6919;0;Santa Rosa de Lima;Navegantes;100;0;33;8;50;50
6920;0;Santa Rosa de Lima;Nonoai;200;0;54;22;100;100
6921;0;Santa Rosa de Lima;Parque Santa Fé;7100;450;3764;1084;750;6350
6922;0;Santa Rosa de Lima;Partenon;450;50;243;87;50;400
6923;0;Santa Rosa de Lima;Passo D'Areia;850;100;386;121;200;650
6924;0;Santa Rosa de Lima;Passo das Pedras;1600;200;749;179;350;1250
6925;0;Santa Rosa de Lima;Pedra Redonda;150;50;27;9;100;50
6926;0;Santa Rosa de Lima;Petrópolis;200;0;82;27;50;150
6927;0;Santa Rosa de Lima;Pitinga;50;50;0;0;50;0
6928;0;Santa Rosa de Lima;Ponta Grossa;50;0;29;10;0;50
6929;0;Santa Rosa de Lima;Praia de Belas;100;50;26;8;50;50
6930;0;Santa Rosa de Lima;Restinga;350;50;143;20;150;200
6931;0;Santa Rosa de Lima;Rio Branco;100;0;63;16;0;100
6932;0;Santa Rosa de Lima;Rubem Berta;4600;1600;794;234;3550;1050
6933;0;Santa Rosa de Lima;Santa Cecília;200;50;40;5;150;50
6934;0;Santa Rosa de Lima;Santa Maria Goretti;300;100;125;31;100;200
6935;0;Santa Rosa de Lima;Santa Rosa de Lima;5200;800;2110;560;1600;3600
6936;0;Santa Rosa de Lima;Santa Tereza;300;50;100;30;150;150
6937;0;Santa Rosa de Lima;Santana;150;50;35;5;100;50
6938;0;Santa Rosa de Lima;Santo Antônio;200;0;81;25;50;150
6939;0;Santa Rosa de Lima;Sarandi;9050;750;3837;1751;2100;6950
6940;0;Santa Rosa de Lima;Serraria;350;0;110;33;150;200
6941;0;Santa Rosa de Lima;São Caetano;50;50;0;0;50;0
6942;0;Santa Rosa de Lima;São Geraldo;100;50;27;15;50;50
6943;0;Santa Rosa de Lima;São José;150;0;26;8;100;50
6944;0;Santa Rosa de Lima;São João;150;0;98;21;0;150
6945;0;Santa Rosa de Lima;São Sebastião;650;0;358;75;150;500
6946;0;Santa Rosa de Lima;Sétimo Céu;150;0;88;29;0;150
6947;0;Santa Rosa de Lima;Teresópolis;100;100;0;0;100;0
6948;0;Santa Rosa de Lima;Tristeza;100;0;53;42;0;100
6949;0;Santa Rosa de Lima;Três Figueiras;150;0;64;11;50;100
6950;0;Santa Rosa de Lima;Vila Assunção;50;0;28;13;0;50
6951;0;Santa Rosa de Lima;Vila Conceição;0;0;0;0;0;0
6952;0;Santa Rosa de Lima;Vila Ipiranga;150;100;0;0;150;0
6953;0;Santa Rosa de Lima;Vila Jardim;200;0;60;18;100;100
6954;0;Santa Rosa de Lima;Vila João Pessoa;50;0;28;12;0;50
6955;0;Santa Rosa de Lima;Vila Nova;350;0;128;51;100;250
6956;0;Santa Tereza;Aberta dos Morros;250;50;83;37;100;150
6957;0;Santa Tereza;Agronomia;200;50;84;21;50;150
6958;0;Santa Tereza;Anchieta;200;0;103;34;0;200
6959;0;Santa Tereza;Arquipélago;550;50;217;84;150;400
6960;0;Santa Tereza;Auxiliadora;150;50;55;19;50;100
6961;0;Santa Tereza;Azenha;1350;100;461;153;550;800
6962;0;Santa Tereza;Bela Vista;300;50;132;53;50;250
6963;0;Santa Tereza;Belém Novo;50;0;0;0;50;0
6964;0;Santa Tereza;Belém Velho;200;0;86;32;50;150
6965;0;Santa Tereza;Boa Vista;300;50;161;44;50;250
6966;0;Santa Tereza;Boa Vista do Sul;300;50;159;40;100;200
6967;0;Santa Tereza;Bom Fim;300;0;101;51;100;200
6968;0;Santa Tereza;Bom Jesus;350;50;134;48;100;250
6969;0;Santa Tereza;Camaquã;500;100;240;65;150;350
6970;0;Santa Tereza;Campo Novo;200;50;54;19;100;100
6971;0;Santa Tereza;Cascata;300;0;98;15;200;100
6972;0;Santa Tereza;Cavalhada;1450;200;655;225;350;1100
6973;0;Santa Tereza;Cel. Aparício Borges;2200;0;1219;409;50;2150
6974;0;Santa Tereza;Centro Histórico;600;50;234;89;150;450
6975;0;Santa Tereza;Chapéu do Sol;100;50;0;0;100;0
6976;0;Santa Tereza;Chácara das Pedras;300;150;32;8;250;50
6977;0;Santa Tereza;Cidade Baixa;600;0;205;69;200;400
6978;0;Santa Tereza;Costa e Silva;200;50;34;10;150;50
6979;0;Santa Tereza;Cristal;4400;650;2015;624;1150;3250
6980;0;Santa Tereza;Cristo Redentor;200;50;55;19;100;100
6981;0;Santa Tereza;Espírito Santo;150;0;80;28;0;150
6982;0;Santa Tereza;Extrema;150;0;97;26;0;150
6983;0;Santa Tereza;Farrapos;150;0;58;21;50;100
6984;0;Santa Tereza;Farroupilha;300;0;175;57;0;300
6985;0;Santa Tereza;Floresta;200;0;120;32;0;200
6986;0;Santa Tereza;Glória;1000;300;258;77;550;450
6987;0;Santa Tereza;Guarujá;250;50;100;43;50;200
6988;0;Santa Tereza;Higienópolis;100;50;26;11;50;50
6989;0;Santa Tereza;Humaitá;100;0;59;16;0;100
6990;0;Santa Tereza;Hípica;200;50;86;19;50;150
6991;0;Santa Tereza;Independência;450;50;172;68;100;350
6992;0;Santa Tereza;Ipanema;300;0;145;42;50;250
6993;0;Santa Tereza;Jardim Botânico;300;0;83;27;150;150
6994;0;Santa Tereza;Jardim Carvalho;150;50;26;7;100;50
6995;0;Santa Tereza;Jardim Europa;200;0;119;30;0;200
6996;0;Santa Tereza;Jardim Floresta;100;50;24;8;50;50
6997;0;Santa Tereza;Jardim Isabel;200;50;89;27;50;150
6998;0;Santa Tereza;Jardim Itú;400;50;207;42;150;250
6999;0;Santa Tereza;Jardim Leopoldina;100;50;29;9;50;50
7000;0;Santa Tereza;Jardim Lindóia;250;0;142;31;100;150
7001;0;Santa Tereza;Jardim Sabará;150;50;60;19;50;100
7002;0;Santa Tereza;Jardim São Pedro;100;0;29;6;50;50
7003;0;Santa Tereza;Jardim do Salso;100;0;59;22;0;100
7004;0;Santa Tereza;Lageado;150;50;34;10;100;50
7005;0;Santa Tereza;Lami;50;0;0;0;50;0
7006;0;Santa Tereza;Lomba do Pinheiro;700;150;264;58;400;300
7007;0;Santa Tereza;Medianeira;4500;2200;591;199;3500;1000
7008;0;Santa Tereza;Menino Deus;1450;250;617;215;500;950
7009;0;Santa Tereza;Moinhos de Vento;350;50;140;69;100;250
7010;0;Santa Tereza;Mont'Serrat;150;50;29;9;100;50
7011;0;Santa Tereza;Morro Santana;250;50;51;15;150;100
7012;0;Santa Tereza;Mário Quintana;250;50;115;25;50;200
7013;0;Santa Tereza;Navegantes;50;0;29;5;0;50
7014;0;Santa Tereza;Nonoai;6300;550;3158;964;1050;5250
7015;0;Santa Tereza;Parque Santa Fé;250;0;127;55;0;250
7016;0;Santa Tereza;Partenon;1000;150;412;133;250;750
7017;0;Santa Tereza;Passo D'Areia;450;250;0;0;450;0
7018;0;Santa Tereza;Passo das Pedras;250;0;147;49;0;250
7019;0;Santa Tereza;Pedra Redonda;150;100;24;13;100;50
7020;0;Santa Tereza;Petrópolis;700;50;281;128;200;500
7021;0;Santa Tereza;Pitinga;300;50;120;33;100;200
7022;0;Santa Tereza;Ponta Grossa;150;0;85;24;0;150
7023;0;Santa Tereza;Praia de Belas;950;350;208;64;600;350
7024;0;Santa Tereza;Restinga;100;50;25;11;50;50
7025;0;Santa Tereza;Rio Branco;500;50;252;98;50;450
7026;0;Santa Tereza;Rubem Berta;400;150;78;46;250;150
7027;0;Santa Tereza;Santa Cecília;550;150;189;23;400;150
7028;0;Santa Tereza;Santa Maria Goretti;100;50;25;11;50;50
7029;0;Santa Tereza;Santa Rosa de Lima;300;50;100;30;150;150
7030;0;Santa Tereza;Santa Tereza;7500;400;3918;1210;700;6800
7031;0;Santa Tereza;Santana;800;50;374;129;150;650
7032;0;Santa Tereza;Santo Antônio;700;150;343;91;200;500
7033;0;Santa Tereza;Sarandi;750;150;341;158;150;600
7034;0;Santa Tereza;Serraria;150;50;48;12;50;100
7035;0;Santa Tereza;São Caetano;400;0;174;61;100;300
7036;0;Santa Tereza;São Geraldo;350;100;108;30;250;100
7037;0;Santa Tereza;São José;250;0;82;25;100;150
7038;0;Santa Tereza;São João;150;0;86;29;0;150
7039;0;Santa Tereza;São Sebastião;100;0;24;8;50;50
7040;0;Santa Tereza;Sétimo Céu;250;50;118;32;50;200
7041;0;Santa Tereza;Teresópolis;1000;100;376;132;350;650
7042;0;Santa Tereza;Tristeza;900;400;168;85;600;300
7043;0;Santa Tereza;Três Figueiras;150;0;100;20;0;150
7044;0;Santa Tereza;Vila Assunção;200;100;30;10;150;50
7045;0;Santa Tereza;Vila Conceição;150;0;26;15;100;50
7046;0;Santa Tereza;Vila Ipiranga;300;50;141;50;50;250
7047;0;Santa Tereza;Vila Jardim;50;0;33;12;0;50
7048;0;Santa Tereza;Vila João Pessoa;450;200;147;54;200;250
7049;0;Santa Tereza;Vila Nova;200;50;53;23;100;100
7050;0;Santana;Aberta dos Morros;100;0;34;4;50;50
7051;0;Santana;Agronomia;50;0;18;11;0;50
7052;0;Santana;Anchieta;0;0;0;0;0;0
7053;0;Santana;Arquipélago;0;0;0;0;0;0
7054;0;Santana;Auxiliadora;250;0;84;45;100;150
7055;0;Santana;Azenha;1000;200;373;180;300;700
7056;0;Santana;Bela Vista;600;100;196;80;250;350
7057;0;Santana;Belém Novo;150;0;89;26;0;150
7058;0;Santana;Belém Velho;50;0;29;9;0;50
7059;0;Santana;Boa Vista;150;50;49;24;50;100
7060;0;Santana;Boa Vista do Sul;0;0;0;0;0;0
7061;0;Santana;Bom Fim;1100;150;344;212;400;700
7062;0;Santana;Bom Jesus;100;0;23;13;50;50
7063;0;Santana;Camaquã;0;0;0;0;0;0
7064;0;Santana;Campo Novo;100;0;30;10;50;50
7065;0;Santana;Cascata;50;0;0;0;50;0
7066;0;Santana;Cavalhada;300;50;129;76;50;250
7067;0;Santana;Cel. Aparício Borges;150;50;79;8;100;50
7068;0;Santana;Centro Histórico;900;0;212;103;500;400
7069;0;Santana;Chapéu do Sol;150;0;52;34;50;100
7070;0;Santana;Chácara das Pedras;150;0;70;48;0;150
7071;0;Santana;Cidade Baixa;7150;400;3444;1831;650;6500
7072;0;Santana;Costa e Silva;200;50;92;30;50;150
7073;0;Santana;Cristal;100;0;46;26;0;100
7074;0;Santana;Cristo Redentor;150;50;52;38;50;100
7075;0;Santana;Espírito Santo;100;50;0;0;100;0
7076;0;Santana;Extrema;50;0;32;8;0;50
7077;0;Santana;Farrapos;200;0;138;31;0;200
7078;0;Santana;Farroupilha;4750;1100;1047;343;3450;1300
7079;0;Santana;Floresta;250;150;34;12;200;50
7080;0;Santana;Glória;350;50;122;79;100;250
7081;0;Santana;Guarujá;0;0;0;0;0;0
7082;0;Santana;Higienópolis;100;0;63;21;0;100
7083;0;Santana;Humaitá;100;0;52;11;0;100
7084;0;Santana;Hípica;100;0;41;33;0;100
7085;0;Santana;Independência;650;100;211;81;350;300
7086;0;Santana;Ipanema;400;0;175;104;50;350
7087;0;Santana;Jardim Botânico;200;0;80;38;50;150
7088;0;Santana;Jardim Carvalho;100;0;35;7;50;50
7089;0;Santana;Jardim Europa;100;0;51;31;0;100
7090;0;Santana;Jardim Floresta;50;0;28;19;0;50
7091;0;Santana;Jardim Isabel;0;0;0;0;0;0
7092;0;Santana;Jardim Itú;100;0;69;25;0;100
7093;0;Santana;Jardim Leopoldina;100;0;0;0;100;0
7094;0;Santana;Jardim Lindóia;50;0;27;15;0;50
7095;0;Santana;Jardim Sabará;50;0;26;10;0;50
7096;0;Santana;Jardim São Pedro;100;0;27;16;50;50
7097;0;Santana;Jardim do Salso;300;50;48;25;200;100
7098;0;Santana;Lageado;0;0;0;0;0;0
7099;0;Santana;Lami;100;0;26;19;50;50
7100;0;Santana;Lomba do Pinheiro;50;0;0;0;50;0
7101;0;Santana;Medianeira;650;100;249;101;350;300
7102;0;Santana;Menino Deus;1200;150;380;209;450;750
7103;0;Santana;Moinhos de Vento;400;100;139;72;150;250
7104;0;Santana;Mont'Serrat;400;100;80;36;250;150
7105;0;Santana;Morro Santana;50;0;0;0;50;0
7106;0;Santana;Mário Quintana;200;0;92;23;50;150
7107;0;Santana;Navegantes;100;50;25;14;50;50
7108;0;Santana;Nonoai;350;200;51;17;250;100
7109;0;Santana;Parque Santa Fé;150;50;21;15;100;50
7110;0;Santana;Partenon;1350;150;625;175;550;800
7111;0;Santana;Passo D'Areia;200;50;50;27;100;100
7112;0;Santana;Passo das Pedras;150;0;50;21;50;100
7113;0;Santana;Pedra Redonda;50;50;0;0;50;0
7114;0;Santana;Petrópolis;800;50;251;144;300;500
7115;0;Santana;Pitinga;0;0;0;0;0;0
7116;0;Santana;Ponta Grossa;150;0;29;15;100;50
7117;0;Santana;Praia de Belas;450;0;218;106;100;350
7118;0;Santana;Restinga;200;50;76;6;150;50
7119;0;Santana;Rio Branco;350;100;148;64;100;250
7120;0;Santana;Rubem Berta;150;50;49;33;50;100
7121;0;Santana;Santa Cecília;550;150;121;53;350;200
7122;0;Santana;Santa Maria Goretti;250;0;62;18;150;100
7123;0;Santana;Santa Rosa de Lima;150;50;35;5;100;50
7124;0;Santana;Santa Tereza;800;50;374;129;150;650
7125;0;Santana;Santana;2000;500;790;446;500;1500
7126;0;Santana;Santo Antônio;1050;100;483;179;300;750
7127;0;Santana;Sarandi;400;50;163;56;200;200
7128;0;Santana;Serraria;100;0;28;9;50;50
7129;0;Santana;São Caetano;0;0;0;0;0;0
7130;0;Santana;São Geraldo;250;50;29;11;200;50
7131;0;Santana;São José;250;50;130;44;100;150
7132;0;Santana;São João;150;50;60;32;50;100
7133;0;Santana;São Sebastião;100;0;53;25;0;100
7134;0;Santana;Sétimo Céu;50;0;0;0;50;0
7135;0;Santana;Teresópolis;350;150;22;12;300;50
7136;0;Santana;Tristeza;50;0;0;0;50;0
7137;0;Santana;Três Figueiras;150;100;31;16;100;50
7138;0;Santana;Vila Assunção;50;0;24;17;0;50
7139;0;Santana;Vila Conceição;0;0;0;0;0;0
7140;0;Santana;Vila Ipiranga;250;0;88;32;100;150
7141;0;Santana;Vila Jardim;200;0;124;56;0;200
7142;0;Santana;Vila João Pessoa;250;50;53;22;150;100
7143;0;Santana;Vila Nova;150;50;62;20;50;100
7144;0;Santo Antônio;Aberta dos Morros;0;0;0;0;0;0
7145;0;Santo Antônio;Agronomia;0;0;0;0;0;0
7146;0;Santo Antônio;Anchieta;50;0;28;12;0;50
7147;0;Santo Antônio;Arquipélago;200;50;63;26;100;100
7148;0;Santo Antônio;Auxiliadora;100;50;0;0;100;0
7149;0;Santo Antônio;Azenha;1300;250;404;108;750;550
7150;0;Santo Antônio;Bela Vista;400;0;141;65;150;250
7151;0;Santo Antônio;Belém Novo;50;0;29;11;0;50
7152;0;Santo Antônio;Belém Velho;50;0;30;13;0;50
7153;0;Santo Antônio;Boa Vista;0;0;0;0;0;0
7154;0;Santo Antônio;Boa Vista do Sul;0;0;0;0;0;0
7155;0;Santo Antônio;Bom Fim;50;0;0;0;50;0
7156;0;Santo Antônio;Bom Jesus;250;0;150;44;0;250
7157;0;Santo Antônio;Camaquã;50;50;0;0;50;0
7158;0;Santo Antônio;Campo Novo;100;0;31;6;50;50
7159;0;Santo Antônio;Cascata;100;0;54;14;0;100
7160;0;Santo Antônio;Cavalhada;300;0;57;18;200;100
7161;0;Santo Antônio;Cel. Aparício Borges;650;150;226;77;250;400
7162;0;Santo Antônio;Centro Histórico;650;0;268;136;100;550
7163;0;Santo Antônio;Chapéu do Sol;50;50;0;0;50;0
7164;0;Santo Antônio;Chácara das Pedras;50;0;0;0;50;0
7165;0;Santo Antônio;Cidade Baixa;400;50;150;61;150;250
7166;0;Santo Antônio;Costa e Silva;50;0;0;0;50;0
7167;0;Santo Antônio;Cristal;250;100;53;20;150;100
7168;0;Santo Antônio;Cristo Redentor;50;0;33;11;0;50
7169;0;Santo Antônio;Espírito Santo;50;0;24;12;0;50
7170;0;Santo Antônio;Extrema;0;0;0;0;0;0
7171;0;Santo Antônio;Farrapos;50;0;27;9;0;50
7172;0;Santo Antônio;Farroupilha;200;50;86;33;50;150
7173;0;Santo Antônio;Floresta;150;0;77;45;0;150
7174;0;Santo Antônio;Glória;550;100;233;91;150;400
7175;0;Santo Antônio;Guarujá;0;0;0;0;0;0
7176;0;Santo Antônio;Higienópolis;0;0;0;0;0;0
7177;0;Santo Antônio;Humaitá;0;0;0;0;0;0
7178;0;Santo Antônio;Hípica;150;0;78;39;0;150
7179;0;Santo Antônio;Independência;150;0;69;18;100;50
7180;0;Santo Antônio;Ipanema;200;0;93;34;50;150
7181;0;Santo Antônio;Jardim Botânico;500;50;186;63;250;250
7182;0;Santo Antônio;Jardim Carvalho;150;50;65;26;50;100
7183;0;Santo Antônio;Jardim Europa;0;0;0;0;0;0
7184;0;Santo Antônio;Jardim Floresta;50;0;0;0;50;0
7185;0;Santo Antônio;Jardim Isabel;100;0;68;13;0;100
7186;0;Santo Antônio;Jardim Itú;100;0;56;31;0;100
7187;0;Santo Antônio;Jardim Leopoldina;50;0;29;7;0;50
7188;0;Santo Antônio;Jardim Lindóia;0;0;0;0;0;0
7189;0;Santo Antônio;Jardim Sabará;100;0;53;16;0;100
7190;0;Santo Antônio;Jardim São Pedro;0;0;0;0;0;0
7191;0;Santo Antônio;Jardim do Salso;150;0;89;36;0;150
7192;0;Santo Antônio;Lageado;100;0;29;11;50;50
7193;0;Santo Antônio;Lami;200;50;59;27;100;100
7194;0;Santo Antônio;Lomba do Pinheiro;0;0;0;0;0;0
7195;0;Santo Antônio;Medianeira;1200;200;309;123;700;500
7196;0;Santo Antônio;Menino Deus;900;150;255;113;450;450
7197;0;Santo Antônio;Moinhos de Vento;200;0;122;51;50;150
7198;0;Santo Antônio;Mont'Serrat;0;0;0;0;0;0
7199;0;Santo Antônio;Morro Santana;100;0;59;17;0;100
7200;0;Santo Antônio;Mário Quintana;100;0;61;10;0;100
7201;0;Santo Antônio;Navegantes;100;0;56;28;0;100
7202;0;Santo Antônio;Nonoai;150;0;92;30;0;150
7203;0;Santo Antônio;Parque Santa Fé;0;0;0;0;0;0
7204;0;Santo Antônio;Partenon;5650;300;2704;1153;750;4900
7205;0;Santo Antônio;Passo D'Areia;300;0;123;123;0;300
7206;0;Santo Antônio;Passo das Pedras;0;0;0;0;0;0
7207;0;Santo Antônio;Pedra Redonda;0;0;0;0;0;0
7208;0;Santo Antônio;Petrópolis;500;0;254;115;50;450
7209;0;Santo Antônio;Pitinga;150;0;109;22;50;100
7210;0;Santo Antônio;Ponta Grossa;50;0;33;9;0;50
7211;0;Santo Antônio;Praia de Belas;150;50;57;27;50;100
7212;0;Santo Antônio;Restinga;50;50;0;0;50;0
7213;0;Santo Antônio;Rio Branco;600;150;107;52;400;200
7214;0;Santo Antônio;Rubem Berta;250;0;121;51;50;200
7215;0;Santo Antônio;Santa Cecília;500;100;232;94;100;400
7216;0;Santo Antônio;Santa Maria Goretti;0;0;0;0;0;0
7217;0;Santo Antônio;Santa Rosa de Lima;200;0;81;25;50;150
7218;0;Santo Antônio;Santa Tereza;700;150;343;91;200;500
7219;0;Santo Antônio;Santana;1050;100;483;179;300;750
7220;0;Santo Antônio;Santo Antônio;2100;600;620;264;1000;1100
7221;0;Santo Antônio;Sarandi;250;0;84;42;100;150
7222;0;Santo Antônio;Serraria;0;0;0;0;0;0
7223;0;Santo Antônio;São Caetano;100;0;23;12;50;50
7224;0;Santo Antônio;São Geraldo;100;0;72;14;50;50
7225;0;Santo Antônio;São José;100;0;29;14;50;50
7226;0;Santo Antônio;São João;50;0;22;13;0;50
7227;0;Santo Antônio;São Sebastião;50;50;0;0;50;0
7228;0;Santo Antônio;Sétimo Céu;50;0;0;0;50;0
7229;0;Santo Antônio;Teresópolis;250;100;86;40;100;150
7230;0;Santo Antônio;Tristeza;200;150;29;16;150;50
7231;0;Santo Antônio;Três Figueiras;133;50;29;9;83;50
7232;0;Santo Antônio;Vila Assunção;50;50;0;0;50;0
7233;0;Santo Antônio;Vila Conceição;50;50;0;0;50;0
7234;0;Santo Antônio;Vila Ipiranga;100;0;55;32;0;100
7235;0;Santo Antônio;Vila Jardim;150;0;50;35;50;100
7236;0;Santo Antônio;Vila João Pessoa;550;50;79;39;400;150
7237;0;Santo Antônio;Vila Nova;100;0;56;17;0;100
7238;0;Sarandi;Aberta dos Morros;50;0;22;16;0;50
7239;0;Sarandi;Agronomia;50;50;0;0;50;0
7240;0;Sarandi;Anchieta;1700;150;871;356;350;1350
7241;0;Sarandi;Arquipélago;200;50;62;20;100;100
7242;0;Sarandi;Auxiliadora;150;50;22;20;100;50
7243;0;Sarandi;Azenha;200;0;109;56;0;200
7244;0;Sarandi;Bela Vista;250;50;72;37;100;150
7245;0;Sarandi;Belém Novo;100;50;25;19;50;50
7246;0;Sarandi;Belém Velho;600;50;267;126;100;500
7247;0;Sarandi;Boa Vista;150;50;60;25;50;100
7248;0;Sarandi;Boa Vista do Sul;250;0;107;52;50;200
7249;0;Sarandi;Bom Fim;450;50;229;106;50;400
7250;0;Sarandi;Bom Jesus;250;0;121;38;50;200
7251;0;Sarandi;Camaquã;50;0;26;16;0;50
7252;0;Sarandi;Campo Novo;400;100;171;78;100;300
7253;0;Sarandi;Cascata;350;50;82;35;200;150
7254;0;Sarandi;Cavalhada;250;0;106;50;50;200
7255;0;Sarandi;Cel. Aparício Borges;400;100;58;20;300;100
7256;0;Sarandi;Centro Histórico;250;50;110;47;50;200
7257;0;Sarandi;Chapéu do Sol;100;0;55;28;0;100
7258;0;Sarandi;Chácara das Pedras;750;100;221;107;350;400
7259;0;Sarandi;Cidade Baixa;350;150;25;15;300;50
7260;0;Sarandi;Costa e Silva;1100;100;543;204;200;900
7261;0;Sarandi;Cristal;550;100;233;101;150;400
7262;0;Sarandi;Cristo Redentor;1000;150;409;208;300;700
7263;0;Sarandi;Espírito Santo;150;0;49;40;50;100
7264;0;Sarandi;Extrema;50;0;29;12;0;50
7265;0;Sarandi;Farrapos;450;50;193;102;100;350
7266;0;Sarandi;Farroupilha;300;0;134;43;150;150
7267;0;Sarandi;Floresta;400;0;196;65;150;250
7268;0;Sarandi;Glória;250;50;86;33;100;150
7269;0;Sarandi;Guarujá;200;50;52;27;100;100
7270;0;Sarandi;Higienópolis;750;0;342;180;100;650
7271;0;Sarandi;Humaitá;300;100;87;30;150;150
7272;0;Sarandi;Hípica;50;0;28;7;0;50
7273;0;Sarandi;Independência;300;150;58;25;200;100
7274;0;Sarandi;Ipanema;50;0;22;16;0;50
7275;0;Sarandi;Jardim Botânico;100;50;0;0;100;0
7276;0;Sarandi;Jardim Carvalho;250;50;95;36;100;150
7277;0;Sarandi;Jardim Europa;950;0;429;218;150;800
7278;0;Sarandi;Jardim Floresta;800;100;354;153;250;550
7279;0;Sarandi;Jardim Isabel;100;0;66;23;0;100
7280;0;Sarandi;Jardim Itú;450;0;175;83;150;300
7281;0;Sarandi;Jardim Leopoldina;400;0;170;67;100;300
7282;0;Sarandi;Jardim Lindóia;950;50;407;204;200;750
7283;0;Sarandi;Jardim Sabará;500;0;230;100;150;350
7284;0;Sarandi;Jardim São Pedro;800;0;367;157;200;600
7285;0;Sarandi;Jardim do Salso;300;0;82;33;150;150
7286;0;Sarandi;Lageado;0;0;0;0;0;0
7287;0;Sarandi;Lami;200;0;30;13;150;50
7288;0;Sarandi;Lomba do Pinheiro;100;50;30;12;50;50
7289;0;Sarandi;Medianeira;50;0;0;0;50;0
7290;0;Sarandi;Menino Deus;1050;150;461;222;200;850
7291;0;Sarandi;Moinhos de Vento;450;100;194;103;100;350
7292;0;Sarandi;Mont'Serrat;100;50;0;0;100;0
7293;0;Sarandi;Morro Santana;450;0;263;105;50;400
7294;0;Sarandi;Mário Quintana;350;50;125;36;150;200
7295;0;Sarandi;Navegantes;200;100;78;16;150;50
7296;0;Sarandi;Nonoai;550;150;102;62;350;200
7297;0;Sarandi;Parque Santa Fé;1150;100;451;215;400;750
7298;0;Sarandi;Partenon;400;50;153;54;150;250
7299;0;Sarandi;Passo D'Areia;550;100;154;113;200;350
7300;0;Sarandi;Passo das Pedras;650;150;149;98;350;300
7301;0;Sarandi;Pedra Redonda;50;0;28;13;0;50
7302;0;Sarandi;Petrópolis;250;50;97;55;50;200
7303;0;Sarandi;Pitinga;250;50;103;24;150;100
7304;0;Sarandi;Ponta Grossa;100;0;0;0;100;0
7305;0;Sarandi;Praia de Belas;50;0;24;13;0;50
7306;0;Sarandi;Restinga;100;50;26;11;50;50
7307;0;Sarandi;Rio Branco;350;0;166;91;50;300
7308;0;Sarandi;Rubem Berta;900;50;354;262;150;750
7309;0;Sarandi;Santa Cecília;100;0;31;15;50;50
7310;0;Sarandi;Santa Maria Goretti;250;0;113;53;50;200
7311;0;Sarandi;Santa Rosa de Lima;9050;750;3837;1751;2100;6950
7312;0;Sarandi;Santa Tereza;750;150;341;158;150;600
7313;0;Sarandi;Santana;400;50;163;56;200;200
7314;0;Sarandi;Santo Antônio;250;0;84;42;100;150
7315;0;Sarandi;Sarandi;11700;2600;2826;1240;7100;4600
7316;0;Sarandi;Serraria;300;150;85;41;150;150
7317;0;Sarandi;São Caetano;250;100;77;14;200;50
7318;0;Sarandi;São Geraldo;0;0;0;0;0;0
7319;0;Sarandi;São José;350;50;113;47;150;200
7320;0;Sarandi;São João;250;50;50;33;150;100
7321;0;Sarandi;São Sebastião;750;50;262;118;250;500
7322;0;Sarandi;Sétimo Céu;150;50;23;11;100;50
7323;0;Sarandi;Teresópolis;350;50;164;86;50;300
7324;0;Sarandi;Tristeza;250;0;138;62;0;250
7325;0;Sarandi;Três Figueiras;100;50;23;14;50;50
7326;0;Sarandi;Vila Assunção;100;0;59;28;0;100
7327;0;Sarandi;Vila Conceição;150;0;90;39;0;150
7328;0;Sarandi;Vila Ipiranga;550;50;259;110;100;450
7329;0;Sarandi;Vila Jardim;400;0;191;101;50;350
7330;0;Sarandi;Vila João Pessoa;50;0;25;13;0;50
7331;0;Sarandi;Vila Nova;450;50;202;80;100;350
7332;0;Serraria;Aberta dos Morros;900;250;152;61;600;300
7333;0;Serraria;Agronomia;0;0;0;0;0;0
7334;0;Serraria;Anchieta;100;0;48;23;0;100
7335;0;Serraria;Arquipélago;200;50;56;23;100;100
7336;0;Serraria;Auxiliadora;50;0;21;17;0;50
7337;0;Serraria;Azenha;50;0;0;0;50;0
7338;0;Serraria;Bela Vista;50;50;0;0;50;0
7339;0;Serraria;Belém Novo;200;0;110;51;0;200
7340;0;Serraria;Belém Velho;200;0;142;38;0;200
7341;0;Serraria;Boa Vista;0;0;0;0;0;0
7342;0;Serraria;Boa Vista do Sul;50;0;0;0;50;0
7343;0;Serraria;Bom Fim;50;0;21;11;0;50
7344;0;Serraria;Bom Jesus;150;0;92;26;0;150
7345;0;Serraria;Camaquã;0;0;0;0;0;0
7346;0;Serraria;Campo Novo;200;0;124;48;0;200
7347;0;Serraria;Cascata;150;0;101;21;0;150
7348;0;Serraria;Cavalhada;350;0;209;74;0;350
7349;0;Serraria;Cel. Aparício Borges;100;0;29;10;50;50
7350;0;Serraria;Centro Histórico;200;50;99;30;50;150
7351;0;Serraria;Chapéu do Sol;100;0;61;14;0;100
7352;0;Serraria;Chácara das Pedras;0;0;0;0;0;0
7353;0;Serraria;Cidade Baixa;100;50;0;0;100;0
7354;0;Serraria;Costa e Silva;0;0;0;0;0;0
7355;0;Serraria;Cristal;150;0;58;24;50;100
7356;0;Serraria;Cristo Redentor;0;0;0;0;0;0
7357;0;Serraria;Espírito Santo;1150;300;301;115;600;550
7358;0;Serraria;Extrema;0;0;0;0;0;0
7359;0;Serraria;Farrapos;50;0;34;9;0;50
7360;0;Serraria;Farroupilha;0;0;0;0;0;0
7361;0;Serraria;Floresta;50;50;0;0;50;0
7362;0;Serraria;Glória;50;0;22;17;0;50
7363;0;Serraria;Guarujá;1800;650;483;159;1050;750
7364;0;Serraria;Higienópolis;0;0;0;0;0;0
7365;0;Serraria;Humaitá;0;0;0;0;0;0
7366;0;Serraria;Hípica;600;50;319;84;100;500
7367;0;Serraria;Independência;0;0;0;0;0;0
7368;0;Serraria;Ipanema;750;50;357;107;150;600
7369;0;Serraria;Jardim Botânico;50;0;32;12;0;50
7370;0;Serraria;Jardim Carvalho;50;0;35;9;0;50
7371;0;Serraria;Jardim Europa;50;0;0;0;50;0
7372;0;Serraria;Jardim Floresta;0;0;0;0;0;0
7373;0;Serraria;Jardim Isabel;50;0;24;5;0;50
7374;0;Serraria;Jardim Itú;0;0;0;0;0;0
7375;0;Serraria;Jardim Leopoldina;50;0;0;0;50;0
7376;0;Serraria;Jardim Lindóia;100;0;0;0;100;0
7377;0;Serraria;Jardim Sabará;50;0;0;0;50;0
7378;0;Serraria;Jardim São Pedro;0;0;0;0;0;0
7379;0;Serraria;Jardim do Salso;0;0;0;0;0;0
7380;0;Serraria;Lageado;0;0;0;0;0;0
7381;0;Serraria;Lami;0;0;0;0;0;0
7382;0;Serraria;Lomba do Pinheiro;150;0;60;11;50;100
7383;0;Serraria;Medianeira;50;50;0;0;50;0
7384;0;Serraria;Menino Deus;200;0;115;49;0;200
7385;0;Serraria;Moinhos de Vento;50;0;23;20;0;50
7386;0;Serraria;Mont'Serrat;0;0;0;0;0;0
7387;0;Serraria;Morro Santana;50;0;32;2;0;50
7388;0;Serraria;Mário Quintana;50;0;34;6;0;50
7389;0;Serraria;Navegantes;0;0;0;0;0;0
7390;0;Serraria;Nonoai;200;50;81;10;150;50
7391;0;Serraria;Parque Santa Fé;0;0;0;0;0;0
7392;0;Serraria;Partenon;300;50;89;37;150;150
7393;0;Serraria;Passo D'Areia;50;0;0;0;50;0
7394;0;Serraria;Passo das Pedras;0;0;0;0;0;0
7395;0;Serraria;Pedra Redonda;150;50;50;18;50;100
7396;0;Serraria;Petrópolis;50;0;24;21;0;50
7397;0;Serraria;Pitinga;50;0;27;9;0;50
7398;0;Serraria;Ponta Grossa;1000;150;451;131;250;750
7399;0;Serraria;Praia de Belas;0;0;0;0;0;0
7400;0;Serraria;Restinga;500;100;222;69;100;400
7401;0;Serraria;Rio Branco;0;0;0;0;0;0
7402;0;Serraria;Rubem Berta;100;0;22;15;50;50
7403;0;Serraria;Santa Cecília;0;0;0;0;0;0
7404;0;Serraria;Santa Maria Goretti;0;0;0;0;0;0
7405;0;Serraria;Santa Rosa de Lima;350;0;110;33;150;200
7406;0;Serraria;Santa Tereza;150;50;48;12;50;100
7407;0;Serraria;Santana;100;0;28;9;50;50
7408;0;Serraria;Santo Antônio;0;0;0;0;0;0
7409;0;Serraria;Sarandi;300;150;85;41;150;150
7410;0;Serraria;Serraria;2974;700;574;164;2074;900
7411;0;Serraria;São Caetano;0;0;0;0;0;0
7412;0;Serraria;São Geraldo;0;0;0;0;0;0
7413;0;Serraria;São José;200;0;88;33;50;150
7414;0;Serraria;São João;50;0;30;9;0;50
7415;0;Serraria;São Sebastião;50;0;32;9;0;50
7416;0;Serraria;Sétimo Céu;100;0;50;10;0;100
7417;0;Serraria;Teresópolis;50;0;30;7;0;50
7418;0;Serraria;Tristeza;250;50;104;34;100;150
7419;0;Serraria;Três Figueiras;50;0;29;12;0;50
7420;0;Serraria;Vila Assunção;0;0;0;0;0;0
7421;0;Serraria;Vila Conceição;150;0;92;25;0;150
7422;0;Serraria;Vila Ipiranga;100;0;59;26;0;100
7423;0;Serraria;Vila Jardim;50;50;0;0;50;0
7424;0;Serraria;Vila João Pessoa;150;0;90;28;0;150
7425;0;Serraria;Vila Nova;200;0;79;24;50;150
7426;0;São Caetano;Aberta dos Morros;0;0;0;0;0;0
7427;0;São Caetano;Agronomia;0;0;0;0;0;0
7428;0;São Caetano;Anchieta;0;0;0;0;0;0
7429;0;São Caetano;Arquipélago;0;0;0;0;0;0
7430;0;São Caetano;Auxiliadora;50;0;28;21;0;50
7431;0;São Caetano;Azenha;200;50;47;30;100;100
7432;0;São Caetano;Bela Vista;0;0;0;0;0;0
7433;0;São Caetano;Belém Novo;100;50;0;0;100;0
7434;0;São Caetano;Belém Velho;150;0;103;29;0;150
7435;0;São Caetano;Boa Vista;50;0;50;0;50;0
7436;0;São Caetano;Boa Vista do Sul;50;0;23;12;0;50
7437;0;São Caetano;Bom Fim;0;0;0;0;0;0
7438;0;São Caetano;Bom Jesus;100;0;27;7;50;50
7439;0;São Caetano;Camaquã;0;0;0;0;0;0
7440;0;São Caetano;Campo Novo;0;0;0;0;0;0
7441;0;São Caetano;Cascata;100;50;32;8;50;50
7442;0;São Caetano;Cavalhada;100;50;36;9;50;50
7443;0;São Caetano;Cel. Aparício Borges;150;50;0;0;150;0
7444;0;São Caetano;Centro Histórico;250;0;137;42;100;150
7445;0;São Caetano;Chapéu do Sol;0;0;0;0;0;0
7446;0;São Caetano;Chácara das Pedras;0;0;0;0;0;0
7447;0;São Caetano;Cidade Baixa;100;50;29;13;50;50
7448;0;São Caetano;Costa e Silva;0;0;0;0;0;0
7449;0;São Caetano;Cristal;150;50;51;15;50;100
7450;0;São Caetano;Cristo Redentor;0;0;0;0;0;0
7451;0;São Caetano;Espírito Santo;0;0;0;0;0;0
7452;0;São Caetano;Extrema;100;0;60;21;0;100
7453;0;São Caetano;Farrapos;0;0;0;0;0;0
7454;0;São Caetano;Farroupilha;0;0;0;0;0;0
7455;0;São Caetano;Floresta;0;0;0;0;0;0
7456;0;São Caetano;Glória;50;0;22;13;0;50
7457;0;São Caetano;Guarujá;0;0;0;0;0;0
7458;0;São Caetano;Higienópolis;50;0;0;0;50;0
7459;0;São Caetano;Humaitá;50;0;39;7;0;50
7460;0;São Caetano;Hípica;150;50;33;8;100;50
7461;0;São Caetano;Independência;50;0;0;0;50;0
7462;0;São Caetano;Ipanema;100;50;21;10;50;50
7463;0;São Caetano;Jardim Botânico;50;0;31;13;0;50
7464;0;São Caetano;Jardim Carvalho;150;0;76;18;50;100
7465;0;São Caetano;Jardim Europa;0;0;0;0;0;0
7466;0;São Caetano;Jardim Floresta;0;0;0;0;0;0
7467;0;São Caetano;Jardim Isabel;0;0;0;0;0;0
7468;0;São Caetano;Jardim Itú;100;0;55;27;0;100
7469;0;São Caetano;Jardim Leopoldina;100;0;59;14;0;100
7470;0;São Caetano;Jardim Lindóia;0;0;0;0;0;0
7471;0;São Caetano;Jardim Sabará;0;0;0;0;0;0
7472;0;São Caetano;Jardim São Pedro;0;0;0;0;0;0
7473;0;São Caetano;Jardim do Salso;50;0;35;12;0;50
7474;0;São Caetano;Lageado;1800;300;666;167;700;1100
7475;0;São Caetano;Lami;650;100;321;84;100;550
7476;0;São Caetano;Lomba do Pinheiro;100;0;34;9;50;50
7477;0;São Caetano;Medianeira;50;0;0;0;50;0
7478;0;São Caetano;Menino Deus;50;0;28;20;0;50
7479;0;São Caetano;Moinhos de Vento;50;50;0;0;50;0
7480;0;São Caetano;Mont'Serrat;0;0;0;0;0;0
7481;0;São Caetano;Morro Santana;150;50;60;14;50;100
7482;0;São Caetano;Mário Quintana;0;0;0;0;0;0
7483;0;São Caetano;Navegantes;0;0;0;0;0;0
7484;0;São Caetano;Nonoai;150;0;85;25;0;150
7485;0;São Caetano;Parque Santa Fé;0;0;0;0;0;0
7486;0;São Caetano;Partenon;450;50;200;71;100;350
7487;0;São Caetano;Passo D'Areia;100;50;0;0;100;0
7488;0;São Caetano;Passo das Pedras;0;0;0;0;0;0
7489;0;São Caetano;Pedra Redonda;0;0;0;0;0;0
7490;0;São Caetano;Petrópolis;50;50;0;0;50;0
7491;0;São Caetano;Pitinga;0;0;0;0;0;0
7492;0;São Caetano;Ponta Grossa;0;0;0;0;0;0
7493;0;São Caetano;Praia de Belas;0;0;0;0;0;0
7494;0;São Caetano;Restinga;100;50;37;5;50;50
7495;0;São Caetano;Rio Branco;50;0;25;14;0;50
7496;0;São Caetano;Rubem Berta;0;0;0;0;0;0
7497;0;São Caetano;Santa Cecília;0;0;0;0;0;0
7498;0;São Caetano;Santa Maria Goretti;0;0;0;0;0;0
7499;0;São Caetano;Santa Rosa de Lima;50;50;0;0;50;0
7500;0;São Caetano;Santa Tereza;400;0;174;61;100;300
7501;0;São Caetano;Santana;0;0;0;0;0;0
7502;0;São Caetano;Santo Antônio;100;0;23;12;50;50
7503;0;São Caetano;Sarandi;250;100;77;14;200;50
7504;0;São Caetano;Serraria;0;0;0;0;0;0
7505;0;São Caetano;São Caetano;410;0;252;88;10;400
7506;0;São Caetano;São Geraldo;0;0;0;0;0;0
7507;0;São Caetano;São José;50;0;27;7;0;50
7508;0;São Caetano;São João;0;0;0;0;0;0
7509;0;São Caetano;São Sebastião;0;0;0;0;0;0
7510;0;São Caetano;Sétimo Céu;0;0;0;0;0;0
7511;0;São Caetano;Teresópolis;50;0;0;0;50;0
7512;0;São Caetano;Tristeza;0;0;0;0;0;0
7513;0;São Caetano;Três Figueiras;0;0;0;0;0;0
7514;0;São Caetano;Vila Assunção;0;0;0;0;0;0
7515;0;São Caetano;Vila Conceição;0;0;0;0;0;0
7516;0;São Caetano;Vila Ipiranga;0;0;0;0;0;0
7517;0;São Caetano;Vila Jardim;150;50;58;26;50;100
7518;0;São Caetano;Vila João Pessoa;50;0;33;13;0;50
7519;0;São Caetano;Vila Nova;100;50;24;14;50;50
7520;0;São Geraldo;Aberta dos Morros;50;0;34;15;0;50
7521;0;São Geraldo;Agronomia;100;0;0;0;100;0
7522;0;São Geraldo;Anchieta;100;0;51;39;0;100
7523;0;São Geraldo;Arquipélago;100;0;24;8;50;50
7524;0;São Geraldo;Auxiliadora;400;50;61;21;300;100
7525;0;São Geraldo;Azenha;200;100;22;11;150;50
7526;0;São Geraldo;Bela Vista;200;0;143;42;0;200
7527;0;São Geraldo;Belém Novo;0;0;0;0;0;0
7528;0;São Geraldo;Belém Velho;0;0;0;0;0;0
7529;0;São Geraldo;Boa Vista;50;0;0;0;50;0
7530;0;São Geraldo;Boa Vista do Sul;50;0;25;17;0;50
7531;0;São Geraldo;Bom Fim;200;50;28;18;150;50
7532;0;São Geraldo;Bom Jesus;50;0;32;5;0;50
7533;0;São Geraldo;Camaquã;100;0;57;21;0;100
7534;0;São Geraldo;Campo Novo;50;0;33;10;0;50
7535;0;São Geraldo;Cascata;0;0;0;0;0;0
7536;0;São Geraldo;Cavalhada;150;50;57;22;50;100
7537;0;São Geraldo;Cel. Aparício Borges;0;0;0;0;0;0
7538;0;São Geraldo;Centro Histórico;300;50;54;20;200;100
7539;0;São Geraldo;Chapéu do Sol;0;0;0;0;0;0
7540;0;São Geraldo;Chácara das Pedras;50;50;0;0;50;0
7541;0;São Geraldo;Cidade Baixa;226;0;32;11;176;50
7542;0;São Geraldo;Costa e Silva;50;0;0;0;50;0
7543;0;São Geraldo;Cristal;150;50;30;11;100;50
7544;0;São Geraldo;Cristo Redentor;100;0;32;17;50;50
7545;0;São Geraldo;Espírito Santo;100;0;0;0;100;0
7546;0;São Geraldo;Extrema;0;0;0;0;0;0
7547;0;São Geraldo;Farrapos;350;150;78;7;300;50
7548;0;São Geraldo;Farroupilha;50;0;28;7;0;50
7549;0;São Geraldo;Floresta;3890;1200;857;352;2590;1300
7550;0;São Geraldo;Glória;300;50;136;64;50;250
7551;0;São Geraldo;Guarujá;0;0;0;0;0;0
7552;0;São Geraldo;Higienópolis;100;0;56;27;0;100
7553;0;São Geraldo;Humaitá;200;50;89;35;50;150
7554;0;São Geraldo;Hípica;0;0;0;0;0;0
7555;0;São Geraldo;Independência;300;0;160;92;0;300
7556;0;São Geraldo;Ipanema;0;0;0;0;0;0
7557;0;São Geraldo;Jardim Botânico;150;0;53;26;50;100
7558;0;São Geraldo;Jardim Carvalho;50;0;32;6;0;50
7559;0;São Geraldo;Jardim Europa;100;50;22;14;50;50
7560;0;São Geraldo;Jardim Floresta;50;0;22;15;0;50
7561;0;São Geraldo;Jardim Isabel;0;0;0;0;0;0
7562;0;São Geraldo;Jardim Itú;0;0;0;0;0;0
7563;0;São Geraldo;Jardim Leopoldina;50;0;25;13;0;50
7564;0;São Geraldo;Jardim Lindóia;0;0;0;0;0;0
7565;0;São Geraldo;Jardim Sabará;100;0;53;33;0;100
7566;0;São Geraldo;Jardim São Pedro;50;0;0;0;50;0
7567;0;São Geraldo;Jardim do Salso;0;0;0;0;0;0
7568;0;São Geraldo;Lageado;0;0;0;0;0;0
7569;0;São Geraldo;Lami;50;0;32;8;0;50
7570;0;São Geraldo;Lomba do Pinheiro;100;0;28;3;50;50
7571;0;São Geraldo;Medianeira;100;0;0;0;100;0
7572;0;São Geraldo;Menino Deus;150;0;85;43;0;150
7573;0;São Geraldo;Moinhos de Vento;600;150;188;113;250;350
7574;0;São Geraldo;Mont'Serrat;0;0;0;0;0;0
7575;0;São Geraldo;Morro Santana;50;0;34;5;0;50
7576;0;São Geraldo;Mário Quintana;250;50;88;21;100;150
7577;0;São Geraldo;Navegantes;1750;50;875;395;200;1550
7578;0;São Geraldo;Nonoai;0;0;0;0;0;0
7579;0;São Geraldo;Parque Santa Fé;0;0;0;0;0;0
7580;0;São Geraldo;Partenon;250;0;138;50;0;250
7581;0;São Geraldo;Passo D'Areia;250;150;51;31;150;100
7582;0;São Geraldo;Passo das Pedras;0;0;0;0;0;0
7583;0;São Geraldo;Pedra Redonda;0;0;0;0;0;0
7584;0;São Geraldo;Petrópolis;200;0;82;43;50;150
7585;0;São Geraldo;Pitinga;0;0;0;0;0;0
7586;0;São Geraldo;Ponta Grossa;50;0;24;14;0;50
7587;0;São Geraldo;Praia de Belas;150;0;31;8;100;50
7588;0;São Geraldo;Restinga;0;0;0;0;0;0
7589;0;São Geraldo;Rio Branco;200;0;75;39;50;150
7590;0;São Geraldo;Rubem Berta;50;0;33;15;0;50
7591;0;São Geraldo;Santa Cecília;150;50;26;20;100;50
7592;0;São Geraldo;Santa Maria Goretti;50;50;0;0;50;0
7593;0;São Geraldo;Santa Rosa de Lima;100;50;27;15;50;50
7594;0;São Geraldo;Santa Tereza;350;100;108;30;250;100
7595;0;São Geraldo;Santana;250;50;29;11;200;50
7596;0;São Geraldo;Santo Antônio;100;0;72;14;50;50
7597;0;São Geraldo;Sarandi;0;0;0;0;0;0
7598;0;São Geraldo;Serraria;0;0;0;0;0;0
7599;0;São Geraldo;São Caetano;0;0;0;0;0;0
7600;0;São Geraldo;São Geraldo;7100;1300;2118;1048;3300;3800
7601;0;São Geraldo;São José;100;50;36;3;50;50
7602;0;São Geraldo;São João;1150;50;428;219;400;750
7603;0;São Geraldo;São Sebastião;0;0;0;0;0;0
7604;0;São Geraldo;Sétimo Céu;50;0;26;13;0;50
7605;0;São Geraldo;Teresópolis;0;0;0;0;0;0
7606;0;São Geraldo;Tristeza;50;0;28;22;0;50
7607;0;São Geraldo;Três Figueiras;50;50;0;0;50;0
7608;0;São Geraldo;Vila Assunção;0;0;0;0;0;0
7609;0;São Geraldo;Vila Conceição;50;0;28;14;0;50
7610;0;São Geraldo;Vila Ipiranga;100;50;0;0;100;0
7611;0;São Geraldo;Vila Jardim;100;50;0;0;100;0
7612;0;São Geraldo;Vila João Pessoa;50;0;0;0;50;0
7613;0;São Geraldo;Vila Nova;150;0;89;24;0;150
7614;0;São José;Aberta dos Morros;50;0;24;10;0;50
7615;0;São José;Agronomia;3700;850;1359;354;1450;2250
7616;0;São José;Anchieta;100;0;67;19;0;100
7617;0;São José;Arquipélago;250;50;119;29;50;200
7618;0;São José;Auxiliadora;100;0;25;13;50;50
7619;0;São José;Azenha;200;0;109;20;100;100
7620;0;São José;Bela Vista;200;50;79;33;50;150
7621;0;São José;Belém Novo;100;50;31;8;50;50
7622;0;São José;Belém Velho;850;100;452;90;200;650
7623;0;São José;Boa Vista;100;0;68;17;0;100
7624;0;São José;Boa Vista do Sul;150;50;53;13;50;100
7625;0;São José;Bom Fim;50;0;26;10;0;50
7626;0;São José;Bom Jesus;450;100;238;41;150;300
7627;0;São José;Camaquã;200;0;92;33;50;150
7628;0;São José;Campo Novo;50;0;32;10;0;50
7629;0;São José;Cascata;6100;450;3036;734;1450;4650
7630;0;São José;Cavalhada;50;0;0;0;50;0
7631;0;São José;Cel. Aparício Borges;1950;900;261;86;1450;500
7632;0;São José;Centro Histórico;100;50;0;0;100;0
7633;0;São José;Chapéu do Sol;50;0;26;9;0;50
7634;0;São José;Chácara das Pedras;250;0;147;43;0;250
7635;0;São José;Cidade Baixa;50;50;0;0;50;0
7636;0;São José;Costa e Silva;0;0;0;0;0;0
7637;0;São José;Cristal;250;50;97;23;100;150
7638;0;São José;Cristo Redentor;0;0;0;0;0;0
7639;0;São José;Espírito Santo;100;0;50;20;0;100
7640;0;São José;Extrema;50;0;0;0;50;0
7641;0;São José;Farrapos;100;50;30;12;50;50
7642;0;São José;Farroupilha;50;0;32;10;0;50
7643;0;São José;Floresta;100;50;22;15;50;50
7644;0;São José;Glória;650;100;149;46;400;250
7645;0;São José;Guarujá;0;0;0;0;0;0
7646;0;São José;Higienópolis;50;0;32;15;0;50
7647;0;São José;Humaitá;50;0;35;6;0;50
7648;0;São José;Hípica;150;50;76;11;50;100
7649;0;São José;Independência;150;0;21;19;100;50
7650;0;São José;Ipanema;50;0;34;12;0;50
7651;0;São José;Jardim Botânico;650;0;389;113;0;650
7652;0;São José;Jardim Carvalho;1043;200;329;86;593;450
7653;0;São José;Jardim Europa;200;0;90;21;50;150
7654;0;São José;Jardim Floresta;100;50;24;7;50;50
7655;0;São José;Jardim Isabel;0;0;0;0;0;0
7656;0;São José;Jardim Itú;150;100;27;9;100;50
7657;0;São José;Jardim Leopoldina;50;50;0;0;50;0
7658;0;São José;Jardim Lindóia;50;0;31;11;0;50
7659;0;São José;Jardim Sabará;50;0;25;15;0;50
7660;0;São José;Jardim São Pedro;0;0;0;0;0;0
7661;0;São José;Jardim do Salso;850;150;258;76;400;450
7662;0;São José;Lageado;0;0;0;0;0;0
7663;0;São José;Lami;100;0;64;14;0;100
7664;0;São José;Lomba do Pinheiro;1000;250;404;98;350;650
7665;0;São José;Medianeira;50;0;32;11;0;50
7666;0;São José;Menino Deus;50;50;0;0;50;0
7667;0;São José;Moinhos de Vento;150;0;38;49;50;100
7668;0;São José;Mont'Serrat;50;50;0;0;50;0
7669;0;São José;Morro Santana;150;0;55;16;50;100
7670;0;São José;Mário Quintana;200;0;108;33;0;200
7671;0;São José;Navegantes;0;0;0;0;0;0
7672;0;São José;Nonoai;350;50;214;42;100;250
7673;0;São José;Parque Santa Fé;200;150;27;11;150;50
7674;0;São José;Partenon;500;50;251;81;100;400
7675;0;São José;Passo D'Areia;150;50;39;36;50;100
7676;0;São José;Passo das Pedras;100;0;26;9;50;50
7677;0;São José;Pedra Redonda;50;50;0;0;50;0
7678;0;São José;Petrópolis;600;150;217;105;200;400
7679;0;São José;Pitinga;200;0;83;22;50;150
7680;0;São José;Ponta Grossa;200;100;32;8;150;50
7681;0;São José;Praia de Belas;0;0;0;0;0;0
7682;0;São José;Restinga;400;50;169;41;100;300
7683;0;São José;Rio Branco;100;50;38;5;50;50
7684;0;São José;Rubem Berta;200;50;110;26;100;100
7685;0;São José;Santa Cecília;0;0;0;0;0;0
7686;0;São José;Santa Maria Goretti;0;0;0;0;0;0
7687;0;São José;Santa Rosa de Lima;150;0;26;8;100;50
7688;0;São José;Santa Tereza;250;0;82;25;100;150
7689;0;São José;Santana;250;50;130;44;100;150
7690;0;São José;Santo Antônio;100;0;29;14;50;50
7691;0;São José;Sarandi;350;50;113;47;150;200
7692;0;São José;Serraria;200;0;88;33;50;150
7693;0;São José;São Caetano;50;0;27;7;0;50
7694;0;São José;São Geraldo;100;50;36;3;50;50
7695;0;São José;São José;10200;700;5124;1456;1800;8400
7696;0;São José;São João;150;50;67;20;50;100
7697;0;São José;São Sebastião;0;0;0;0;0;0
7698;0;São José;Sétimo Céu;100;100;0;0;100;0
7699;0;São José;Teresópolis;250;50;89;37;100;150
7700;0;São José;Tristeza;150;0;57;30;50;100
7701;0;São José;Três Figueiras;200;50;84;27;50;150
7702;0;São José;Vila Assunção;0;0;0;0;0;0
7703;0;São José;Vila Conceição;50;50;0;0;50;0
7704;0;São José;Vila Ipiranga;100;50;34;8;50;50
7705;0;São José;Vila Jardim;250;50;27;15;200;50
7706;0;São José;Vila João Pessoa;1735;600;414;144;1035;700
7707;0;São José;Vila Nova;600;200;130;55;350;250
7708;0;São João;Aberta dos Morros;50;0;0;0;50;0
7709;0;São João;Agronomia;50;0;0;0;50;0
7710;0;São João;Anchieta;157;50;54;19;57;100
7711;0;São João;Arquipélago;100;50;50;0;100;0
7712;0;São João;Auxiliadora;1500;300;427;256;650;850
7713;0;São João;Azenha;150;50;23;17;100;50
7714;0;São João;Bela Vista;350;50;136;78;100;250
7715;0;São João;Belém Novo;0;0;0;0;0;0
7716;0;São João;Belém Velho;0;0;0;0;0;0
7717;0;São João;Boa Vista;350;0;190;75;0;350
7718;0;São João;Boa Vista do Sul;0;0;0;0;0;0
7719;0;São João;Bom Fim;350;50;116;53;150;200
7720;0;São João;Bom Jesus;0;0;0;0;0;0
7721;0;São João;Camaquã;150;0;60;14;50;100
7722;0;São João;Campo Novo;0;0;0;0;0;0
7723;0;São João;Cascata;0;0;0;0;0;0
7724;0;São João;Cavalhada;50;50;0;0;50;0
7725;0;São João;Cel. Aparício Borges;50;0;28;14;0;50
7726;0;São João;Centro Histórico;366;0;128;56;166;200
7727;0;São João;Chapéu do Sol;0;0;0;0;0;0
7728;0;São João;Chácara das Pedras;50;0;33;12;0;50
7729;0;São João;Cidade Baixa;100;0;54;23;0;100
7730;0;São João;Costa e Silva;50;50;0;0;50;0
7731;0;São João;Cristal;100;0;59;17;0;100
7732;0;São João;Cristo Redentor;350;50;149;59;100;250
7733;0;São João;Espírito Santo;50;0;26;12;0;50
7734;0;São João;Extrema;50;0;21;16;0;50
7735;0;São João;Farrapos;300;0;135;37;150;150
7736;0;São João;Farroupilha;150;0;81;44;0;150
7737;0;São João;Floresta;2250;50;1053;597;250;2000
7738;0;São João;Glória;100;0;26;18;50;50
7739;0;São João;Guarujá;0;0;0;0;0;0
7740;0;São João;Higienópolis;1000;350;166;48;800;200
7741;0;São João;Humaitá;250;100;63;11;150;100
7742;0;São João;Hípica;150;50;59;25;50;100
7743;0;São João;Independência;200;0;23;19;150;50
7744;0;São João;Ipanema;50;0;0;0;50;0
7745;0;São João;Jardim Botânico;200;0;122;42;0;200
7746;0;São João;Jardim Carvalho;100;0;49;27;0;100
7747;0;São João;Jardim Europa;150;0;56;27;50;100
7748;0;São João;Jardim Floresta;50;0;0;0;50;0
7749;0;São João;Jardim Isabel;0;0;0;0;0;0
7750;0;São João;Jardim Itú;150;50;53;24;50;100
7751;0;São João;Jardim Leopoldina;50;0;28;6;0;50
7752;0;São João;Jardim Lindóia;150;100;24;12;100;50
7753;0;São João;Jardim Sabará;100;0;29;16;50;50
7754;0;São João;Jardim São Pedro;200;0;136;55;50;150
7755;0;São João;Jardim do Salso;150;0;68;43;0;150
7756;0;São João;Lageado;0;0;0;0;0;0
7757;0;São João;Lami;0;0;0;0;0;0
7758;0;São João;Lomba do Pinheiro;400;100;115;39;200;200
7759;0;São João;Medianeira;150;0;57;19;50;100
7760;0;São João;Menino Deus;400;0;192;83;150;250
7761;0;São João;Moinhos de Vento;750;100;307;185;150;600
7762;0;São João;Mont'Serrat;1100;100;471;219;300;800
7763;0;São João;Morro Santana;100;0;30;9;50;50
7764;0;São João;Mário Quintana;50;0;31;7;0;50
7765;0;São João;Navegantes;400;150;103;60;200;200
7766;0;São João;Nonoai;50;0;27;9;0;50
7767;0;São João;Parque Santa Fé;0;0;0;0;0;0
7768;0;São João;Partenon;250;100;60;24;150;100
7769;0;São João;Passo D'Areia;200;50;46;32;100;100
7770;0;São João;Passo das Pedras;100;0;79;12;50;50
7771;0;São João;Pedra Redonda;100;0;25;21;50;50
7772;0;São João;Petrópolis;300;50;81;42;150;150
7773;0;São João;Pitinga;0;0;0;0;0;0
7774;0;São João;Ponta Grossa;150;50;58;29;50;100
7775;0;São João;Praia de Belas;50;0;0;0;50;0
7776;0;São João;Restinga;0;0;0;0;0;0
7777;0;São João;Rio Branco;350;50;128;78;100;250
7778;0;São João;Rubem Berta;50;0;28;10;0;50
7779;0;São João;Santa Cecília;100;0;30;10;50;50
7780;0;São João;Santa Maria Goretti;500;150;52;27;400;100
7781;0;São João;Santa Rosa de Lima;150;0;98;21;0;150
7782;0;São João;Santa Tereza;150;0;86;29;0;150
7783;0;São João;Santana;150;50;60;32;50;100
7784;0;São João;Santo Antônio;50;0;22;13;0;50
7785;0;São João;Sarandi;250;50;50;33;150;100
7786;0;São João;Serraria;50;0;30;9;0;50
7787;0;São João;São Caetano;0;0;0;0;0;0
7788;0;São João;São Geraldo;1150;50;428;219;400;750
7789;0;São João;São José;150;50;67;20;50;100
7790;0;São João;São João;3500;100;1766;850;300;3200
7791;0;São João;São Sebastião;0;0;0;0;0;0
7792;0;São João;Sétimo Céu;100;0;20;12;50;50
7793;0;São João;Teresópolis;50;0;25;20;0;50
7794;0;São João;Tristeza;50;0;27;15;0;50
7795;0;São João;Três Figueiras;350;50;182;68;100;250
7796;0;São João;Vila Assunção;50;0;31;9;0;50
7797;0;São João;Vila Conceição;0;0;0;0;0;0
7798;0;São João;Vila Ipiranga;100;50;34;12;50;50
7799;0;São João;Vila Jardim;200;50;89;40;50;150
7800;0;São João;Vila João Pessoa;250;50;121;48;100;150
7801;0;São João;Vila Nova;100;50;32;10;50;50
7802;0;São Sebastião;Aberta dos Morros;0;0;0;0;0;0
7803;0;São Sebastião;Agronomia;0;0;0;0;0;0
7804;0;São Sebastião;Anchieta;100;0;28;12;50;50
7805;0;São Sebastião;Arquipélago;100;50;27;7;50;50
7806;0;São Sebastião;Auxiliadora;100;0;53;19;0;100
7807;0;São Sebastião;Azenha;0;0;0;0;0;0
7808;0;São Sebastião;Bela Vista;0;0;0;0;0;0
7809;0;São Sebastião;Belém Novo;0;0;0;0;0;0
7810;0;São Sebastião;Belém Velho;50;0;0;0;50;0
7811;0;São Sebastião;Boa Vista;200;50;85;32;50;150
7812;0;São Sebastião;Boa Vista do Sul;0;0;0;0;0;0
7813;0;São Sebastião;Bom Fim;50;0;26;12;0;50
7814;0;São Sebastião;Bom Jesus;200;50;37;7;150;50
7815;0;São Sebastião;Camaquã;50;0;29;12;0;50
7816;0;São Sebastião;Campo Novo;0;0;0;0;0;0
7817;0;São Sebastião;Cascata;0;0;0;0;0;0
7818;0;São Sebastião;Cavalhada;50;0;33;7;0;50
7819;0;São Sebastião;Cel. Aparício Borges;50;0;0;0;50;0
7820;0;São Sebastião;Centro Histórico;250;50;58;23;150;100
7821;0;São Sebastião;Chapéu do Sol;0;0;0;0;0;0
7822;0;São Sebastião;Chácara das Pedras;100;0;56;10;0;100
7823;0;São Sebastião;Cidade Baixa;0;0;0;0;0;0
7824;0;São Sebastião;Costa e Silva;600;100;205;56;250;350
7825;0;São Sebastião;Cristal;100;0;67;9;0;100
7826;0;São Sebastião;Cristo Redentor;500;50;284;90;100;400
7827;0;São Sebastião;Espírito Santo;0;0;0;0;0;0
7828;0;São Sebastião;Extrema;0;0;0;0;0;0
7829;0;São Sebastião;Farrapos;0;0;0;0;0;0
7830;0;São Sebastião;Farroupilha;0;0;0;0;0;0
7831;0;São Sebastião;Floresta;150;0;81;38;0;150
7832;0;São Sebastião;Glória;100;0;26;10;50;50
7833;0;São Sebastião;Guarujá;0;0;0;0;0;0
7834;0;São Sebastião;Higienópolis;100;50;30;9;50;50
7835;0;São Sebastião;Humaitá;50;0;37;8;0;50
7836;0;São Sebastião;Hípica;0;0;0;0;0;0
7837;0;São Sebastião;Independência;150;0;62;25;50;100
7838;0;São Sebastião;Ipanema;150;0;82;35;0;150
7839;0;São Sebastião;Jardim Botânico;200;0;88;28;50;150
7840;0;São Sebastião;Jardim Carvalho;100;50;31;5;50;50
7841;0;São Sebastião;Jardim Europa;50;50;0;0;50;0
7842;0;São Sebastião;Jardim Floresta;700;150;295;102;250;450
7843;0;São Sebastião;Jardim Isabel;50;0;32;6;0;50
7844;0;São Sebastião;Jardim Itú;550;50;187;64;250;300
7845;0;São Sebastião;Jardim Leopoldina;350;100;85;28;200;150
7846;0;São Sebastião;Jardim Lindóia;1850;300;822;352;500;1350
7847;0;São Sebastião;Jardim Sabará;250;50;88;27;100;150
7848;0;São Sebastião;Jardim São Pedro;100;50;33;14;50;50
7849;0;São Sebastião;Jardim do Salso;0;0;0;0;0;0
7850;0;São Sebastião;Lageado;50;0;0;0;50;0
7851;0;São Sebastião;Lami;0;0;0;0;0;0
7852;0;São Sebastião;Lomba do Pinheiro;200;0;115;30;0;200
7853;0;São Sebastião;Medianeira;0;0;0;0;0;0
7854;0;São Sebastião;Menino Deus;250;0;138;59;0;250
7855;0;São Sebastião;Moinhos de Vento;50;0;24;15;0;50
7856;0;São Sebastião;Mont'Serrat;150;0;51;23;50;100
7857;0;São Sebastião;Morro Santana;150;50;0;0;150;0
7858;0;São Sebastião;Mário Quintana;100;0;65;13;0;100
7859;0;São Sebastião;Navegantes;0;0;0;0;0;0
7860;0;São Sebastião;Nonoai;50;0;33;12;0;50
7861;0;São Sebastião;Parque Santa Fé;250;50;101;26;100;150
7862;0;São Sebastião;Partenon;250;100;54;20;150;100
7863;0;São Sebastião;Passo D'Areia;164;0;80;24;64;100
7864;0;São Sebastião;Passo das Pedras;750;150;269;75;350;400
7865;0;São Sebastião;Pedra Redonda;0;0;0;0;0;0
7866;0;São Sebastião;Petrópolis;150;0;59;27;50;100
7867;0;São Sebastião;Pitinga;50;0;29;6;0;50
7868;0;São Sebastião;Ponta Grossa;0;0;0;0;0;0
7869;0;São Sebastião;Praia de Belas;100;100;0;0;100;0
7870;0;São Sebastião;Restinga;0;0;0;0;0;0
7871;0;São Sebastião;Rio Branco;0;0;0;0;0;0
7872;0;São Sebastião;Rubem Berta;300;100;86;42;150;150
7873;0;São Sebastião;Santa Cecília;0;0;0;0;0;0
7874;0;São Sebastião;Santa Maria Goretti;150;0;33;14;100;50
7875;0;São Sebastião;Santa Rosa de Lima;650;0;358;75;150;500
7876;0;São Sebastião;Santa Tereza;100;0;24;8;50;50
7877;0;São Sebastião;Santana;100;0;53;25;0;100
7878;0;São Sebastião;Santo Antônio;50;50;0;0;50;0
7879;0;São Sebastião;Sarandi;750;50;262;118;250;500
7880;0;São Sebastião;Serraria;50;0;32;9;0;50
7881;0;São Sebastião;São Caetano;0;0;0;0;0;0
7882;0;São Sebastião;São Geraldo;0;0;0;0;0;0
7883;0;São Sebastião;São José;0;0;0;0;0;0
7884;0;São Sebastião;São João;0;0;0;0;0;0
7885;0;São Sebastião;São Sebastião;6960;1800;2544;814;2660;4300
7886;0;São Sebastião;Sétimo Céu;0;0;0;0;0;0
7887;0;São Sebastião;Teresópolis;300;50;146;64;50;250
7888;0;São Sebastião;Tristeza;0;0;0;0;0;0
7889;0;São Sebastião;Três Figueiras;0;0;0;0;0;0
7890;0;São Sebastião;Vila Assunção;0;0;0;0;0;0
7891;0;São Sebastião;Vila Conceição;150;50;59;14;50;100
7892;0;São Sebastião;Vila Ipiranga;550;100;240;94;100;450
7893;0;São Sebastião;Vila Jardim;200;50;66;13;100;100
7894;0;São Sebastião;Vila João Pessoa;50;0;30;11;0;50
7895;0;São Sebastião;Vila Nova;100;0;0;0;100;0
7896;0;Sétimo Céu;Aberta dos Morros;50;0;31;11;0;50
7897;0;Sétimo Céu;Agronomia;0;0;0;0;0;0
7898;0;Sétimo Céu;Anchieta;0;0;0;0;0;0
7899;0;Sétimo Céu;Arquipélago;0;0;0;0;0;0
7900;0;Sétimo Céu;Auxiliadora;0;0;0;0;0;0
7901;0;Sétimo Céu;Azenha;0;0;0;0;0;0
7902;0;Sétimo Céu;Bela Vista;150;0;98;34;0;150
7903;0;Sétimo Céu;Belém Novo;50;0;31;7;0;50
7904;0;Sétimo Céu;Belém Velho;50;0;32;9;0;50
7905;0;Sétimo Céu;Boa Vista;0;0;0;0;0;0
7906;0;Sétimo Céu;Boa Vista do Sul;0;0;0;0;0;0
7907;0;Sétimo Céu;Bom Fim;0;0;0;0;0;0
7908;0;Sétimo Céu;Bom Jesus;0;0;0;0;0;0
7909;0;Sétimo Céu;Camaquã;1400;300;577;201;400;1000
7910;0;Sétimo Céu;Campo Novo;50;0;26;9;0;50
7911;0;Sétimo Céu;Cascata;50;0;25;9;0;50
7912;0;Sétimo Céu;Cavalhada;6350;700;2991;1080;1300;5050
7913;0;Sétimo Céu;Cel. Aparício Borges;0;0;0;0;0;0
7914;0;Sétimo Céu;Centro Histórico;50;0;0;0;50;0
7915;0;Sétimo Céu;Chapéu do Sol;0;0;0;0;0;0
7916;0;Sétimo Céu;Chácara das Pedras;0;0;0;0;0;0
7917;0;Sétimo Céu;Cidade Baixa;0;0;0;0;0;0
7918;0;Sétimo Céu;Costa e Silva;0;0;0;0;0;0
7919;0;Sétimo Céu;Cristal;900;250;209;51;650;250
7920;0;Sétimo Céu;Cristo Redentor;50;50;0;0;50;0
7921;0;Sétimo Céu;Espírito Santo;150;50;56;19;50;100
7922;0;Sétimo Céu;Extrema;0;0;0;0;0;0
7923;0;Sétimo Céu;Farrapos;200;50;90;21;50;150
7924;0;Sétimo Céu;Farroupilha;0;0;0;0;0;0
7925;0;Sétimo Céu;Floresta;50;0;29;20;0;50
7926;0;Sétimo Céu;Glória;50;0;32;11;0;50
7927;0;Sétimo Céu;Guarujá;200;0;82;23;50;150
7928;0;Sétimo Céu;Higienópolis;50;0;0;0;50;0
7929;0;Sétimo Céu;Humaitá;0;0;0;0;0;0
7930;0;Sétimo Céu;Hípica;50;0;36;6;0;50
7931;0;Sétimo Céu;Independência;0;0;0;0;0;0
7932;0;Sétimo Céu;Ipanema;1350;300;568;200;500;850
7933;0;Sétimo Céu;Jardim Botânico;0;0;0;0;0;0
7934;0;Sétimo Céu;Jardim Carvalho;50;0;36;11;0;50
7935;0;Sétimo Céu;Jardim Europa;50;0;29;9;0;50
7936;0;Sétimo Céu;Jardim Floresta;0;0;0;0;0;0
7937;0;Sétimo Céu;Jardim Isabel;496;0;259;64;96;400
7938;0;Sétimo Céu;Jardim Itú;50;0;0;0;50;0
7939;0;Sétimo Céu;Jardim Leopoldina;50;0;35;8;0;50
7940;0;Sétimo Céu;Jardim Lindóia;0;0;0;0;0;0
7941;0;Sétimo Céu;Jardim Sabará;0;0;0;0;0;0
7942;0;Sétimo Céu;Jardim São Pedro;50;50;0;0;50;0
7943;0;Sétimo Céu;Jardim do Salso;0;0;0;0;0;0
7944;0;Sétimo Céu;Lageado;0;0;0;0;0;0
7945;0;Sétimo Céu;Lami;0;0;0;0;0;0
7946;0;Sétimo Céu;Lomba do Pinheiro;100;50;22;9;50;50
7947;0;Sétimo Céu;Medianeira;50;0;30;9;0;50
7948;0;Sétimo Céu;Menino Deus;50;0;28;17;0;50
7949;0;Sétimo Céu;Moinhos de Vento;0;0;0;0;0;0
7950;0;Sétimo Céu;Mont'Serrat;0;0;0;0;0;0
7951;0;Sétimo Céu;Morro Santana;50;0;0;0;50;0
7952;0;Sétimo Céu;Mário Quintana;0;0;0;0;0;0
7953;0;Sétimo Céu;Navegantes;0;0;0;0;0;0
7954;0;Sétimo Céu;Nonoai;450;50;210;55;100;350
7955;0;Sétimo Céu;Parque Santa Fé;0;0;0;0;0;0
7956;0;Sétimo Céu;Partenon;0;0;0;0;0;0
7957;0;Sétimo Céu;Passo D'Areia;50;50;0;0;50;0
7958;0;Sétimo Céu;Passo das Pedras;0;0;0;0;0;0
7959;0;Sétimo Céu;Pedra Redonda;100;0;67;14;0;100
7960;0;Sétimo Céu;Petrópolis;150;50;68;23;50;100
7961;0;Sétimo Céu;Pitinga;0;0;0;0;0;0
7962;0;Sétimo Céu;Ponta Grossa;50;0;30;9;0;50
7963;0;Sétimo Céu;Praia de Belas;0;0;0;0;0;0
7964;0;Sétimo Céu;Restinga;250;50;82;23;100;150
7965;0;Sétimo Céu;Rio Branco;100;0;51;32;0;100
7966;0;Sétimo Céu;Rubem Berta;50;0;21;23;0;50
7967;0;Sétimo Céu;Santa Cecília;0;0;0;0;0;0
7968;0;Sétimo Céu;Santa Maria Goretti;0;0;0;0;0;0
7969;0;Sétimo Céu;Santa Rosa de Lima;150;0;88;29;0;150
7970;0;Sétimo Céu;Santa Tereza;250;50;118;32;50;200
7971;0;Sétimo Céu;Santana;50;0;0;0;50;0
7972;0;Sétimo Céu;Santo Antônio;50;0;0;0;50;0
7973;0;Sétimo Céu;Sarandi;150;50;23;11;100;50
7974;0;Sétimo Céu;Serraria;100;0;50;10;0;100
7975;0;Sétimo Céu;São Caetano;0;0;0;0;0;0
7976;0;Sétimo Céu;São Geraldo;50;0;26;13;0;50
7977;0;Sétimo Céu;São José;100;100;0;0;100;0
7978;0;Sétimo Céu;São João;100;0;20;12;50;50
7979;0;Sétimo Céu;São Sebastião;0;0;0;0;0;0
7980;0;Sétimo Céu;Sétimo Céu;300;100;112;34;100;200
7981;0;Sétimo Céu;Teresópolis;150;50;66;16;50;100
7982;0;Sétimo Céu;Tristeza;3552;1700;397;161;3052;500
7983;0;Sétimo Céu;Três Figueiras;50;0;0;0;50;0
7984;0;Sétimo Céu;Vila Assunção;250;0;146;63;0;250
7985;0;Sétimo Céu;Vila Conceição;0;0;0;0;0;0
7986;0;Sétimo Céu;Vila Ipiranga;50;0;27;11;0;50
7987;0;Sétimo Céu;Vila Jardim;50;50;0;0;50;0
7988;0;Sétimo Céu;Vila João Pessoa;0;0;0;0;0;0
7989;0;Sétimo Céu;Vila Nova;350;0;183;53;50;300
7990;0;Teresópolis;Aberta dos Morros;100;50;0;0;100;0
7991;0;Teresópolis;Agronomia;0;0;0;0;0;0
7992;0;Teresópolis;Anchieta;100;0;31;10;50;50
7993;0;Teresópolis;Arquipélago;50;0;29;5;0;50
7994;0;Teresópolis;Auxiliadora;100;0;57;28;0;100
7995;0;Teresópolis;Azenha;500;100;207;90;150;350
7996;0;Teresópolis;Bela Vista;0;0;0;0;0;0
7997;0;Teresópolis;Belém Novo;100;0;28;16;50;50
7998;0;Teresópolis;Belém Velho;850;100;307;95;350;500
7999;0;Teresópolis;Boa Vista;200;50;59;31;100;100
8000;0;Teresópolis;Boa Vista do Sul;150;0;60;20;50;100
8001;0;Teresópolis;Bom Fim;150;100;50;0;150;0
8002;0;Teresópolis;Bom Jesus;50;0;32;7;0;50
8003;0;Teresópolis;Camaquã;850;100;448;136;100;750
8004;0;Teresópolis;Campo Novo;350;100;151;44;100;250
8005;0;Teresópolis;Cascata;450;100;109;29;250;200
8006;0;Teresópolis;Cavalhada;600;150;246;97;250;350
8007;0;Teresópolis;Cel. Aparício Borges;350;50;177;64;50;300
8008;0;Teresópolis;Centro Histórico;150;0;52;28;50;100
8009;0;Teresópolis;Chapéu do Sol;150;50;33;7;100;50
8010;0;Teresópolis;Chácara das Pedras;100;0;57;26;0;100
8011;0;Teresópolis;Cidade Baixa;250;0;114;51;50;200
8012;0;Teresópolis;Costa e Silva;150;100;0;0;150;0
8013;0;Teresópolis;Cristal;350;0;205;50;100;250
8014;0;Teresópolis;Cristo Redentor;100;50;0;0;100;0
8015;0;Teresópolis;Espírito Santo;250;50;92;28;100;150
8016;0;Teresópolis;Extrema;50;0;25;13;0;50
8017;0;Teresópolis;Farrapos;50;0;33;3;0;50
8018;0;Teresópolis;Farroupilha;100;0;78;15;0;100
8019;0;Teresópolis;Floresta;100;50;31;8;50;50
8020;0;Teresópolis;Glória;1550;900;214;82;1200;350
8021;0;Teresópolis;Guarujá;0;0;0;0;0;0
8022;0;Teresópolis;Higienópolis;250;0;111;53;50;200
8023;0;Teresópolis;Humaitá;50;0;50;0;50;0
8024;0;Teresópolis;Hípica;100;0;67;21;0;100
8025;0;Teresópolis;Independência;0;0;0;0;0;0
8026;0;Teresópolis;Ipanema;550;200;178;45;350;200
8027;0;Teresópolis;Jardim Botânico;250;50;27;13;200;50
8028;0;Teresópolis;Jardim Carvalho;250;0;83;26;100;150
8029;0;Teresópolis;Jardim Europa;0;0;0;0;0;0
8030;0;Teresópolis;Jardim Floresta;50;0;32;7;0;50
8031;0;Teresópolis;Jardim Isabel;0;0;0;0;0;0
8032;0;Teresópolis;Jardim Itú;100;0;33;8;50;50
8033;0;Teresópolis;Jardim Leopoldina;50;0;32;6;0;50
8034;0;Teresópolis;Jardim Lindóia;100;0;31;11;50;50
8035;0;Teresópolis;Jardim Sabará;150;50;56;20;50;100
8036;0;Teresópolis;Jardim São Pedro;50;0;23;14;0;50
8037;0;Teresópolis;Jardim do Salso;50;0;29;12;0;50
8038;0;Teresópolis;Lageado;50;0;0;0;50;0
8039;0;Teresópolis;Lami;150;50;62;18;50;100
8040;0;Teresópolis;Lomba do Pinheiro;50;0;27;5;0;50
8041;0;Teresópolis;Medianeira;350;50;115;50;150;200
8042;0;Teresópolis;Menino Deus;100;50;31;17;50;50
8043;0;Teresópolis;Moinhos de Vento;50;0;31;18;0;50
8044;0;Teresópolis;Mont'Serrat;50;0;25;12;0;50
8045;0;Teresópolis;Morro Santana;50;0;30;11;0;50
8046;0;Teresópolis;Mário Quintana;150;0;21;15;100;50
8047;0;Teresópolis;Navegantes;50;0;27;13;0;50
8048;0;Teresópolis;Nonoai;7700;400;3966;1546;1000;6700
8049;0;Teresópolis;Parque Santa Fé;50;0;33;7;0;50
8050;0;Teresópolis;Partenon;850;150;285;99;350;500
8051;0;Teresópolis;Passo D'Areia;100;0;53;35;0;100
8052;0;Teresópolis;Passo das Pedras;250;0;154;48;0;250
8053;0;Teresópolis;Pedra Redonda;0;0;0;0;0;0
8054;0;Teresópolis;Petrópolis;450;200;94;38;300;150
8055;0;Teresópolis;Pitinga;50;0;31;4;0;50
8056;0;Teresópolis;Ponta Grossa;50;0;33;10;0;50
8057;0;Teresópolis;Praia de Belas;150;0;86;21;0;150
8058;0;Teresópolis;Restinga;550;50;304;82;50;500
8059;0;Teresópolis;Rio Branco;150;50;68;26;50;100
8060;0;Teresópolis;Rubem Berta;150;0;88;36;0;150
8061;0;Teresópolis;Santa Cecília;100;0;30;14;50;50
8062;0;Teresópolis;Santa Maria Goretti;100;100;0;0;100;0
8063;0;Teresópolis;Santa Rosa de Lima;100;100;0;0;100;0
8064;0;Teresópolis;Santa Tereza;1000;100;376;132;350;650
8065;0;Teresópolis;Santana;350;150;22;12;300;50
8066;0;Teresópolis;Santo Antônio;250;100;86;40;100;150
8067;0;Teresópolis;Sarandi;350;50;164;86;50;300
8068;0;Teresópolis;Serraria;50;0;30;7;0;50
8069;0;Teresópolis;São Caetano;50;0;0;0;50;0
8070;0;Teresópolis;São Geraldo;0;0;0;0;0;0
8071;0;Teresópolis;São José;250;50;89;37;100;150
8072;0;Teresópolis;São João;50;0;25;20;0;50
8073;0;Teresópolis;São Sebastião;300;50;146;64;50;250
8074;0;Teresópolis;Sétimo Céu;150;50;66;16;50;100
8075;0;Teresópolis;Teresópolis;1300;100;646;276;200;1100
8076;0;Teresópolis;Tristeza;650;0;377;161;100;550
8077;0;Teresópolis;Três Figueiras;50;50;0;0;50;0
8078;0;Teresópolis;Vila Assunção;100;0;65;27;0;100
8079;0;Teresópolis;Vila Conceição;0;0;0;0;0;0
8080;0;Teresópolis;Vila Ipiranga;150;100;34;14;100;50
8081;0;Teresópolis;Vila Jardim;50;0;0;0;50;0
8082;0;Teresópolis;Vila João Pessoa;300;0;158;52;50;250
8083;0;Teresópolis;Vila Nova;2050;400;768;272;700;1350
8084;0;Tristeza;Aberta dos Morros;50;0;0;0;50;0
8085;0;Tristeza;Agronomia;50;0;31;13;0;50
8086;0;Tristeza;Anchieta;50;0;0;0;50;0
8087;0;Tristeza;Arquipélago;151;100;30;11;101;50
8088;0;Tristeza;Auxiliadora;150;50;24;20;100;50
8089;0;Tristeza;Azenha;150;0;86;41;0;150
8090;0;Tristeza;Bela Vista;0;0;0;0;0;0
8091;0;Tristeza;Belém Novo;50;50;0;0;50;0
8092;0;Tristeza;Belém Velho;100;0;60;23;0;100
8093;0;Tristeza;Boa Vista;0;0;0;0;0;0
8094;0;Tristeza;Boa Vista do Sul;50;0;23;17;0;50
8095;0;Tristeza;Bom Fim;0;0;0;0;0;0
8096;0;Tristeza;Bom Jesus;0;0;0;0;0;0
8097;0;Tristeza;Camaquã;1250;400;451;217;450;800
8098;0;Tristeza;Campo Novo;400;0;199;106;50;350
8099;0;Tristeza;Cascata;200;50;0;0;200;0
8100;0;Tristeza;Cavalhada;900;150;290;121;400;500
8101;0;Tristeza;Cel. Aparício Borges;50;0;30;18;0;50
8102;0;Tristeza;Centro Histórico;200;0;114;51;0;200
8103;0;Tristeza;Chapéu do Sol;100;50;29;14;50;50
8104;0;Tristeza;Chácara das Pedras;50;0;22;14;0;50
8105;0;Tristeza;Cidade Baixa;200;0;86;38;50;150
8106;0;Tristeza;Costa e Silva;150;50;67;29;50;100
8107;0;Tristeza;Cristal;1100;50;437;202;350;750
8108;0;Tristeza;Cristo Redentor;50;0;25;14;0;50
8109;0;Tristeza;Espírito Santo;100;0;58;37;0;100
8110;0;Tristeza;Extrema;50;0;0;0;50;0
8111;0;Tristeza;Farrapos;150;50;36;10;100;50
8112;0;Tristeza;Farroupilha;150;100;35;12;100;50
8113;0;Tristeza;Floresta;50;0;28;11;0;50
8114;0;Tristeza;Glória;150;50;34;16;100;50
8115;0;Tristeza;Guarujá;100;50;33;15;50;50
8116;0;Tristeza;Higienópolis;50;50;0;0;50;0
8117;0;Tristeza;Humaitá;50;0;0;0;50;0
8118;0;Tristeza;Hípica;200;0;142;23;0;200
8119;0;Tristeza;Independência;0;0;0;0;0;0
8120;0;Tristeza;Ipanema;700;100;312;128;200;500
8121;0;Tristeza;Jardim Botânico;100;0;30;16;50;50
8122;0;Tristeza;Jardim Carvalho;100;0;56;28;0;100
8123;0;Tristeza;Jardim Europa;50;0;36;11;0;50
8124;0;Tristeza;Jardim Floresta;50;0;32;14;0;50
8125;0;Tristeza;Jardim Isabel;1000;0;531;258;100;900
8126;0;Tristeza;Jardim Itú;100;0;59;32;0;100
8127;0;Tristeza;Jardim Leopoldina;50;50;0;0;50;0
8128;0;Tristeza;Jardim Lindóia;0;0;0;0;0;0
8129;0;Tristeza;Jardim Sabará;100;0;58;28;0;100
8130;0;Tristeza;Jardim São Pedro;50;50;0;0;50;0
8131;0;Tristeza;Jardim do Salso;0;0;0;0;0;0
8132;0;Tristeza;Lageado;100;0;62;23;0;100
8133;0;Tristeza;Lami;0;0;0;0;0;0
8134;0;Tristeza;Lomba do Pinheiro;350;50;159;47;50;300
8135;0;Tristeza;Medianeira;200;0;91;55;50;150
8136;0;Tristeza;Menino Deus;250;0;132;68;0;250
8137;0;Tristeza;Moinhos de Vento;0;0;0;0;0;0
8138;0;Tristeza;Mont'Serrat;0;0;0;0;0;0
8139;0;Tristeza;Morro Santana;50;50;0;0;50;0
8140;0;Tristeza;Mário Quintana;50;0;33;4;0;50
8141;0;Tristeza;Navegantes;50;0;22;17;0;50
8142;0;Tristeza;Nonoai;900;350;261;91;550;350
8143;0;Tristeza;Parque Santa Fé;0;0;0;0;0;0
8144;0;Tristeza;Partenon;100;0;44;23;0;100
8145;0;Tristeza;Passo D'Areia;0;0;0;0;0;0
8146;0;Tristeza;Passo das Pedras;0;0;0;0;0;0
8147;0;Tristeza;Pedra Redonda;1000;100;452;211;250;750
8148;0;Tristeza;Petrópolis;100;0;61;23;0;100
8149;0;Tristeza;Pitinga;50;50;0;0;50;0
8150;0;Tristeza;Ponta Grossa;100;100;0;0;100;0
8151;0;Tristeza;Praia de Belas;100;50;37;11;50;50
8152;0;Tristeza;Restinga;150;0;52;29;50;100
8153;0;Tristeza;Rio Branco;50;0;0;0;50;0
8154;0;Tristeza;Rubem Berta;100;0;44;34;0;100
8155;0;Tristeza;Santa Cecília;0;0;0;0;0;0
8156;0;Tristeza;Santa Maria Goretti;0;0;0;0;0;0
8157;0;Tristeza;Santa Rosa de Lima;100;0;53;42;0;100
8158;0;Tristeza;Santa Tereza;900;400;168;85;600;300
8159;0;Tristeza;Santana;50;0;0;0;50;0
8160;0;Tristeza;Santo Antônio;200;150;29;16;150;50
8161;0;Tristeza;Sarandi;250;0;138;62;0;250
8162;0;Tristeza;Serraria;250;50;104;34;100;150
8163;0;Tristeza;São Caetano;0;0;0;0;0;0
8164;0;Tristeza;São Geraldo;50;0;28;22;0;50
8165;0;Tristeza;São José;150;0;57;30;50;100
8166;0;Tristeza;São João;50;0;27;15;0;50
8167;0;Tristeza;São Sebastião;0;0;0;0;0;0
8168;0;Tristeza;Sétimo Céu;3552;1700;397;161;3052;500
8169;0;Tristeza;Teresópolis;650;0;377;161;100;550
8170;0;Tristeza;Tristeza;1300;300;372;228;600;700
8171;0;Tristeza;Três Figueiras;50;0;0;0;50;0
8172;0;Tristeza;Vila Assunção;1500;400;417;183;850;650
8173;0;Tristeza;Vila Conceição;650;200;241;135;200;450
8174;0;Tristeza;Vila Ipiranga;0;0;0;0;0;0
8175;0;Tristeza;Vila Jardim;50;0;33;12;0;50
8176;0;Tristeza;Vila João Pessoa;0;0;0;0;0;0
8177;0;Tristeza;Vila Nova;1300;50;718;362;50;1250
8178;0;Três Figueiras;Aberta dos Morros;0;0;0;0;0;0
8179;0;Três Figueiras;Agronomia;50;0;0;0;50;0
8180;0;Três Figueiras;Anchieta;100;50;31;15;50;50
8181;0;Três Figueiras;Arquipélago;100;0;72;16;50;50
8182;0;Três Figueiras;Auxiliadora;800;50;300;180;200;600
8183;0;Três Figueiras;Azenha;0;0;0;0;0;0
8184;0;Três Figueiras;Bela Vista;400;150;114;50;200;200
8185;0;Três Figueiras;Belém Novo;100;0;49;25;0;100
8186;0;Três Figueiras;Belém Velho;50;0;35;8;0;50
8187;0;Três Figueiras;Boa Vista;800;150;393;138;250;550
8188;0;Três Figueiras;Boa Vista do Sul;0;0;0;0;0;0
8189;0;Três Figueiras;Bom Fim;0;0;0;0;0;0
8190;0;Três Figueiras;Bom Jesus;250;0;149;45;0;250
8191;0;Três Figueiras;Camaquã;100;0;46;26;0;100
8192;0;Três Figueiras;Campo Novo;100;0;31;15;50;50
8193;0;Três Figueiras;Cascata;50;0;22;7;0;50
8194;0;Três Figueiras;Cavalhada;150;100;27;11;100;50
8195;0;Três Figueiras;Cel. Aparício Borges;100;0;59;11;0;100
8196;0;Três Figueiras;Centro Histórico;500;50;173;76;150;350
8197;0;Três Figueiras;Chapéu do Sol;50;0;27;7;0;50
8198;0;Três Figueiras;Chácara das Pedras;628;300;25;14;578;50
8199;0;Três Figueiras;Cidade Baixa;200;50;80;31;50;150
8200;0;Três Figueiras;Costa e Silva;100;50;23;6;50;50
8201;0;Três Figueiras;Cristal;150;0;84;27;0;150
8202;0;Três Figueiras;Cristo Redentor;200;50;60;18;100;100
8203;0;Três Figueiras;Espírito Santo;0;0;0;0;0;0
8204;0;Três Figueiras;Extrema;0;0;0;0;0;0
8205;0;Três Figueiras;Farrapos;150;50;46;20;50;100
8206;0;Três Figueiras;Farroupilha;100;50;0;0;100;0
8207;0;Três Figueiras;Floresta;200;0;58;27;100;100
8208;0;Três Figueiras;Glória;150;0;27;16;100;50
8209;0;Três Figueiras;Guarujá;0;0;0;0;0;0
8210;0;Três Figueiras;Higienópolis;250;0;121;50;50;200
8211;0;Três Figueiras;Humaitá;50;0;32;7;0;50
8212;0;Três Figueiras;Hípica;100;0;35;6;50;50
8213;0;Três Figueiras;Independência;50;0;0;0;50;0
8214;0;Três Figueiras;Ipanema;0;0;0;0;0;0
8215;0;Três Figueiras;Jardim Botânico;300;100;88;34;150;150
8216;0;Três Figueiras;Jardim Carvalho;0;0;0;0;0;0
8217;0;Três Figueiras;Jardim Europa;300;150;70;22;200;100
8218;0;Três Figueiras;Jardim Floresta;0;0;0;0;0;0
8219;0;Três Figueiras;Jardim Isabel;50;0;35;7;0;50
8220;0;Três Figueiras;Jardim Itú;200;50;87;38;50;150
8221;0;Três Figueiras;Jardim Leopoldina;200;50;61;18;100;100
8222;0;Três Figueiras;Jardim Lindóia;100;0;50;0;100;0
8223;0;Três Figueiras;Jardim Sabará;200;0;52;25;100;100
8224;0;Três Figueiras;Jardim São Pedro;150;50;62;20;50;100
8225;0;Três Figueiras;Jardim do Salso;0;0;0;0;0;0
8226;0;Três Figueiras;Lageado;50;0;23;13;0;50
8227;0;Três Figueiras;Lami;0;0;0;0;0;0
8228;0;Três Figueiras;Lomba do Pinheiro;300;100;113;27;100;200
8229;0;Três Figueiras;Medianeira;100;50;30;8;50;50
8230;0;Três Figueiras;Menino Deus;100;0;30;20;50;50
8231;0;Três Figueiras;Moinhos de Vento;450;50;199;147;50;400
8232;0;Três Figueiras;Mont'Serrat;1800;150;890;348;300;1500
8233;0;Três Figueiras;Morro Santana;50;0;50;0;50;0
8234;0;Três Figueiras;Mário Quintana;250;100;58;14;150;100
8235;0;Três Figueiras;Navegantes;50;0;38;7;0;50
8236;0;Três Figueiras;Nonoai;150;0;37;8;100;50
8237;0;Três Figueiras;Parque Santa Fé;150;0;85;33;0;150
8238;0;Três Figueiras;Partenon;150;0;100;30;0;150
8239;0;Três Figueiras;Passo D'Areia;600;100;257;136;150;450
8240;0;Três Figueiras;Passo das Pedras;0;0;0;0;0;0
8241;0;Três Figueiras;Pedra Redonda;0;0;0;0;0;0
8242;0;Três Figueiras;Petrópolis;10400;1600;4190;1854;3600;6800
8243;0;Três Figueiras;Pitinga;0;0;0;0;0;0
8244;0;Três Figueiras;Ponta Grossa;0;0;0;0;0;0
8245;0;Três Figueiras;Praia de Belas;50;0;33;7;0;50
8246;0;Três Figueiras;Restinga;0;0;0;0;0;0
8247;0;Três Figueiras;Rio Branco;50;0;24;14;0;50
8248;0;Três Figueiras;Rubem Berta;300;50;74;41;150;150
8249;0;Três Figueiras;Santa Cecília;0;0;0;0;0;0
8250;0;Três Figueiras;Santa Maria Goretti;50;0;27;14;0;50
8251;0;Três Figueiras;Santa Rosa de Lima;150;0;64;11;50;100
8252;0;Três Figueiras;Santa Tereza;150;0;100;20;0;150
8253;0;Três Figueiras;Santana;150;100;31;16;100;50
8254;0;Três Figueiras;Santo Antônio;133;50;29;9;83;50
8255;0;Três Figueiras;Sarandi;100;50;23;14;50;50
8256;0;Três Figueiras;Serraria;50;0;29;12;0;50
8257;0;Três Figueiras;São Caetano;0;0;0;0;0;0
8258;0;Três Figueiras;São Geraldo;50;50;0;0;50;0
8259;0;Três Figueiras;São José;200;50;84;27;50;150
8260;0;Três Figueiras;São João;350;50;182;68;100;250
8261;0;Três Figueiras;São Sebastião;0;0;0;0;0;0
8262;0;Três Figueiras;Sétimo Céu;50;0;0;0;50;0
8263;0;Três Figueiras;Teresópolis;50;50;0;0;50;0
8264;0;Três Figueiras;Tristeza;50;0;0;0;50;0
8265;0;Três Figueiras;Três Figueiras;300;0;112;38;100;200
8266;0;Três Figueiras;Vila Assunção;0;0;0;0;0;0
8267;0;Três Figueiras;Vila Conceição;0;0;0;0;0;0
8268;0;Três Figueiras;Vila Ipiranga;450;200;132;69;200;250
8269;0;Três Figueiras;Vila Jardim;550;150;188;72;250;300
8270;0;Três Figueiras;Vila João Pessoa;150;0;62;24;50;100
8271;0;Três Figueiras;Vila Nova;50;0;30;7;0;50
8272;0;Vila Assunção;Aberta dos Morros;50;0;0;0;50;0
8273;0;Vila Assunção;Agronomia;0;0;0;0;0;0
8274;0;Vila Assunção;Anchieta;0;0;0;0;0;0
8275;0;Vila Assunção;Arquipélago;100;0;19;6;50;50
8276;0;Vila Assunção;Auxiliadora;50;0;33;10;0;50
8277;0;Vila Assunção;Azenha;50;0;27;10;0;50
8278;0;Vila Assunção;Bela Vista;50;0;28;17;0;50
8279;0;Vila Assunção;Belém Novo;100;0;62;24;0;100
8280;0;Vila Assunção;Belém Velho;0;0;0;0;0;0
8281;0;Vila Assunção;Boa Vista;100;50;24;16;50;50
8282;0;Vila Assunção;Boa Vista do Sul;50;0;25;11;0;50
8283;0;Vila Assunção;Bom Fim;0;0;0;0;0;0
8284;0;Vila Assunção;Bom Jesus;0;0;0;0;0;0
8285;0;Vila Assunção;Camaquã;900;200;160;73;600;300
8286;0;Vila Assunção;Campo Novo;50;0;50;0;50;0
8287;0;Vila Assunção;Cascata;0;0;0;0;0;0
8288;0;Vila Assunção;Cavalhada;400;50;195;83;50;350
8289;0;Vila Assunção;Cel. Aparício Borges;50;0;26;5;0;50
8290;0;Vila Assunção;Centro Histórico;100;0;40;25;0;100
8291;0;Vila Assunção;Chapéu do Sol;0;0;0;0;0;0
8292;0;Vila Assunção;Chácara das Pedras;50;0;26;11;0;50
8293;0;Vila Assunção;Cidade Baixa;0;0;0;0;0;0
8294;0;Vila Assunção;Costa e Silva;50;0;32;12;0;50
8295;0;Vila Assunção;Cristal;1300;300;511;183;500;800
8296;0;Vila Assunção;Cristo Redentor;50;0;50;0;50;0
8297;0;Vila Assunção;Espírito Santo;100;0;31;8;50;50
8298;0;Vila Assunção;Extrema;0;0;0;0;0;0
8299;0;Vila Assunção;Farrapos;0;0;0;0;0;0
8300;0;Vila Assunção;Farroupilha;0;0;0;0;0;0
8301;0;Vila Assunção;Floresta;0;0;0;0;0;0
8302;0;Vila Assunção;Glória;50;0;23;10;0;50
8303;0;Vila Assunção;Guarujá;0;0;0;0;0;0
8304;0;Vila Assunção;Higienópolis;0;0;0;0;0;0
8305;0;Vila Assunção;Humaitá;100;50;35;9;50;50
8306;0;Vila Assunção;Hípica;50;50;0;0;50;0
8307;0;Vila Assunção;Independência;50;0;0;0;50;0
8308;0;Vila Assunção;Ipanema;100;0;0;0;100;0
8309;0;Vila Assunção;Jardim Botânico;50;0;30;12;0;50
8310;0;Vila Assunção;Jardim Carvalho;100;0;27;15;50;50
8311;0;Vila Assunção;Jardim Europa;50;0;26;12;0;50
8312;0;Vila Assunção;Jardim Floresta;0;0;0;0;0;0
8313;0;Vila Assunção;Jardim Isabel;0;0;0;0;0;0
8314;0;Vila Assunção;Jardim Itú;50;50;0;0;50;0
8315;0;Vila Assunção;Jardim Leopoldina;0;0;0;0;0;0
8316;0;Vila Assunção;Jardim Lindóia;0;0;0;0;0;0
8317;0;Vila Assunção;Jardim Sabará;0;0;0;0;0;0
8318;0;Vila Assunção;Jardim São Pedro;0;0;0;0;0;0
8319;0;Vila Assunção;Jardim do Salso;0;0;0;0;0;0
8320;0;Vila Assunção;Lageado;0;0;0;0;0;0
8321;0;Vila Assunção;Lami;0;0;0;0;0;0
8322;0;Vila Assunção;Lomba do Pinheiro;150;0;92;17;0;150
8323;0;Vila Assunção;Medianeira;150;0;55;23;50;100
8324;0;Vila Assunção;Menino Deus;100;0;52;29;0;100
8325;0;Vila Assunção;Moinhos de Vento;50;0;30;11;0;50
8326;0;Vila Assunção;Mont'Serrat;0;0;0;0;0;0
8327;0;Vila Assunção;Morro Santana;50;0;30;9;0;50
8328;0;Vila Assunção;Mário Quintana;100;0;59;22;0;100
8329;0;Vila Assunção;Navegantes;0;0;0;0;0;0
8330;0;Vila Assunção;Nonoai;300;100;102;46;100;200
8331;0;Vila Assunção;Parque Santa Fé;0;0;0;0;0;0
8332;0;Vila Assunção;Partenon;100;0;28;12;50;50
8333;0;Vila Assunção;Passo D'Areia;50;0;16;22;0;50
8334;0;Vila Assunção;Passo das Pedras;0;0;0;0;0;0
8335;0;Vila Assunção;Pedra Redonda;50;0;34;14;0;50
8336;0;Vila Assunção;Petrópolis;100;50;0;0;100;0
8337;0;Vila Assunção;Pitinga;0;0;0;0;0;0
8338;0;Vila Assunção;Ponta Grossa;50;0;0;0;50;0
8339;0;Vila Assunção;Praia de Belas;100;50;24;13;50;50
8340;0;Vila Assunção;Restinga;50;0;31;8;0;50
8341;0;Vila Assunção;Rio Branco;100;0;51;30;0;100
8342;0;Vila Assunção;Rubem Berta;50;50;0;0;50;0
8343;0;Vila Assunção;Santa Cecília;0;0;0;0;0;0
8344;0;Vila Assunção;Santa Maria Goretti;0;0;0;0;0;0
8345;0;Vila Assunção;Santa Rosa de Lima;50;0;28;13;0;50
8346;0;Vila Assunção;Santa Tereza;200;100;30;10;150;50
8347;0;Vila Assunção;Santana;50;0;24;17;0;50
8348;0;Vila Assunção;Santo Antônio;50;50;0;0;50;0
8349;0;Vila Assunção;Sarandi;100;0;59;28;0;100
8350;0;Vila Assunção;Serraria;0;0;0;0;0;0
8351;0;Vila Assunção;São Caetano;0;0;0;0;0;0
8352;0;Vila Assunção;São Geraldo;0;0;0;0;0;0
8353;0;Vila Assunção;São José;0;0;0;0;0;0
8354;0;Vila Assunção;São João;50;0;31;9;0;50
8355;0;Vila Assunção;São Sebastião;0;0;0;0;0;0
8356;0;Vila Assunção;Sétimo Céu;250;0;146;63;0;250
8357;0;Vila Assunção;Teresópolis;100;0;65;27;0;100
8358;0;Vila Assunção;Tristeza;1500;400;417;183;850;650
8359;0;Vila Assunção;Três Figueiras;0;0;0;0;0;0
8360;0;Vila Assunção;Vila Assunção;1800;600;462;204;1000;800
8361;0;Vila Assunção;Vila Conceição;250;100;103;27;100;150
8362;0;Vila Assunção;Vila Ipiranga;50;0;33;15;0;50
8363;0;Vila Assunção;Vila Jardim;100;0;66;27;0;100
8364;0;Vila Assunção;Vila João Pessoa;100;0;52;31;0;100
8365;0;Vila Assunção;Vila Nova;550;50;263;126;50;500
8366;0;Vila Conceição;Aberta dos Morros;150;100;0;0;150;0
8367;0;Vila Conceição;Agronomia;0;0;0;0;0;0
8368;0;Vila Conceição;Anchieta;0;0;0;0;0;0
8369;0;Vila Conceição;Arquipélago;0;0;0;0;0;0
8370;0;Vila Conceição;Auxiliadora;50;0;50;0;50;0
8371;0;Vila Conceição;Azenha;50;0;28;15;0;50
8372;0;Vila Conceição;Bela Vista;100;0;57;31;0;100
8373;0;Vila Conceição;Belém Novo;50;50;0;0;50;0
8374;0;Vila Conceição;Belém Velho;50;0;29;17;0;50
8375;0;Vila Conceição;Boa Vista;0;0;0;0;0;0
8376;0;Vila Conceição;Boa Vista do Sul;0;0;0;0;0;0
8377;0;Vila Conceição;Bom Fim;50;0;0;0;50;0
8378;0;Vila Conceição;Bom Jesus;0;0;0;0;0;0
8379;0;Vila Conceição;Camaquã;300;50;154;46;50;250
8380;0;Vila Conceição;Campo Novo;0;0;0;0;0;0
8381;0;Vila Conceição;Cascata;0;0;0;0;0;0
8382;0;Vila Conceição;Cavalhada;600;150;186;68;250;350
8383;0;Vila Conceição;Cel. Aparício Borges;50;0;25;9;0;50
8384;0;Vila Conceição;Centro Histórico;150;0;56;18;50;100
8385;0;Vila Conceição;Chapéu do Sol;0;0;0;0;0;0
8386;0;Vila Conceição;Chácara das Pedras;50;0;27;8;0;50
8387;0;Vila Conceição;Cidade Baixa;0;0;0;0;0;0
8388;0;Vila Conceição;Costa e Silva;100;0;30;9;50;50
8389;0;Vila Conceição;Cristal;650;100;273;85;200;450
8390;0;Vila Conceição;Cristo Redentor;50;0;25;19;0;50
8391;0;Vila Conceição;Espírito Santo;250;100;102;26;100;150
8392;0;Vila Conceição;Extrema;0;0;0;0;0;0
8393;0;Vila Conceição;Farrapos;50;0;34;7;0;50
8394;0;Vila Conceição;Farroupilha;0;0;0;0;0;0
8395;0;Vila Conceição;Floresta;50;0;0;0;50;0
8396;0;Vila Conceição;Glória;0;0;0;0;0;0
8397;0;Vila Conceição;Guarujá;0;0;0;0;0;0
8398;0;Vila Conceição;Higienópolis;0;0;0;0;0;0
8399;0;Vila Conceição;Humaitá;0;0;0;0;0;0
8400;0;Vila Conceição;Hípica;50;0;0;0;50;0
8401;0;Vila Conceição;Independência;0;0;0;0;0;0
8402;0;Vila Conceição;Ipanema;1100;100;568;187;200;900
8403;0;Vila Conceição;Jardim Botânico;200;50;109;32;100;100
8404;0;Vila Conceição;Jardim Carvalho;150;0;93;25;0;150
8405;0;Vila Conceição;Jardim Europa;50;0;28;17;0;50
8406;0;Vila Conceição;Jardim Floresta;0;0;0;0;0;0
8407;0;Vila Conceição;Jardim Isabel;400;200;150;31;250;150
8408;0;Vila Conceição;Jardim Itú;50;50;0;0;50;0
8409;0;Vila Conceição;Jardim Leopoldina;0;0;0;0;0;0
8410;0;Vila Conceição;Jardim Lindóia;0;0;0;0;0;0
8411;0;Vila Conceição;Jardim Sabará;50;0;29;12;0;50
8412;0;Vila Conceição;Jardim São Pedro;0;0;0;0;0;0
8413;0;Vila Conceição;Jardim do Salso;0;0;0;0;0;0
8414;0;Vila Conceição;Lageado;0;0;0;0;0;0
8415;0;Vila Conceição;Lami;0;0;0;0;0;0
8416;0;Vila Conceição;Lomba do Pinheiro;150;0;88;27;0;150
8417;0;Vila Conceição;Medianeira;0;0;0;0;0;0
8418;0;Vila Conceição;Menino Deus;100;0;22;13;50;50
8419;0;Vila Conceição;Moinhos de Vento;0;0;0;0;0;0
8420;0;Vila Conceição;Mont'Serrat;0;0;0;0;0;0
8421;0;Vila Conceição;Morro Santana;50;0;26;7;0;50
8422;0;Vila Conceição;Mário Quintana;200;0;119;34;0;200
8423;0;Vila Conceição;Navegantes;0;0;0;0;0;0
8424;0;Vila Conceição;Nonoai;100;0;60;17;0;100
8425;0;Vila Conceição;Parque Santa Fé;0;0;0;0;0;0
8426;0;Vila Conceição;Partenon;100;0;75;8;0;100
8427;0;Vila Conceição;Passo D'Areia;50;0;25;17;0;50
8428;0;Vila Conceição;Passo das Pedras;50;50;0;0;50;0
8429;0;Vila Conceição;Pedra Redonda;141;50;28;19;91;50
8430;0;Vila Conceição;Petrópolis;200;0;118;59;0;200
8431;0;Vila Conceição;Pitinga;0;0;0;0;0;0
8432;0;Vila Conceição;Ponta Grossa;50;0;28;7;0;50
8433;0;Vila Conceição;Praia de Belas;0;0;0;0;0;0
8434;0;Vila Conceição;Restinga;50;0;27;8;0;50
8435;0;Vila Conceição;Rio Branco;100;0;45;30;0;100
8436;0;Vila Conceição;Rubem Berta;50;0;25;18;0;50
8437;0;Vila Conceição;Santa Cecília;0;0;0;0;0;0
8438;0;Vila Conceição;Santa Maria Goretti;0;0;0;0;0;0
8439;0;Vila Conceição;Santa Rosa de Lima;0;0;0;0;0;0
8440;0;Vila Conceição;Santa Tereza;150;0;26;15;100;50
8441;0;Vila Conceição;Santana;0;0;0;0;0;0
8442;0;Vila Conceição;Santo Antônio;50;50;0;0;50;0
8443;0;Vila Conceição;Sarandi;150;0;90;39;0;150
8444;0;Vila Conceição;Serraria;150;0;92;25;0;150
8445;0;Vila Conceição;São Caetano;0;0;0;0;0;0
8446;0;Vila Conceição;São Geraldo;50;0;28;14;0;50
8447;0;Vila Conceição;São José;50;50;0;0;50;0
8448;0;Vila Conceição;São João;0;0;0;0;0;0
8449;0;Vila Conceição;São Sebastião;150;50;59;14;50;100
8450;0;Vila Conceição;Sétimo Céu;0;0;0;0;0;0
8451;0;Vila Conceição;Teresópolis;0;0;0;0;0;0
8452;0;Vila Conceição;Tristeza;650;200;241;135;200;450
8453;0;Vila Conceição;Três Figueiras;0;0;0;0;0;0
8454;0;Vila Conceição;Vila Assunção;250;100;103;27;100;150
8455;0;Vila Conceição;Vila Conceição;1100;200;496;212;400;700
8456;0;Vila Conceição;Vila Ipiranga;100;0;26;12;50;50
8457;0;Vila Conceição;Vila Jardim;50;0;28;13;0;50
8458;0;Vila Conceição;Vila João Pessoa;0;0;0;0;0;0
8459;0;Vila Conceição;Vila Nova;0;0;0;0;0;0
8460;0;Vila Ipiranga;Aberta dos Morros;150;0;29;12;100;50
8461;0;Vila Ipiranga;Agronomia;0;0;0;0;0;0
8462;0;Vila Ipiranga;Anchieta;50;50;0;0;50;0
8463;0;Vila Ipiranga;Arquipélago;0;0;0;0;0;0
8464;0;Vila Ipiranga;Auxiliadora;150;0;88;46;0;150
8465;0;Vila Ipiranga;Azenha;50;0;36;12;0;50
8466;0;Vila Ipiranga;Bela Vista;100;0;30;13;50;50
8467;0;Vila Ipiranga;Belém Novo;150;0;82;43;0;150
8468;0;Vila Ipiranga;Belém Velho;150;100;26;15;100;50
8469;0;Vila Ipiranga;Boa Vista;600;150;249;97;150;450
8470;0;Vila Ipiranga;Boa Vista do Sul;100;0;71;15;0;100
8471;0;Vila Ipiranga;Bom Fim;100;0;32;10;50;50
8472;0;Vila Ipiranga;Bom Jesus;750;150;320;107;200;550
8473;0;Vila Ipiranga;Camaquã;200;0;54;23;100;100
8474;0;Vila Ipiranga;Campo Novo;100;100;0;0;100;0
8475;0;Vila Ipiranga;Cascata;0;0;0;0;0;0
8476;0;Vila Ipiranga;Cavalhada;150;0;77;35;0;150
8477;0;Vila Ipiranga;Cel. Aparício Borges;100;0;57;21;0;100
8478;0;Vila Ipiranga;Centro Histórico;150;0;86;30;0;150
8479;0;Vila Ipiranga;Chapéu do Sol;100;0;58;16;0;100
8480;0;Vila Ipiranga;Chácara das Pedras;650;100;119;55;450;200
8481;0;Vila Ipiranga;Cidade Baixa;150;50;30;8;100;50
8482;0;Vila Ipiranga;Costa e Silva;400;50;201;39;100;300
8483;0;Vila Ipiranga;Cristal;300;100;114;47;100;200
8484;0;Vila Ipiranga;Cristo Redentor;3500;850;1264;497;1550;1950
8485;0;Vila Ipiranga;Espírito Santo;50;0;35;13;0;50
8486;0;Vila Ipiranga;Extrema;50;0;28;10;0;50
8487;0;Vila Ipiranga;Farrapos;150;0;103;25;0;150
8488;0;Vila Ipiranga;Farroupilha;50;0;30;10;0;50
8489;0;Vila Ipiranga;Floresta;50;0;25;13;0;50
8490;0;Vila Ipiranga;Glória;100;50;0;0;100;0
8491;0;Vila Ipiranga;Guarujá;0;0;0;0;0;0
8492;0;Vila Ipiranga;Higienópolis;250;0;167;41;50;200
8493;0;Vila Ipiranga;Humaitá;50;0;28;6;0;50
8494;0;Vila Ipiranga;Hípica;0;0;0;0;0;0
8495;0;Vila Ipiranga;Independência;50;0;0;0;50;0
8496;0;Vila Ipiranga;Ipanema;150;50;63;32;50;100
8497;0;Vila Ipiranga;Jardim Botânico;50;0;28;10;0;50
8498;0;Vila Ipiranga;Jardim Carvalho;250;50;75;35;100;150
8499;0;Vila Ipiranga;Jardim Europa;2800;300;1414;601;350;2450
8500;0;Vila Ipiranga;Jardim Floresta;350;50;117;53;150;200
8501;0;Vila Ipiranga;Jardim Isabel;50;0;26;11;0;50
8502;0;Vila Ipiranga;Jardim Itú;850;200;309;113;300;550
8503;0;Vila Ipiranga;Jardim Leopoldina;200;50;91;26;50;150
8504;0;Vila Ipiranga;Jardim Lindóia;600;100;132;75;350;250
8505;0;Vila Ipiranga;Jardim Sabará;400;0;186;71;100;300
8506;0;Vila Ipiranga;Jardim São Pedro;500;50;215;116;100;400
8507;0;Vila Ipiranga;Jardim do Salso;150;0;70;41;0;150
8508;0;Vila Ipiranga;Lageado;100;0;25;9;50;50
8509;0;Vila Ipiranga;Lami;100;0;32;10;50;50
8510;0;Vila Ipiranga;Lomba do Pinheiro;300;100;80;38;150;150
8511;0;Vila Ipiranga;Medianeira;50;0;23;24;0;50
8512;0;Vila Ipiranga;Menino Deus;350;100;153;50;100;250
8513;0;Vila Ipiranga;Moinhos de Vento;100;0;46;43;0;100
8514;0;Vila Ipiranga;Mont'Serrat;200;0;31;16;150;50
8515;0;Vila Ipiranga;Morro Santana;500;100;103;39;300;200
8516;0;Vila Ipiranga;Mário Quintana;350;50;117;33;150;200
8517;0;Vila Ipiranga;Navegantes;150;0;66;20;50;100
8518;0;Vila Ipiranga;Nonoai;350;50;150;51;100;250
8519;0;Vila Ipiranga;Parque Santa Fé;50;0;25;11;0;50
8520;0;Vila Ipiranga;Partenon;150;0;92;36;0;150
8521;0;Vila Ipiranga;Passo D'Areia;1250;350;285;199;650;600
8522;0;Vila Ipiranga;Passo das Pedras;400;150;118;35;200;200
8523;0;Vila Ipiranga;Pedra Redonda;0;0;0;0;0;0
8524;0;Vila Ipiranga;Petrópolis;350;100;93;40;200;150
8525;0;Vila Ipiranga;Pitinga;100;100;0;0;100;0
8526;0;Vila Ipiranga;Ponta Grossa;0;0;0;0;0;0
8527;0;Vila Ipiranga;Praia de Belas;200;50;55;18;100;100
8528;0;Vila Ipiranga;Restinga;200;0;77;37;50;150
8529;0;Vila Ipiranga;Rio Branco;400;50;160;91;100;300
8530;0;Vila Ipiranga;Rubem Berta;350;50;116;100;100;250
8531;0;Vila Ipiranga;Santa Cecília;350;100;112;49;150;200
8532;0;Vila Ipiranga;Santa Maria Goretti;300;100;84;35;150;150
8533;0;Vila Ipiranga;Santa Rosa de Lima;150;100;0;0;150;0
8534;0;Vila Ipiranga;Santa Tereza;300;50;141;50;50;250
8535;0;Vila Ipiranga;Santana;250;0;88;32;100;150
8536;0;Vila Ipiranga;Santo Antônio;100;0;55;32;0;100
8537;0;Vila Ipiranga;Sarandi;550;50;259;110;100;450
8538;0;Vila Ipiranga;Serraria;100;0;59;26;0;100
8539;0;Vila Ipiranga;São Caetano;0;0;0;0;0;0
8540;0;Vila Ipiranga;São Geraldo;100;50;0;0;100;0
8541;0;Vila Ipiranga;São José;100;50;34;8;50;50
8542;0;Vila Ipiranga;São João;100;50;34;12;50;50
8543;0;Vila Ipiranga;São Sebastião;550;100;240;94;100;450
8544;0;Vila Ipiranga;Sétimo Céu;50;0;27;11;0;50
8545;0;Vila Ipiranga;Teresópolis;150;100;34;14;100;50
8546;0;Vila Ipiranga;Tristeza;0;0;0;0;0;0
8547;0;Vila Ipiranga;Três Figueiras;450;200;132;69;200;250
8548;0;Vila Ipiranga;Vila Assunção;50;0;33;15;0;50
8549;0;Vila Ipiranga;Vila Conceição;100;0;26;12;50;50
8550;0;Vila Ipiranga;Vila Ipiranga;8800;1600;3938;1410;2900;5900
8551;0;Vila Ipiranga;Vila Jardim;1900;150;871;363;400;1500
8552;0;Vila Ipiranga;Vila João Pessoa;50;0;21;18;0;50
8553;0;Vila Ipiranga;Vila Nova;150;0;110;22;50;100
8554;0;Vila Jardim;Aberta dos Morros;50;0;34;13;0;50
8555;0;Vila Jardim;Agronomia;150;50;21;13;100;50
8556;0;Vila Jardim;Anchieta;0;0;0;0;0;0
8557;0;Vila Jardim;Arquipélago;50;0;36;6;0;50
8558;0;Vila Jardim;Auxiliadora;100;0;55;25;0;100
8559;0;Vila Jardim;Azenha;100;50;20;20;50;50
8560;0;Vila Jardim;Bela Vista;100;0;63;27;0;100
8561;0;Vila Jardim;Belém Novo;50;0;28;8;0;50
8562;0;Vila Jardim;Belém Velho;100;50;36;9;50;50
8563;0;Vila Jardim;Boa Vista;300;100;90;41;150;150
8564;0;Vila Jardim;Boa Vista do Sul;100;0;29;12;50;50
8565;0;Vila Jardim;Bom Fim;100;0;25;11;50;50
8566;0;Vila Jardim;Bom Jesus;2400;900;693;230;1200;1200
8567;0;Vila Jardim;Camaquã;50;50;0;0;50;0
8568;0;Vila Jardim;Campo Novo;50;50;0;0;50;0
8569;0;Vila Jardim;Cascata;100;50;50;0;100;0
8570;0;Vila Jardim;Cavalhada;100;50;22;12;50;50
8571;0;Vila Jardim;Cel. Aparício Borges;200;50;104;23;100;100
8572;0;Vila Jardim;Centro Histórico;300;50;121;30;100;200
8573;0;Vila Jardim;Chapéu do Sol;0;0;0;0;0;0
8574;0;Vila Jardim;Chácara das Pedras;1800;400;328;152;1250;550
8575;0;Vila Jardim;Cidade Baixa;150;0;65;35;0;150
8576;0;Vila Jardim;Costa e Silva;150;0;69;20;50;100
8577;0;Vila Jardim;Cristal;50;50;0;0;50;0
8578;0;Vila Jardim;Cristo Redentor;350;50;103;59;150;200
8579;0;Vila Jardim;Espírito Santo;50;0;0;0;50;0
8580;0;Vila Jardim;Extrema;100;0;26;14;50;50
8581;0;Vila Jardim;Farrapos;50;0;24;11;0;50
8582;0;Vila Jardim;Farroupilha;150;0;23;9;100;50
8583;0;Vila Jardim;Floresta;0;0;0;0;0;0
8584;0;Vila Jardim;Glória;0;0;0;0;0;0
8585;0;Vila Jardim;Guarujá;0;0;0;0;0;0
8586;0;Vila Jardim;Higienópolis;100;0;55;30;0;100
8587;0;Vila Jardim;Humaitá;150;100;29;12;100;50
8588;0;Vila Jardim;Hípica;0;0;0;0;0;0
8589;0;Vila Jardim;Independência;100;0;66;23;0;100
8590;0;Vila Jardim;Ipanema;100;0;62;24;0;100
8591;0;Vila Jardim;Jardim Botânico;250;0;143;61;0;250
8592;0;Vila Jardim;Jardim Carvalho;500;100;175;74;200;300
8593;0;Vila Jardim;Jardim Europa;400;0;214;112;0;400
8594;0;Vila Jardim;Jardim Floresta;200;50;77;48;50;150
8595;0;Vila Jardim;Jardim Isabel;50;0;26;12;0;50
8596;0;Vila Jardim;Jardim Itú;1400;50;756;307;100;1300
8597;0;Vila Jardim;Jardim Leopoldina;0;0;0;0;0;0
8598;0;Vila Jardim;Jardim Lindóia;350;50;179;95;50;300
8599;0;Vila Jardim;Jardim Sabará;3133;1050;545;193;2333;800
8600;0;Vila Jardim;Jardim São Pedro;0;0;0;0;0;0
8601;0;Vila Jardim;Jardim do Salso;350;100;132;65;100;250
8602;0;Vila Jardim;Lageado;50;0;25;21;0;50
8603;0;Vila Jardim;Lami;100;0;23;23;50;50
8604;0;Vila Jardim;Lomba do Pinheiro;100;0;56;13;0;100
8605;0;Vila Jardim;Medianeira;50;50;0;0;50;0
8606;0;Vila Jardim;Menino Deus;100;50;0;0;100;0
8607;0;Vila Jardim;Moinhos de Vento;150;50;43;26;50;100
8608;0;Vila Jardim;Mont'Serrat;100;0;55;32;0;100
8609;0;Vila Jardim;Morro Santana;100;50;30;7;50;50
8610;0;Vila Jardim;Mário Quintana;250;0;154;17;100;150
8611;0;Vila Jardim;Navegantes;50;0;0;0;50;0
8612;0;Vila Jardim;Nonoai;250;100;67;18;150;100
8613;0;Vila Jardim;Parque Santa Fé;100;0;64;27;0;100
8614;0;Vila Jardim;Partenon;450;100;212;47;250;200
8615;0;Vila Jardim;Passo D'Areia;200;50;57;50;50;150
8616;0;Vila Jardim;Passo das Pedras;250;0;140;59;0;250
8617;0;Vila Jardim;Pedra Redonda;50;0;22;13;0;50
8618;0;Vila Jardim;Petrópolis;850;200;305;117;400;450
8619;0;Vila Jardim;Pitinga;0;0;0;0;0;0
8620;0;Vila Jardim;Ponta Grossa;0;0;0;0;0;0
8621;0;Vila Jardim;Praia de Belas;100;0;30;6;50;50
8622;0;Vila Jardim;Restinga;250;100;22;15;200;50
8623;0;Vila Jardim;Rio Branco;250;50;97;43;100;150
8624;0;Vila Jardim;Rubem Berta;50;50;0;0;50;0
8625;0;Vila Jardim;Santa Cecília;50;0;33;11;0;50
8626;0;Vila Jardim;Santa Maria Goretti;50;0;30;18;0;50
8627;0;Vila Jardim;Santa Rosa de Lima;200;0;60;18;100;100
8628;0;Vila Jardim;Santa Tereza;50;0;33;12;0;50
8629;0;Vila Jardim;Santana;200;0;124;56;0;200
8630;0;Vila Jardim;Santo Antônio;150;0;50;35;50;100
8631;0;Vila Jardim;Sarandi;400;0;191;101;50;350
8632;0;Vila Jardim;Serraria;50;50;0;0;50;0
8633;0;Vila Jardim;São Caetano;150;50;58;26;50;100
8634;0;Vila Jardim;São Geraldo;100;50;0;0;100;0
8635;0;Vila Jardim;São José;250;50;27;15;200;50
8636;0;Vila Jardim;São João;200;50;89;40;50;150
8637;0;Vila Jardim;São Sebastião;200;50;66;13;100;100
8638;0;Vila Jardim;Sétimo Céu;50;50;0;0;50;0
8639;0;Vila Jardim;Teresópolis;50;0;0;0;50;0
8640;0;Vila Jardim;Tristeza;50;0;33;12;0;50
8641;0;Vila Jardim;Três Figueiras;550;150;188;72;250;300
8642;0;Vila Jardim;Vila Assunção;100;0;66;27;0;100
8643;0;Vila Jardim;Vila Conceição;50;0;28;13;0;50
8644;0;Vila Jardim;Vila Ipiranga;1900;150;871;363;400;1500
8645;0;Vila Jardim;Vila Jardim;8900;500;4374;2042;1200;7700
8646;0;Vila Jardim;Vila João Pessoa;350;50;101;48;150;200
8647;0;Vila Jardim;Vila Nova;200;50;89;30;50;150
8648;0;Vila João Pessoa;Aberta dos Morros;0;0;0;0;0;0
8649;0;Vila João Pessoa;Agronomia;150;0;90;28;0;150
8650;0;Vila João Pessoa;Anchieta;50;0;44;6;0;50
8651;0;Vila João Pessoa;Arquipélago;200;100;21;14;150;50
8652;0;Vila João Pessoa;Auxiliadora;250;100;92;30;100;150
8653;0;Vila João Pessoa;Azenha;100;50;32;15;50;50
8654;0;Vila João Pessoa;Bela Vista;50;0;25;11;0;50
8655;0;Vila João Pessoa;Belém Novo;200;0;131;42;0;200
8656;0;Vila João Pessoa;Belém Velho;250;0;161;38;0;250
8657;0;Vila João Pessoa;Boa Vista;50;0;25;9;0;50
8658;0;Vila João Pessoa;Boa Vista do Sul;50;0;25;12;0;50
8659;0;Vila João Pessoa;Bom Fim;50;0;28;14;0;50
8660;0;Vila João Pessoa;Bom Jesus;600;50;335;117;50;550
8661;0;Vila João Pessoa;Camaquã;150;50;67;18;50;100
8662;0;Vila João Pessoa;Campo Novo;200;50;55;25;100;100
8663;0;Vila João Pessoa;Cascata;1250;300;508;106;500;750
8664;0;Vila João Pessoa;Cavalhada;200;100;29;13;150;50
8665;0;Vila João Pessoa;Cel. Aparício Borges;4350;1200;1336;418;1950;2400
8666;0;Vila João Pessoa;Centro Histórico;50;0;19;15;0;50
8667;0;Vila João Pessoa;Chapéu do Sol;0;0;0;0;0;0
8668;0;Vila João Pessoa;Chácara das Pedras;400;0;166;80;100;300
8669;0;Vila João Pessoa;Cidade Baixa;150;50;30;8;100;50
8670;0;Vila João Pessoa;Costa e Silva;150;0;88;25;0;150
8671;0;Vila João Pessoa;Cristal;150;0;26;10;100;50
8672;0;Vila João Pessoa;Cristo Redentor;50;0;32;13;0;50
8673;0;Vila João Pessoa;Espírito Santo;0;0;0;0;0;0
8674;0;Vila João Pessoa;Extrema;100;0;56;23;0;100
8675;0;Vila João Pessoa;Farrapos;300;50;151;54;50;250
8676;0;Vila João Pessoa;Farroupilha;13;0;0;0;13;0
8677;0;Vila João Pessoa;Floresta;50;0;0;0;50;0
8678;0;Vila João Pessoa;Glória;1200;150;450;179;400;800
8679;0;Vila João Pessoa;Guarujá;50;0;36;9;0;50
8680;0;Vila João Pessoa;Higienópolis;150;50;34;9;100;50
8681;0;Vila João Pessoa;Humaitá;100;0;60;17;0;100
8682;0;Vila João Pessoa;Hípica;300;50;133;34;100;200
8683;0;Vila João Pessoa;Independência;100;0;0;0;100;0
8684;0;Vila João Pessoa;Ipanema;0;0;0;0;0;0
8685;0;Vila João Pessoa;Jardim Botânico;1300;350;407;151;600;700
8686;0;Vila João Pessoa;Jardim Carvalho;1150;0;618;215;100;1050
8687;0;Vila João Pessoa;Jardim Europa;200;0;122;48;0;200
8688;0;Vila João Pessoa;Jardim Floresta;0;0;0;0;0;0
8689;0;Vila João Pessoa;Jardim Isabel;50;0;31;11;0;50
8690;0;Vila João Pessoa;Jardim Itú;350;0;207;87;0;350
8691;0;Vila João Pessoa;Jardim Leopoldina;50;0;33;4;0;50
8692;0;Vila João Pessoa;Jardim Lindóia;50;0;0;0;50;0
8693;0;Vila João Pessoa;Jardim Sabará;50;0;0;0;50;0
8694;0;Vila João Pessoa;Jardim São Pedro;0;0;0;0;0;0
8695;0;Vila João Pessoa;Jardim do Salso;1150;200;472;192;350;800
8696;0;Vila João Pessoa;Lageado;50;0;27;11;0;50
8697;0;Vila João Pessoa;Lami;150;0;90;32;0;150
8698;0;Vila João Pessoa;Lomba do Pinheiro;1300;50;683;153;150;1150
8699;0;Vila João Pessoa;Medianeira;100;50;30;16;50;50
8700;0;Vila João Pessoa;Menino Deus;100;100;0;0;100;0
8701;0;Vila João Pessoa;Moinhos de Vento;0;0;0;0;0;0
8702;0;Vila João Pessoa;Mont'Serrat;200;50;89;33;50;150
8703;0;Vila João Pessoa;Morro Santana;150;0;56;20;50;100
8704;0;Vila João Pessoa;Mário Quintana;150;0;91;25;0;150
8705;0;Vila João Pessoa;Navegantes;50;0;29;12;0;50
8706;0;Vila João Pessoa;Nonoai;100;0;64;23;0;100
8707;0;Vila João Pessoa;Parque Santa Fé;0;0;0;0;0;0
8708;0;Vila João Pessoa;Partenon;2100;500;760;310;750;1350
8709;0;Vila João Pessoa;Passo D'Areia;50;0;37;6;0;50
8710;0;Vila João Pessoa;Passo das Pedras;50;0;28;11;0;50
8711;0;Vila João Pessoa;Pedra Redonda;50;0;0;0;50;0
8712;0;Vila João Pessoa;Petrópolis;500;50;226;111;100;400
8713;0;Vila João Pessoa;Pitinga;100;0;56;16;0;100
8714;0;Vila João Pessoa;Ponta Grossa;100;50;29;10;50;50
8715;0;Vila João Pessoa;Praia de Belas;100;0;31;9;50;50
8716;0;Vila João Pessoa;Restinga;250;50;83;26;100;150
8717;0;Vila João Pessoa;Rio Branco;150;0;31;9;100;50
8718;0;Vila João Pessoa;Rubem Berta;50;0;25;19;0;50
8719;0;Vila João Pessoa;Santa Cecília;100;0;60;23;0;100
8720;0;Vila João Pessoa;Santa Maria Goretti;100;50;26;10;50;50
8721;0;Vila João Pessoa;Santa Rosa de Lima;50;0;28;12;0;50
8722;0;Vila João Pessoa;Santa Tereza;450;200;147;54;200;250
8723;0;Vila João Pessoa;Santana;250;50;53;22;150;100
8724;0;Vila João Pessoa;Santo Antônio;550;50;79;39;400;150
8725;0;Vila João Pessoa;Sarandi;50;0;25;13;0;50
8726;0;Vila João Pessoa;Serraria;150;0;90;28;0;150
8727;0;Vila João Pessoa;São Caetano;50;0;33;13;0;50
8728;0;Vila João Pessoa;São Geraldo;50;0;0;0;50;0
8729;0;Vila João Pessoa;São José;1735;600;414;144;1035;700
8730;0;Vila João Pessoa;São João;250;50;121;48;100;150
8731;0;Vila João Pessoa;São Sebastião;50;0;30;11;0;50
8732;0;Vila João Pessoa;Sétimo Céu;0;0;0;0;0;0
8733;0;Vila João Pessoa;Teresópolis;300;0;158;52;50;250
8734;0;Vila João Pessoa;Tristeza;0;0;0;0;0;0
8735;0;Vila João Pessoa;Três Figueiras;150;0;62;24;50;100
8736;0;Vila João Pessoa;Vila Assunção;100;0;52;31;0;100
8737;0;Vila João Pessoa;Vila Conceição;0;0;0;0;0;0
8738;0;Vila João Pessoa;Vila Ipiranga;50;0;21;18;0;50
8739;0;Vila João Pessoa;Vila Jardim;350;50;101;48;150;200
8740;0;Vila João Pessoa;Vila João Pessoa;4500;1700;1300;430;2300;2200
8741;0;Vila João Pessoa;Vila Nova;150;0;85;26;0;150
8742;0;Vila Nova;Aberta dos Morros;1000;150;477;147;200;800
8743;0;Vila Nova;Agronomia;200;0;25;18;150;50
8744;0;Vila Nova;Anchieta;350;0;216;57;50;300
8745;0;Vila Nova;Arquipélago;150;0;54;21;50;100
8746;0;Vila Nova;Auxiliadora;100;0;53;30;0;100
8747;0;Vila Nova;Azenha;250;0;150;55;0;250
8748;0;Vila Nova;Bela Vista;100;50;29;13;50;50
8749;0;Vila Nova;Belém Novo;300;0;130;54;50;250
8750;0;Vila Nova;Belém Velho;4450;550;1928;670;1100;3350
8751;0;Vila Nova;Boa Vista;50;0;32;8;0;50
8752;0;Vila Nova;Boa Vista do Sul;100;100;0;0;100;0
8753;0;Vila Nova;Bom Fim;50;0;18;22;0;50
8754;0;Vila Nova;Bom Jesus;150;0;96;27;0;150
8755;0;Vila Nova;Camaquã;600;0;263;82;150;450
8756;0;Vila Nova;Campo Novo;1950;200;759;257;600;1350
8757;0;Vila Nova;Cascata;1100;250;315;91;650;450
8758;0;Vila Nova;Cavalhada;1750;300;751;293;450;1300
8759;0;Vila Nova;Cel. Aparício Borges;450;50;186;50;200;250
8760;0;Vila Nova;Centro Histórico;250;100;51;22;150;100
8761;0;Vila Nova;Chapéu do Sol;150;50;62;24;50;100
8762;0;Vila Nova;Chácara das Pedras;50;0;34;10;0;50
8763;0;Vila Nova;Cidade Baixa;250;50;123;40;50;200
8764;0;Vila Nova;Costa e Silva;150;100;31;7;100;50
8765;0;Vila Nova;Cristal;500;100;190;79;150;350
8766;0;Vila Nova;Cristo Redentor;200;0;31;8;150;50
8767;0;Vila Nova;Espírito Santo;750;200;194;64;400;350
8768;0;Vila Nova;Extrema;250;0;78;34;100;150
8769;0;Vila Nova;Farrapos;150;50;84;10;100;50
8770;0;Vila Nova;Farroupilha;50;50;0;0;50;0
8771;0;Vila Nova;Floresta;100;0;60;26;0;100
8772;0;Vila Nova;Glória;750;100;254;117;300;450
8773;0;Vila Nova;Guarujá;200;0;121;44;0;200
8774;0;Vila Nova;Higienópolis;100;0;70;18;0;100
8775;0;Vila Nova;Humaitá;150;50;54;18;50;100
8776;0;Vila Nova;Hípica;450;100;140;27;300;150
8777;0;Vila Nova;Independência;100;0;21;15;50;50
8778;0;Vila Nova;Ipanema;1750;0;950;371;150;1600
8779;0;Vila Nova;Jardim Botânico;300;100;64;21;200;100
8780;0;Vila Nova;Jardim Carvalho;150;50;26;11;100;50
8781;0;Vila Nova;Jardim Europa;50;50;0;0;50;0
8782;0;Vila Nova;Jardim Floresta;50;0;32;6;0;50
8783;0;Vila Nova;Jardim Isabel;300;0;143;51;50;250
8784;0;Vila Nova;Jardim Itú;100;0;33;12;50;50
8785;0;Vila Nova;Jardim Leopoldina;350;0;165;65;50;300
8786;0;Vila Nova;Jardim Lindóia;300;100;111;56;100;200
8787;0;Vila Nova;Jardim Sabará;250;0;119;27;50;200
8788;0;Vila Nova;Jardim São Pedro;100;0;54;23;0;100
8789;0;Vila Nova;Jardim do Salso;50;0;31;8;0;50
8790;0;Vila Nova;Lageado;250;150;0;0;250;0
8791;0;Vila Nova;Lami;250;0;93;23;100;150
8792;0;Vila Nova;Lomba do Pinheiro;300;150;55;11;200;100
8793;0;Vila Nova;Medianeira;150;100;31;11;100;50
8794;0;Vila Nova;Menino Deus;150;100;35;7;100;50
8795;0;Vila Nova;Moinhos de Vento;100;0;50;27;0;100
8796;0;Vila Nova;Mont'Serrat;100;50;0;0;100;0
8797;0;Vila Nova;Morro Santana;50;0;36;8;0;50
8798;0;Vila Nova;Mário Quintana;150;50;63;21;50;100
8799;0;Vila Nova;Navegantes;100;0;31;12;50;50
8800;0;Vila Nova;Nonoai;1050;50;509;166;200;850
8801;0;Vila Nova;Parque Santa Fé;150;50;27;10;100;50
8802;0;Vila Nova;Partenon;350;50;135;57;100;250
8803;0;Vila Nova;Passo D'Areia;200;0;74;47;50;150
8804;0;Vila Nova;Passo das Pedras;350;50;143;57;100;250
8805;0;Vila Nova;Pedra Redonda;100;0;58;19;0;100
8806;0;Vila Nova;Petrópolis;400;50;171;61;100;300
8807;0;Vila Nova;Pitinga;50;0;34;9;0;50
8808;0;Vila Nova;Ponta Grossa;200;50;59;15;100;100
8809;0;Vila Nova;Praia de Belas;50;0;0;0;50;0
8810;0;Vila Nova;Restinga;1400;300;328;80;900;500
8811;0;Vila Nova;Rio Branco;100;50;34;9;50;50
8812;0;Vila Nova;Rubem Berta;250;0;76;38;100;150
8813;0;Vila Nova;Santa Cecília;100;50;23;8;50;50
8814;0;Vila Nova;Santa Maria Goretti;150;50;53;16;50;100
8815;0;Vila Nova;Santa Rosa de Lima;350;0;128;51;100;250
8816;0;Vila Nova;Santa Tereza;200;50;53;23;100;100
8817;0;Vila Nova;Santana;150;50;62;20;50;100
8818;0;Vila Nova;Santo Antônio;100;0;56;17;0;100
8819;0;Vila Nova;Sarandi;450;50;202;80;100;350
8820;0;Vila Nova;Serraria;200;0;79;24;50;150
8821;0;Vila Nova;São Caetano;100;50;24;14;50;50
8822;0;Vila Nova;São Geraldo;150;0;89;24;0;150
8823;0;Vila Nova;São José;600;200;130;55;350;250
8824;0;Vila Nova;São João;100;50;32;10;50;50
8825;0;Vila Nova;São Sebastião;100;0;0;0;100;0
8826;0;Vila Nova;Sétimo Céu;350;0;183;53;50;300
8827;0;Vila Nova;Teresópolis;2050;400;768;272;700;1350
8828;0;Vila Nova;Tristeza;1300;50;718;362;50;1250
8829;0;Vila Nova;Três Figueiras;50;0;30;7;0;50
8830;0;Vila Nova;Vila Assunção;550;50;263;126;50;500
8831;0;Vila Nova;Vila Conceição;0;0;0;0;0;0
8832;0;Vila Nova;Vila Ipiranga;150;0;110;22;50;100
8833;0;Vila Nova;Vila Jardim;200;50;89;30;50;150
8834;0;Vila Nova;Vila João Pessoa;150;0;85;26;0;150
8835;0;Vila Nova;Vila Nova;8200;3500;542;110;7600;600
