Frame;Hour;Day;Region;Total;Locals;Outsiders;dTotals;dLocals;dOutsiders
0;0;0;Aberta dos Morros;7114;7082;32;-32;-64;32
0;0;0;Agronomia;2336;2300;36;5;-31;36
0;0;0;Anchieta;2021;1974;47;-3;-50;47
0;0;0;Arquipélago;8335;8293;42;5;-37;42
0;0;0;Auxiliadora;9617;9556;61;-66;-127;61
0;0;0;Azenha;13734;13638;96;-70;-166;96
0;0;0;Bela Vista;11711;11649;62;-76;-138;62
0;0;0;Belém Novo;10085;10070;15;-15;-30;15
0;0;0;Belém Velho;10831;10791;40;-4;-44;40
0;0;0;Boa Vista;9999;9936;63;-54;-117;63
0;0;0;Boa Vista do Sul;2284;2269;15;-25;-40;15
0;0;0;Bom Fim;11470;11429;41;-123;-164;41
0;0;0;Bom Jesus;28644;28586;58;-31;-89;58
0;0;0;Camaquã;17901;17853;48;-37;-85;48
0;0;0;Campo Novo;8749;8708;41;-17;-58;41
0;0;0;Cascata;13005;12956;49;-8;-57;49
0;0;0;Cavalhada;29269;29217;52;-30;-82;52
0;0;0;Centro;39190;39074;116;36;-80;116
0;0;0;Chácara das Pedras;6639;6574;65;-29;-94;65
0;0;0;Chapéu do Sol;2900;2870;30;-13;-43;30
0;0;0;Cidade Baixa;15305;15244;61;-74;-135;61
0;0;0;Coronel Aparício Borges;19271;19212;59;-32;-91;59
0;0;0;Costa e Silva;15833;15779;54;-9;-63;54
0;0;0;Cristal;31929;31879;50;-17;-67;50
0;0;0;Cristo Redentor;16467;16324;143;12;-131;143
0;0;0;Espírito Santo;5585;5539;46;-21;-67;46
0;0;0;Extrema;1977;1968;9;-4;-13;9
0;0;0;Farrapos;19002;18949;53;16;-37;53
0;0;0;Farroupilha;955;816;139;-6;-145;139
0;0;0;Floresta;11544;11480;64;-52;-116;64
0;0;0;Glória;17105;16979;126;38;-88;126
0;0;0;Guarujá;4797;4748;49;-14;-63;49
0;0;0;Higienópolis;10693;10628;65;-31;-96;65
0;0;0;Hípica;18635;18594;41;-10;-51;41
0;0;0;Humaitá;11524;11464;60;22;-38;60
0;0;0;Independência;8139;7980;159;27;-132;159
0;0;0;Ipanema;13710;13662;48;-18;-66;48
0;0;0;Jardim Botânico;12553;12406;147;32;-115;147
0;0;0;Jardim Carvalho;25466;25328;138;80;-58;138
0;0;0;Jardim do Salso;4394;4328;66;-11;-77;66
0;0;0;Jardim Dona Leopoldina;18007;17948;59;-9;-68;59
0;0;0;Jardim Europa;2273;2204;69;-26;-95;69
0;0;0;Jardim Floresta;3295;3226;69;-12;-81;69
0;0;0;Jardim Isabel;2811;2757;54;-24;-78;54
0;0;0;Jardim Itu;17841;17776;65;-12;-77;65
0;0;0;Jardim Lindóia;7402;7333;69;-15;-84;69
0;0;0;Jardim Sabará;13521;13455;66;-9;-75;66
0;0;0;Jardim São Pedro;3949;3878;71;-18;-89;71
0;0;0;Lageado;4485;4451;34;4;-30;34
0;0;0;Lami;4284;4262;22;-5;-27;22
0;0;0;Lomba do Pinheiro;58134;58086;48;28;-20;48
0;0;0;Mário Quintana;38124;38068;56;8;-48;56
0;0;0;Medianeira;11186;11122;64;-37;-101;64
0;0;0;Menino Deus;31704;31543;161;54;-107;161
0;0;0;Moinhos de Vento;11993;11821;172;56;-116;172
0;0;0;MontSerrat;11188;11118;70;-48;-118;70
0;0;0;Morro Santana;19351;19288;63;13;-50;63
0;0;0;Navegantes;4337;4269;68;10;-58;68
0;0;0;Nonoai;25141;25081;60;-19;-79;60
0;0;0;Parque Santa Fé;6373;6314;59;-3;-62;59
0;0;0;Partenon;48147;48078;69;-13;-82;69
0;0;0;Passo DAreia;21947;21876;71;-21;-92;71
0;0;0;Passo das Pedras;15907;15842;65;5;-60;65
0;0;0;Pedra Redonda;254;196;58;-20;-78;58
0;0;0;Petrópolis;37466;37396;70;-30;-100;70
0;0;0;Pitinga;4373;4337;36;21;-15;36
0;0;0;Ponta Grossa;8735;8695;40;13;-27;40
0;0;0;Praia de Belas;2271;2203;68;-10;-78;68
0;0;0;Restinga;53592;53487;105;84;-21;105
0;0;0;Rio Branco;17589;17402;187;58;-129;187
0;0;0;Rubem Berta;33182;33113;69;14;-55;69
0;0;0;Santa Cecília;5836;5649;187;68;-119;187
0;0;0;Santa Maria Goretti;3513;3439;74;4;-70;74
0;0;0;Santa Rosa de Lima;35364;35305;59;31;-28;59
0;0;0;Santa Tereza;39571;39507;64;-6;-70;64
0;0;0;Santana;20804;20609;195;81;-114;195
0;0;0;Santo Antônio;13150;13071;79;-11;-90;79
0;0;0;São Caetano;775;739;36;18;-18;36
0;0;0;São Geraldo;8691;8613;78;10;-68;78
0;0;0;São João;12244;12162;82;18;-64;82
0;0;0;São Sebastião;7028;6954;74;9;-65;74
0;0;0;Sarandi;59734;59663;71;23;-48;71
0;0;0;Serraria;6255;6202;53;16;-37;53
0;0;0;Sétimo Céu;1307;1251;56;-22;-78;56
0;0;0;Teresópolis;14818;14641;177;111;-66;177
0;0;0;Três Figueiras;4070;3988;82;0;-82;82
0;0;0;Tristeza;16671;16614;57;-21;-78;57
0;0;0;Vila Assunção;4530;4380;150;112;-38;150
0;0;0;Vila Conceição;1367;1305;62;18;-44;62
0;0;0;Vila Ipiranga;18662;18582;80;3;-77;80
0;0;0;Vila Jardim;13195;13115;80;6;-74;80
0;0;0;Vila João Pessoa;13054;12978;76;13;-63;76
0;0;0;Vila Nova;32583;32427;156;114;-42;156
0;0;0;Vila São José;26549;26474;75;27;-48;75
1;1;0;Aberta dos Morros;7108;7071;37;-6;-11;5
1;1;0;Agronomia;2324;2286;38;-12;-14;2
1;1;0;Anchieta;2018;1970;48;-3;-4;1
1;1;0;Arquipélago;8341;8287;54;6;-6;12
1;1;0;Auxiliadora;9603;9536;67;-14;-20;6
1;1;0;Azenha;13741;13607;134;7;-31;38
1;1;0;Bela Vista;11703;11630;73;-8;-19;11
1;1;0;Belém Novo;10085;10066;19;0;-4;4
1;1;0;Belém Velho;10827;10777;50;-4;-14;10
1;1;0;Boa Vista;9993;9918;75;-6;-18;12
1;1;0;Boa Vista do Sul;2281;2264;17;-3;-5;2
1;1;0;Bom Fim;11443;11403;40;-27;-26;-1
1;1;0;Bom Jesus;28660;28565;95;16;-21;37
1;1;0;Camaquã;17905;17832;73;4;-21;25
1;1;0;Campo Novo;8744;8695;49;-5;-13;8
1;1;0;Cascata;13003;12935;68;-2;-21;19
1;1;0;Cavalhada;29279;29195;84;10;-22;32
1;1;0;Centro;39283;39070;213;93;-4;97
1;1;0;Chácara das Pedras;6616;6546;70;-23;-28;5
1;1;0;Chapéu do Sol;2890;2857;33;-10;-13;3
1;1;0;Cidade Baixa;15299;15228;71;-6;-16;10
1;1;0;Coronel Aparício Borges;19258;19183;75;-13;-29;16
1;1;0;Costa e Silva;15819;15748;71;-14;-31;17
1;1;0;Cristal;31954;31867;87;25;-12;37
1;1;0;Cristo Redentor;16493;16309;184;26;-15;41
1;1;0;Espírito Santo;5568;5517;51;-17;-22;5
1;1;0;Extrema;1975;1965;10;-2;-3;1
1;1;0;Farrapos;19021;18943;78;19;-6;25
1;1;0;Farroupilha;905;782;123;-50;-34;-16
1;1;0;Floresta;11532;11460;72;-12;-20;8
1;1;0;Glória;17097;16948;149;-8;-31;23
1;1;0;Guarujá;4793;4739;54;-4;-9;5
1;1;0;Higienópolis;10694;10611;83;1;-17;18
1;1;0;Hípica;18633;18577;56;-2;-17;15
1;1;0;Humaitá;11527;11455;72;3;-9;12
1;1;0;Independência;8114;7954;160;-25;-26;1
1;1;0;Ipanema;13712;13649;63;2;-13;15
1;1;0;Jardim Botânico;12542;12376;166;-11;-30;19
1;1;0;Jardim Carvalho;25501;25311;190;35;-17;52
1;1;0;Jardim do Salso;4367;4298;69;-27;-30;3
1;1;0;Jardim Dona Leopoldina;17998;17913;85;-9;-35;26
1;1;0;Jardim Europa;2248;2179;69;-25;-25;0
1;1;0;Jardim Floresta;3281;3209;72;-14;-17;3
1;1;0;Jardim Isabel;2798;2742;56;-13;-15;2
1;1;0;Jardim Itu;17828;17739;89;-13;-37;24
1;1;0;Jardim Lindóia;7391;7312;79;-11;-21;10
1;1;0;Jardim Sabará;13513;13426;87;-8;-29;21
1;1;0;Jardim São Pedro;3931;3855;76;-18;-23;5
1;1;0;Lageado;4480;4444;36;-5;-7;2
1;1;0;Lami;4281;4258;23;-3;-4;1
1;1;0;Lomba do Pinheiro;58180;58081;99;46;-5;51
1;1;0;Mário Quintana;38151;38049;102;27;-19;46
1;1;0;Medianeira;11164;11093;71;-22;-29;7
1;1;0;Menino Deus;31754;31522;232;50;-21;71
1;1;0;Moinhos de Vento;11994;11797;197;1;-24;25
1;1;0;MontSerrat;11176;11093;83;-12;-25;13
1;1;0;Morro Santana;19355;19268;87;4;-20;24
1;1;0;Navegantes;4327;4254;73;-10;-15;5
1;1;0;Nonoai;25143;25056;87;2;-25;27
1;1;0;Parque Santa Fé;6343;6277;66;-30;-37;7
1;1;0;Partenon;48198;48056;142;51;-22;73
1;1;0;Passo DAreia;21967;21860;107;20;-16;36
1;1;0;Passo das Pedras;15901;15815;86;-6;-27;21
1;1;0;Pedra Redonda;239;185;54;-15;-11;-4
1;1;0;Petrópolis;37509;37381;128;43;-15;58
1;1;0;Pitinga;4366;4328;38;-7;-9;2
1;1;0;Ponta Grossa;8730;8687;43;-5;-8;3
1;1;0;Praia de Belas;2241;2173;68;-30;-30;0
1;1;0;Restinga;53671;53482;189;79;-5;84
1;1;0;Rio Branco;17594;17373;221;5;-29;34
1;1;0;Rubem Berta;33196;33084;112;14;-29;43
1;1;0;Santa Cecília;5808;5621;187;-28;-28;0
1;1;0;Santa Maria Goretti;3499;3421;78;-14;-18;4
1;1;0;Santa Rosa de Lima;35385;35291;94;21;-14;35
1;1;0;Santa Tereza;39601;39488;113;30;-19;49
1;1;0;Santana;20817;20582;235;13;-27;40
1;1;0;Santo Antônio;13126;13032;94;-24;-39;15
1;1;0;São Caetano;769;733;36;-6;-6;0
1;1;0;São Geraldo;8681;8591;90;-10;-22;12
1;1;0;São João;12249;12146;103;5;-16;21
1;1;0;São Sebastião;7014;6930;84;-14;-24;10
1;1;0;Sarandi;59794;59647;147;60;-16;76
1;1;0;Serraria;6248;6190;58;-7;-12;5
1;1;0;Sétimo Céu;1291;1235;56;-16;-16;0
1;1;0;Teresópolis;14810;14614;196;-8;-27;19
1;1;0;Três Figueiras;4057;3970;87;-13;-18;5
1;1;0;Tristeza;16676;16599;77;5;-15;20
1;1;0;Vila Assunção;4517;4367;150;-13;-13;0
1;1;0;Vila Conceição;1361;1299;62;-6;-6;0
1;1;0;Vila Ipiranga;18655;18550;105;-7;-32;25
1;1;0;Vila Jardim;13178;13084;94;-17;-31;14
1;1;0;Vila João Pessoa;13032;12944;88;-22;-34;12
1;1;0;Vila Nova;32629;32415;214;46;-12;58
1;1;0;Vila São José;26555;26448;107;6;-26;32
2;2;0;Aberta dos Morros;7107;7070;37;-1;-1;0
2;2;0;Agronomia;2337;2299;38;13;13;0
2;2;0;Anchieta;2024;1974;50;6;4;2
2;2;0;Arquipélago;8339;8287;52;-2;0;-2
2;2;0;Auxiliadora;9607;9552;55;4;16;-12
2;2;0;Azenha;13778;13650;128;37;43;-6
2;2;0;Bela Vista;11700;11643;57;-3;13;-16
2;2;0;Belém Novo;10088;10067;21;3;1;2
2;2;0;Belém Velho;10832;10781;51;5;4;1
2;2;0;Boa Vista;10001;9934;67;8;16;-8
2;2;0;Boa Vista do Sul;2282;2266;16;1;2;-1
2;2;0;Bom Fim;11446;11425;21;3;22;-19
2;2;0;Bom Jesus;28660;28584;76;0;19;-19
2;2;0;Camaquã;17918;17850;68;13;18;-5
2;2;0;Campo Novo;8747;8695;52;3;0;3
2;2;0;Cascata;12999;12938;61;-4;3;-7
2;2;0;Cavalhada;29288;29212;76;9;17;-8
2;2;0;Centro;39313;39084;229;30;14;16
2;2;0;Chácara das Pedras;6620;6562;58;4;16;-12
2;2;0;Chapéu do Sol;2898;2865;33;8;8;0
2;2;0;Cidade Baixa;15304;15245;59;5;17;-12
2;2;0;Coronel Aparício Borges;19265;19199;66;7;16;-9
2;2;0;Costa e Silva;15837;15768;69;18;20;-2
2;2;0;Cristal;31957;31872;85;3;5;-2
2;2;0;Cristo Redentor;16478;16322;156;-15;13;-28
2;2;0;Espírito Santo;5573;5522;51;5;5;0
2;2;0;Extrema;1974;1963;11;-1;-2;1
2;2;0;Farrapos;19023;18944;79;2;1;1
2;2;0;Farroupilha;924;809;115;19;27;-8
2;2;0;Floresta;11532;11475;57;0;15;-15
2;2;0;Glória;17112;16949;163;15;1;14
2;2;0;Guarujá;4789;4737;52;-4;-2;-2
2;2;0;Higienópolis;10689;10613;76;-5;2;-7
2;2;0;Hípica;18643;18588;55;10;11;-1
2;2;0;Humaitá;11527;11455;72;0;0;0
2;2;0;Independência;8123;7971;152;9;17;-8
2;2;0;Ipanema;13715;13650;65;3;1;2
2;2;0;Jardim Botânico;12553;12406;147;11;30;-19
2;2;0;Jardim Carvalho;25484;25311;173;-17;0;-17
2;2;0;Jardim do Salso;4374;4311;63;7;13;-6
2;2;0;Jardim Dona Leopoldina;18011;17944;67;13;31;-18
2;2;0;Jardim Europa;2253;2189;64;5;10;-5
2;2;0;Jardim Floresta;3290;3218;72;9;9;0
2;2;0;Jardim Isabel;2800;2746;54;2;4;-2
2;2;0;Jardim Itu;17837;17759;78;9;20;-11
2;2;0;Jardim Lindóia;7392;7323;69;1;11;-10
2;2;0;Jardim Sabará;13517;13437;80;4;11;-7
2;2;0;Jardim São Pedro;3938;3867;71;7;12;-5
2;2;0;Lageado;4483;4447;36;3;3;0
2;2;0;Lami;4284;4259;25;3;1;2
2;2;0;Lomba do Pinheiro;58158;58081;77;-22;0;-22
2;2;0;Mário Quintana;38147;38060;87;-4;11;-15
2;2;0;Medianeira;11158;11103;55;-6;10;-16
2;2;0;Menino Deus;31741;31540;201;-13;18;-31
2;2;0;Moinhos de Vento;11985;11814;171;-9;17;-26
2;2;0;MontSerrat;11185;11114;71;9;21;-12
2;2;0;Morro Santana;19356;19268;88;1;0;1
2;2;0;Navegantes;4323;4252;71;-4;-2;-2
2;2;0;Nonoai;25146;25063;83;3;7;-4
2;2;0;Parque Santa Fé;6349;6291;58;6;14;-8
2;2;0;Partenon;48173;48067;106;-25;11;-36
2;2;0;Passo DAreia;21974;21870;104;7;10;-3
2;2;0;Passo das Pedras;15901;15823;78;0;8;-8
2;2;0;Pedra Redonda;239;189;50;0;4;-4
2;2;0;Petrópolis;37489;37386;103;-20;5;-25
2;2;0;Pitinga;4374;4333;41;8;5;3
2;2;0;Ponta Grossa;8733;8686;47;3;-1;4
2;2;0;Praia de Belas;2246;2187;59;5;14;-9
2;2;0;Restinga;53642;53480;162;-29;-2;-27
2;2;0;Rio Branco;17575;17378;197;-19;5;-24
2;2;0;Rubem Berta;33183;33103;80;-13;19;-32
2;2;0;Santa Cecília;5798;5625;173;-10;4;-14
2;2;0;Santa Maria Goretti;3501;3422;79;2;1;1
2;2;0;Santa Rosa de Lima;35388;35293;95;3;2;1
2;2;0;Santa Tereza;39584;39488;96;-17;0;-17
2;2;0;Santana;20805;20583;222;-12;1;-13
2;2;0;Santo Antônio;13109;13041;68;-17;9;-26
2;2;0;São Caetano;766;730;36;-3;-3;0
2;2;0;São Geraldo;8679;8596;83;-2;5;-7
2;2;0;São João;12241;12145;96;-8;-1;-7
2;2;0;São Sebastião;7015;6939;76;1;9;-8
2;2;0;Sarandi;59758;59647;111;-36;0;-36
2;2;0;Serraria;6248;6190;58;0;0;0
2;2;0;Sétimo Céu;1298;1242;56;7;7;0
2;2;0;Teresópolis;14799;14613;186;-11;-1;-10
2;2;0;Três Figueiras;4058;3971;87;1;1;0
2;2;0;Tristeza;16678;16606;72;2;7;-5
2;2;0;Vila Assunção;4505;4361;144;-12;-6;-6
2;2;0;Vila Conceição;1362;1299;63;1;0;1
2;2;0;Vila Ipiranga;18651;18559;92;-4;9;-13
2;2;0;Vila Jardim;13176;13087;89;-2;3;-5
2;2;0;Vila João Pessoa;13035;12958;77;3;14;-11
2;2;0;Vila Nova;32602;32412;190;-27;-3;-24
2;2;0;Vila São José;26553;26453;100;-2;5;-7
3;3;0;Aberta dos Morros;7105;7067;38;-2;-3;1
3;3;0;Agronomia;2340;2303;37;3;4;-1
3;3;0;Anchieta;2028;1978;50;4;4;0
3;3;0;Arquipélago;8341;8288;53;2;1;1
3;3;0;Auxiliadora;9615;9573;42;8;21;-13
3;3;0;Azenha;13807;13685;122;29;35;-6
3;3;0;Bela Vista;11702;11666;36;2;23;-21
3;3;0;Belém Novo;10088;10068;20;0;1;-1
3;3;0;Belém Velho;10840;10789;51;8;8;0
3;3;0;Boa Vista;10006;9954;52;5;20;-15
3;3;0;Boa Vista do Sul;2281;2266;15;-1;0;-1
3;3;0;Bom Fim;11460;11443;17;14;18;-4
3;3;0;Bom Jesus;28669;28603;66;9;19;-10
3;3;0;Camaquã;17922;17870;52;4;20;-16
3;3;0;Campo Novo;8749;8700;49;2;5;-3
3;3;0;Cascata;13002;12950;52;3;12;-9
3;3;0;Cavalhada;29296;29230;66;8;18;-10
3;3;0;Centro;39281;39086;195;-32;2;-34
3;3;0;Chácara das Pedras;6630;6583;47;10;21;-11
3;3;0;Chapéu do Sol;2901;2868;33;3;3;0
3;3;0;Cidade Baixa;15289;15257;32;-15;12;-27
3;3;0;Coronel Aparício Borges;19256;19222;34;-9;23;-32
3;3;0;Costa e Silva;15839;15792;47;2;24;-22
3;3;0;Cristal;31942;31884;58;-15;12;-27
3;3;0;Cristo Redentor;16507;16358;149;29;36;-7
3;3;0;Espírito Santo;5575;5527;48;2;5;-3
3;3;0;Extrema;1978;1966;12;4;3;1
3;3;0;Farrapos;19020;18946;74;-3;2;-5
3;3;0;Farroupilha;943;835;108;19;26;-7
3;3;0;Floresta;11537;11494;43;5;19;-14
3;3;0;Glória;17126;16978;148;14;29;-15
3;3;0;Guarujá;4790;4738;52;1;1;0
3;3;0;Higienópolis;10690;10624;66;1;11;-10
3;3;0;Hípica;18639;18589;50;-4;1;-5
3;3;0;Humaitá;11527;11457;70;0;2;-2
3;3;0;Independência;8134;7991;143;11;20;-9
3;3;0;Ipanema;13723;13658;65;8;8;0
3;3;0;Jardim Botânico;12556;12427;129;3;21;-18
3;3;0;Jardim Carvalho;25523;25336;187;39;25;14
3;3;0;Jardim do Salso;4375;4327;48;1;16;-15
3;3;0;Jardim Dona Leopoldina;18012;17969;43;1;25;-24
3;3;0;Jardim Europa;2264;2212;52;11;23;-12
3;3;0;Jardim Floresta;3297;3232;65;7;14;-7
3;3;0;Jardim Isabel;2805;2750;55;5;4;1
3;3;0;Jardim Itu;17821;17773;48;-16;14;-30
3;3;0;Jardim Lindóia;7402;7342;60;10;19;-9
3;3;0;Jardim Sabará;13511;13456;55;-6;19;-25
3;3;0;Jardim São Pedro;3943;3881;62;5;14;-9
3;3;0;Lageado;4483;4447;36;0;0;0
3;3;0;Lami;4285;4261;24;1;2;-1
3;3;0;Lomba do Pinheiro;58168;58083;85;10;2;8
3;3;0;Mário Quintana;38142;38077;65;-5;17;-22
3;3;0;Medianeira;11152;11116;36;-6;13;-19
3;3;0;Menino Deus;31755;31558;197;14;18;-4
3;3;0;Moinhos de Vento;11985;11822;163;0;8;-8
3;3;0;MontSerrat;11175;11122;53;-10;8;-18
3;3;0;Morro Santana;19350;19281;69;-6;13;-19
3;3;0;Navegantes;4328;4256;72;5;4;1
3;3;0;Nonoai;25126;25079;47;-20;16;-36
3;3;0;Parque Santa Fé;6370;6323;47;21;32;-11
3;3;0;Partenon;48168;48079;89;-5;12;-17
3;3;0;Passo DAreia;21960;21879;81;-14;9;-23
3;3;0;Passo das Pedras;15892;15838;54;-9;15;-24
3;3;0;Pedra Redonda;238;192;46;-1;3;-4
3;3;0;Petrópolis;37478;37393;85;-11;7;-18
3;3;0;Pitinga;4377;4334;43;3;1;2
3;3;0;Ponta Grossa;8733;8686;47;0;0;0
3;3;0;Praia de Belas;2252;2205;47;6;18;-12
3;3;0;Restinga;53622;53480;142;-20;0;-20
3;3;0;Rio Branco;17587;17402;185;12;24;-12
3;3;0;Rubem Berta;33163;33117;46;-20;14;-34
3;3;0;Santa Cecília;5795;5644;151;-3;19;-22
3;3;0;Santa Maria Goretti;3502;3430;72;1;8;-7
3;3;0;Santa Rosa de Lima;35366;35296;70;-22;3;-25
3;3;0;Santa Tereza;39572;39501;71;-12;13;-25
3;3;0;Santana;20794;20595;199;-11;12;-23
3;3;0;Santo Antônio;13098;13060;38;-11;19;-30
3;3;0;São Caetano;770;734;36;4;4;0
3;3;0;São Geraldo;8676;8606;70;-3;10;-13
3;3;0;São João;12242;12156;86;1;11;-10
3;3;0;São Sebastião;7011;6949;62;-4;10;-14
3;3;0;Sarandi;59747;59656;91;-11;9;-20
3;3;0;Serraria;6248;6190;58;0;0;0
3;3;0;Sétimo Céu;1306;1252;54;8;10;-2
3;3;0;Teresópolis;14793;14623;170;-6;10;-16
3;3;0;Três Figueiras;4055;3981;74;-3;10;-13
3;3;0;Tristeza;16676;16617;59;-2;11;-13
3;3;0;Vila Assunção;4507;4368;139;2;7;-5
3;3;0;Vila Conceição;1361;1297;64;-1;-2;1
3;3;0;Vila Ipiranga;18635;18573;62;-16;14;-30
3;3;0;Vila Jardim;13176;13106;70;0;19;-19
3;3;0;Vila João Pessoa;13021;12964;57;-14;6;-20
3;3;0;Vila Nova;32594;32419;175;-8;7;-15
3;3;0;Vila São José;26530;26463;67;-23;10;-33
4;4;0;Aberta dos Morros;6808;6444;364;-297;-623;326
4;4;0;Agronomia;1735;1672;63;-605;-631;26
4;4;0;Anchieta;1398;1364;34;-630;-614;-16
4;4;0;Arquipélago;8163;7678;485;-178;-610;432
4;4;0;Auxiliadora;9172;8642;530;-443;-931;488
4;4;0;Azenha;13451;12660;791;-356;-1025;669
4;4;0;Bela Vista;11318;10630;688;-384;-1036;652
4;4;0;Belém Novo;10042;9568;474;-46;-500;454
4;4;0;Belém Velho;10706;10072;634;-134;-717;583
4;4;0;Boa Vista;9559;8984;575;-447;-970;523
4;4;0;Boa Vista do Sul;1814;1775;39;-467;-491;24
4;4;0;Bom Fim;10990;10364;626;-470;-1079;609
4;4;0;Bom Jesus;29339;27553;1786;670;-1050;1720
4;4;0;Camaquã;18021;16987;1034;99;-883;982
4;4;0;Campo Novo;8430;7982;448;-319;-718;399
4;4;0;Cascata;12863;12134;729;-139;-816;677
4;4;0;Cavalhada;30018;28321;1697;722;-909;1631
4;4;0;Centro;40512;38235;2277;1231;-851;2082
4;4;0;Chácara das Pedras;5847;5536;311;-783;-1047;264
4;4;0;Chapéu do Sol;2331;2275;56;-570;-593;23
4;4;0;Cidade Baixa;15157;14237;920;-132;-1020;888
4;4;0;Coronel Aparício Borges;19320;18199;1121;64;-1023;1087
4;4;0;Costa e Silva;15647;14801;846;-192;-991;799
4;4;0;Cristal;32926;31067;1859;984;-817;1801
4;4;0;Cristo Redentor;16269;15310;959;-238;-1048;810
4;4;0;Espírito Santo;5054;4808;246;-521;-719;198
4;4;0;Extrema;1582;1547;35;-396;-419;23
4;4;0;Farrapos;19329;18271;1058;309;-675;984
4;4;0;Farroupilha;444;444;0;-499;-391;-108
4;4;0;Floresta;11216;10546;670;-321;-948;627
4;4;0;Glória;16977;15957;1020;-149;-1021;872
4;4;0;Guarujá;4266;4065;201;-524;-673;149
4;4;0;Higienópolis;10260;9629;631;-430;-995;565
4;4;0;Hípica;18931;17937;994;292;-652;944
4;4;0;Humaitá;11404;10764;640;-123;-693;570
4;4;0;Independência;7390;6943;447;-744;-1048;304
4;4;0;Ipanema;13687;12942;745;-36;-716;680
4;4;0;Jardim Botânico;12040;11288;752;-516;-1139;623
4;4;0;Jardim Carvalho;25990;24402;1588;467;-934;1401
4;4;0;Jardim do Salso;3476;3295;181;-899;-1032;133
4;4;0;Jardim Dona Leopoldina;17935;16905;1030;-77;-1064;987
4;4;0;Jardim Europa;1306;1288;18;-958;-924;-34
4;4;0;Jardim Floresta;2481;2384;97;-816;-848;32
4;4;0;Jardim Isabel;2064;2031;33;-741;-719;-22
4;4;0;Jardim Itu;17881;16799;1082;60;-974;1034
4;4;0;Jardim Lindóia;6814;6414;400;-588;-928;340
4;4;0;Jardim Sabará;13296;12492;804;-215;-964;749
4;4;0;Jardim São Pedro;3163;2986;177;-780;-895;115
4;4;0;Lageado;4052;3860;192;-431;-587;156
4;4;0;Lami;3993;3787;206;-292;-474;182
4;4;0;Lomba do Pinheiro;60692;57428;3264;2524;-655;3179
4;4;0;Mário Quintana;39404;37255;2149;1262;-822;2084
4;4;0;Medianeira;10760;10116;644;-392;-1000;608
4;4;0;Menino Deus;32639;30629;2010;884;-929;1813
4;4;0;Moinhos de Vento;11574;10824;750;-411;-998;587
4;4;0;MontSerrat;10781;10109;672;-394;-1013;619
4;4;0;Morro Santana;19609;18463;1146;259;-818;1077
4;4;0;Navegantes;3670;3472;198;-658;-784;126
4;4;0;Nonoai;25646;24175;1471;520;-904;1424
4;4;0;Parque Santa Fé;5677;5363;314;-693;-960;267
4;4;0;Partenon;49960;47080;2880;1792;-999;2791
4;4;0;Passo DAreia;22313;20960;1353;353;-919;1272
4;4;0;Passo das Pedras;15822;14916;906;-70;-922;852
4;4;0;Pedra Redonda;155;128;27;-83;-64;-19
4;4;0;Petrópolis;38762;36406;2356;1284;-987;2271
4;4;0;Pitinga;3962;3751;211;-415;-583;168
4;4;0;Ponta Grossa;8611;8171;440;-122;-515;393
4;4;0;Praia de Belas;1517;1397;120;-735;-808;73
4;4;0;Restinga;55909;52974;2935;2287;-506;2793
4;4;0;Rio Branco;17519;16382;1137;-68;-1020;952
4;4;0;Rubem Berta;34185;32283;1902;1022;-834;1856
4;4;0;Santa Cecília;4888;4580;308;-907;-1064;157
4;4;0;Santa Maria Goretti;2823;2591;232;-679;-839;160
4;4;0;Santa Rosa de Lima;36632;34600;2032;1266;-696;1962
4;4;0;Santa Tereza;40982;38635;2347;1410;-866;2276
4;4;0;Santana;21039;19642;1397;245;-953;1198
4;4;0;Santo Antônio;13009;12119;890;-89;-941;852
4;4;0;São Caetano;606;419;187;-164;-315;151
4;4;0;São Geraldo;8413;7818;595;-263;-788;525
4;4;0;São João;12251;11367;884;9;-789;798
4;4;0;São Sebastião;6496;6071;425;-515;-878;363
4;4;0;Sarandi;62633;58982;3651;2886;-674;3560
4;4;0;Serraria;6093;5714;379;-155;-476;321
4;4;0;Sétimo Céu;760;667;93;-546;-585;39
4;4;0;Teresópolis;14800;13743;1057;7;-880;887
4;4;0;Três Figueiras;3431;3050;381;-624;-931;307
4;4;0;Tristeza;16925;15910;1015;249;-707;956
4;4;0;Vila Assunção;4063;3700;363;-444;-668;224
4;4;0;Vila Conceição;933;761;172;-428;-536;108
4;4;0;Vila Ipiranga;19003;17701;1302;368;-872;1240
4;4;0;Vila Jardim;13221;12225;996;45;-881;926
4;4;0;Vila João Pessoa;12910;12020;890;-111;-944;833
4;4;0;Vila Nova;33897;31860;2037;1303;-559;1862
4;4;0;Vila São José;27509;25775;1734;979;-688;1667
5;5;0;Aberta dos Morros;6808;6441;367;0;-3;3
5;5;0;Agronomia;1729;1670;59;-6;-2;-4
5;5;0;Anchieta;1391;1359;32;-7;-5;-2
5;5;0;Arquipélago;8169;7672;497;6;-6;12
5;5;0;Auxiliadora;9173;8638;535;1;-4;5
5;5;0;Azenha;13434;12634;800;-17;-26;9
5;5;0;Bela Vista;11306;10620;686;-12;-10;-2
5;5;0;Belém Novo;10049;9568;481;7;0;7
5;5;0;Belém Velho;10706;10063;643;0;-9;9
5;5;0;Boa Vista;9561;8982;579;2;-2;4
5;5;0;Boa Vista do Sul;1811;1773;38;-3;-2;-1
5;5;0;Bom Fim;10972;10357;615;-18;-7;-11
5;5;0;Bom Jesus;29371;27529;1842;32;-24;56
5;5;0;Camaquã;18024;16966;1058;3;-21;24
5;5;0;Campo Novo;8427;7971;456;-3;-11;8
5;5;0;Cascata;12875;12121;754;12;-13;25
5;5;0;Cavalhada;30064;28308;1756;46;-13;59
5;5;0;Centro;40568;38232;2336;56;-3;59
5;5;0;Chácara das Pedras;5829;5530;299;-18;-6;-12
5;5;0;Chapéu do Sol;2319;2269;50;-12;-6;-6
5;5;0;Cidade Baixa;15159;14223;936;2;-14;16
5;5;0;Coronel Aparício Borges;19328;18176;1152;8;-23;31
5;5;0;Costa e Silva;15637;14771;866;-10;-30;20
5;5;0;Cristal;32974;31057;1917;48;-10;58
5;5;0;Cristo Redentor;16255;15285;970;-14;-25;11
5;5;0;Espírito Santo;5046;4804;242;-8;-4;-4
5;5;0;Extrema;1581;1547;34;-1;0;-1
5;5;0;Farrapos;19352;18264;1088;23;-7;30
5;5;0;Farroupilha;443;443;0;-1;-1;0
5;5;0;Floresta;11215;10528;687;-1;-18;17
5;5;0;Glória;16989;15930;1059;12;-27;39
5;5;0;Guarujá;4267;4064;203;1;-1;2
5;5;0;Higienópolis;10263;9618;645;3;-11;14
5;5;0;Hípica;18941;17921;1020;10;-16;26
5;5;0;Humaitá;11416;10756;660;12;-8;20
5;5;0;Independência;7386;6945;441;-4;2;-6
5;5;0;Ipanema;13699;12937;762;12;-5;17
5;5;0;Jardim Botânico;12043;11273;770;3;-15;18
5;5;0;Jardim Carvalho;26016;24380;1636;26;-22;48
5;5;0;Jardim do Salso;3465;3292;173;-11;-3;-8
5;5;0;Jardim Dona Leopoldina;17932;16872;1060;-3;-33;30
5;5;0;Jardim Europa;1289;1285;4;-17;-3;-14
5;5;0;Jardim Floresta;2468;2380;88;-13;-4;-9
5;5;0;Jardim Isabel;2054;2027;27;-10;-4;-6
5;5;0;Jardim Itu;17887;16774;1113;6;-25;31
5;5;0;Jardim Lindóia;6821;6416;405;7;2;5
5;5;0;Jardim Sabará;13301;12474;827;5;-18;23
5;5;0;Jardim São Pedro;3159;2982;177;-4;-4;0
5;5;0;Lageado;4049;3859;190;-3;-1;-2
5;5;0;Lami;3995;3790;205;2;3;-1
5;5;0;Lomba do Pinheiro;60759;57424;3335;67;-4;71
5;5;0;Mário Quintana;39451;37242;2209;47;-13;60
5;5;0;Medianeira;10752;10095;657;-8;-21;13
5;5;0;Menino Deus;32672;30599;2073;33;-30;63
5;5;0;Moinhos de Vento;11546;10800;746;-28;-24;-4
5;5;0;MontSerrat;10785;10094;691;4;-15;19
5;5;0;Morro Santana;19630;18448;1182;21;-15;36
5;5;0;Navegantes;3670;3474;196;0;2;-2
5;5;0;Nonoai;25666;24156;1510;20;-19;39
5;5;0;Parque Santa Fé;5658;5340;318;-19;-23;4
5;5;0;Partenon;50025;47055;2970;65;-25;90
5;5;0;Passo DAreia;22337;20951;1386;24;-9;33
5;5;0;Passo das Pedras;15830;14898;932;8;-18;26
5;5;0;Pedra Redonda;143;124;19;-12;-4;-8
5;5;0;Petrópolis;38814;36385;2429;52;-21;73
5;5;0;Pitinga;3951;3746;205;-11;-5;-6
5;5;0;Ponta Grossa;8593;8154;439;-18;-17;-1
5;5;0;Praia de Belas;1475;1388;87;-42;-9;-33
5;5;0;Restinga;55936;52965;2971;27;-9;36
5;5;0;Rio Branco;17510;16342;1168;-9;-40;31
5;5;0;Rubem Berta;34189;32262;1927;4;-21;25
5;5;0;Santa Cecília;4873;4577;296;-15;-3;-12
5;5;0;Santa Maria Goretti;2809;2588;221;-14;-3;-11
5;5;0;Santa Rosa de Lima;36642;34586;2056;10;-14;24
5;5;0;Santa Tereza;40990;38618;2372;8;-17;25
5;5;0;Santana;21011;19596;1415;-28;-46;18
5;5;0;Santo Antônio;12974;12089;885;-35;-30;-5
5;5;0;São Caetano;600;416;184;-6;-3;-3
5;5;0;São Geraldo;8400;7800;600;-13;-18;5
5;5;0;São João;12235;11349;886;-16;-18;2
5;5;0;São Sebastião;6478;6057;421;-18;-14;-4
5;5;0;Sarandi;62632;58961;3671;-1;-21;20
5;5;0;Serraria;6093;5707;386;0;-7;7
5;5;0;Sétimo Céu;748;662;86;-12;-5;-7
5;5;0;Teresópolis;14764;13710;1054;-36;-33;-3
5;5;0;Três Figueiras;3397;3026;371;-34;-24;-10
5;5;0;Tristeza;16927;15901;1026;2;-9;11
5;5;0;Vila Assunção;4032;3691;341;-31;-9;-22
5;5;0;Vila Conceição;922;752;170;-11;-9;-2
5;5;0;Vila Ipiranga;18979;17662;1317;-24;-39;15
5;5;0;Vila Jardim;13178;12175;1003;-43;-50;7
5;5;0;Vila João Pessoa;12881;11985;896;-29;-35;6
5;5;0;Vila Nova;33887;31835;2052;-10;-25;15
5;5;0;Vila São José;27491;25742;1749;-18;-33;15
6;6;0;Aberta dos Morros;6632;5881;751;-176;-560;384
6;6;0;Agronomia;1342;1171;171;-387;-499;112
6;6;0;Anchieta;1125;1005;120;-266;-354;88
6;6;0;Arquipélago;8074;7104;970;-95;-568;473
6;6;0;Auxiliadora;8836;7705;1131;-337;-933;596
6;6;0;Azenha;13222;11610;1612;-212;-1024;812
6;6;0;Bela Vista;10983;9600;1383;-323;-1020;697
6;6;0;Belém Novo;10136;9167;969;87;-401;488
6;6;0;Belém Velho;10624;9409;1215;-82;-654;572
6;6;0;Boa Vista;9187;8021;1166;-374;-961;587
6;6;0;Boa Vista do Sul;1487;1399;88;-324;-374;50
6;6;0;Bom Fim;10605;9328;1277;-367;-1029;662
6;6;0;Bom Jesus;30064;26572;3492;693;-957;1650
6;6;0;Camaquã;18140;16140;2000;116;-826;942
6;6;0;Campo Novo;8200;7321;879;-227;-650;423
6;6;0;Cascata;12812;11359;1453;-63;-762;699
6;6;0;Cavalhada;30717;27435;3282;653;-873;1526
6;6;0;Centro;41720;37392;4328;1152;-840;1992
6;6;0;Chácara das Pedras;5170;4526;644;-659;-1004;345
6;6;0;Chapéu do Sol;1888;1759;129;-431;-510;79
6;6;0;Cidade Baixa;15084;13285;1799;-75;-938;863
6;6;0;Coronel Aparício Borges;19431;17196;2235;103;-980;1083
6;6;0;Costa e Silva;15564;13831;1733;-73;-940;867
6;6;0;Cristal;33878;30270;3608;904;-787;1691
6;6;0;Cristo Redentor;16224;14312;1912;-31;-973;942
6;6;0;Espírito Santo;4670;4173;497;-376;-631;255
6;6;0;Extrema;1225;1178;47;-356;-369;13
6;6;0;Farrapos;19754;17654;2100;402;-610;1012
6;6;0;Farroupilha;441;439;2;-2;-4;2
6;6;0;Floresta;10927;9645;1282;-288;-883;595
6;6;0;Glória;16978;14993;1985;-11;-937;926
6;6;0;Guarujá;3868;3499;369;-399;-565;166
6;6;0;Higienópolis;9919;8695;1224;-344;-923;579
6;6;0;Hípica;19288;17338;1950;347;-583;930
6;6;0;Humaitá;11332;10106;1226;-84;-650;566
6;6;0;Independência;6776;5948;828;-610;-997;387
6;6;0;Ipanema;13708;12249;1459;9;-688;697
6;6;0;Jardim Botânico;11640;10221;1419;-403;-1052;649
6;6;0;Jardim Carvalho;26467;23445;3022;451;-935;1386
6;6;0;Jardim do Salso;2634;2270;364;-831;-1022;191
6;6;0;Jardim Dona Leopoldina;17875;15836;2039;-57;-1036;979
6;6;0;Jardim Europa;1210;1123;87;-79;-162;83
6;6;0;Jardim Floresta;1874;1658;216;-594;-722;128
6;6;0;Jardim Isabel;1529;1429;100;-525;-598;73
6;6;0;Jardim Itu;17889;15784;2105;2;-990;992
6;6;0;Jardim Lindóia;6307;5546;761;-514;-870;356
6;6;0;Jardim Sabará;13053;11499;1554;-248;-975;727
6;6;0;Jardim São Pedro;2438;2104;334;-721;-878;157
6;6;0;Lageado;3693;3373;320;-356;-486;130
6;6;0;Lami;3687;3389;298;-308;-401;93
6;6;0;Lomba do Pinheiro;62951;56742;6209;2192;-682;2874
6;6;0;Mário Quintana;40711;36414;4297;1260;-828;2088
6;6;0;Medianeira;10387;9132;1255;-365;-963;598
6;6;0;Menino Deus;33390;29622;3768;718;-977;1695
6;6;0;Moinhos de Vento;11248;9861;1387;-298;-939;641
6;6;0;MontSerrat;10385;9096;1289;-400;-998;598
6;6;0;Morro Santana;19864;17608;2256;234;-840;1074
6;6;0;Navegantes;3097;2723;374;-573;-751;178
6;6;0;Nonoai;26123;23238;2885;457;-918;1375
6;6;0;Parque Santa Fé;4984;4396;588;-674;-944;270
6;6;0;Partenon;51629;46004;5625;1604;-1051;2655
6;6;0;Passo DAreia;22675;19999;2676;338;-952;1290
6;6;0;Passo das Pedras;15732;13918;1814;-98;-980;882
6;6;0;Pedra Redonda;125;124;1;-18;0;-18
6;6;0;Petrópolis;39987;35356;4631;1173;-1029;2202
6;6;0;Pitinga;3548;3208;340;-403;-538;135
6;6;0;Ponta Grossa;8412;7612;800;-181;-542;361
6;6;0;Praia de Belas;1247;1121;126;-228;-267;39
6;6;0;Restinga;57518;52203;5315;1582;-762;2344
6;6;0;Rio Branco;17443;15310;2133;-67;-1032;965
6;6;0;Rubem Berta;34990;31352;3638;801;-910;1711
6;6;0;Santa Cecília;4099;3577;522;-774;-1000;226
6;6;0;Santa Maria Goretti;2094;1803;291;-715;-785;70
6;6;0;Santa Rosa de Lima;37648;33820;3828;1006;-766;1772
6;6;0;Santa Tereza;42238;37701;4537;1248;-917;2165
6;6;0;Santana;21087;18536;2551;76;-1060;1136
6;6;0;Santo Antônio;12649;11082;1567;-325;-1007;682
6;6;0;São Caetano;529;377;152;-71;-39;-32
6;6;0;São Geraldo;7993;6987;1006;-407;-813;406
6;6;0;São João;11990;10505;1485;-245;-844;599
6;6;0;São Sebastião;5891;5166;725;-587;-891;304
6;6;0;Sarandi;64723;58107;6616;2091;-854;2945
6;6;0;Serraria;5682;5092;590;-411;-615;204
6;6;0;Sétimo Céu;717;654;63;-31;-8;-23
6;6;0;Teresópolis;14455;12702;1753;-309;-1008;699
6;6;0;Três Figueiras;2554;2108;446;-843;-918;75
6;6;0;Tristeza;17002;15173;1829;75;-728;803
6;6;0;Vila Assunção;3343;2951;392;-689;-740;51
6;6;0;Vila Conceição;833;669;164;-89;-83;-6
6;6;0;Vila Ipiranga;18974;16675;2299;-5;-987;982
6;6;0;Vila Jardim;12828;11191;1637;-350;-984;634
6;6;0;Vila João Pessoa;12535;10958;1577;-346;-1027;681
6;6;0;Vila Nova;34721;31064;3657;834;-771;1605
6;6;0;Vila São José;27993;24859;3134;502;-883;1385
7;7;0;Aberta dos Morros;6243;4852;1391;-389;-1029;640
7;7;0;Agronomia;1265;929;336;-77;-242;165
7;7;0;Anchieta;1030;770;260;-95;-235;140
7;7;0;Arquipélago;7619;5925;1694;-455;-1179;724
7;7;0;Auxiliadora;8198;6121;2077;-638;-1584;946
7;7;0;Azenha;12526;9389;3137;-696;-2221;1525
7;7;0;Bela Vista;10292;7726;2566;-691;-1874;1183
7;7;0;Belém Novo;10052;8417;1635;-84;-750;666
7;7;0;Belém Velho;10065;7904;2161;-559;-1505;946
7;7;0;Boa Vista;8589;6413;2176;-598;-1608;1010
7;7;0;Boa Vista do Sul;1428;1235;193;-59;-164;105
7;7;0;Bom Fim;9883;7436;2447;-722;-1892;1170
7;7;0;Bom Jesus;30698;24168;6530;634;-2404;3038
7;7;0;Camaquã;17976;14219;3757;-164;-1921;1757
7;7;0;Campo Novo;7751;6128;1623;-449;-1193;744
7;7;0;Cascata;12201;9537;2664;-611;-1822;1211
7;7;0;Cavalhada;31698;25525;6173;981;-1910;2891
7;7;0;Centro;43956;35584;8372;2236;-1808;4044
7;7;0;Chácara das Pedras;4783;3519;1264;-387;-1007;620
7;7;0;Chapéu do Sol;1821;1504;317;-67;-255;188
7;7;0;Cidade Baixa;14376;11119;3257;-708;-2166;1458
7;7;0;Coronel Aparício Borges;19007;14813;4194;-424;-2383;1959
7;7;0;Costa e Silva;14855;11582;3273;-709;-2249;1540
7;7;0;Cristal;35176;28554;6622;1298;-1716;3014
7;7;0;Cristo Redentor;15774;11993;3781;-450;-2319;1869
7;7;0;Espírito Santo;4380;3426;954;-290;-747;457
7;7;0;Extrema;1194;1056;138;-31;-122;91
7;7;0;Farrapos;20034;16241;3793;280;-1413;1693
7;7;0;Farroupilha;327;232;95;-114;-207;93
7;7;0;Floresta;10302;7925;2377;-625;-1720;1095
7;7;0;Glória;16467;12784;3683;-511;-2209;1698
7;7;0;Guarujá;3672;2936;736;-196;-563;367
7;7;0;Higienópolis;9306;6988;2318;-613;-1707;1094
7;7;0;Hípica;19543;16114;3429;255;-1224;1479
7;7;0;Humaitá;10863;8636;2227;-469;-1470;1001
7;7;0;Independência;6552;4719;1833;-224;-1229;1005
7;7;0;Ipanema;13484;10859;2625;-224;-1390;1166
7;7;0;Jardim Botânico;11090;8269;2821;-550;-1952;1402
7;7;0;Jardim Carvalho;26838;21366;5472;371;-2079;2450
7;7;0;Jardim do Salso;2421;1533;888;-213;-737;524
7;7;0;Jardim Dona Leopoldina;17126;13391;3735;-749;-2445;1696
7;7;0;Jardim Europa;1234;682;552;24;-441;465
7;7;0;Jardim Floresta;1712;1129;583;-162;-529;367
7;7;0;Jardim Isabel;1459;1008;451;-70;-421;351
7;7;0;Jardim Itu;17220;13439;3781;-669;-2345;1676
7;7;0;Jardim Lindóia;6085;4441;1644;-222;-1105;883
7;7;0;Jardim Sabará;12255;9438;2817;-798;-2061;1263
7;7;0;Jardim São Pedro;2232;1437;795;-206;-667;461
7;7;0;Lageado;3489;2914;575;-204;-459;255
7;7;0;Lami;3501;3009;492;-186;-380;194
7;7;0;Lomba do Pinheiro;66403;55452;10951;3452;-1290;4742
7;7;0;Mário Quintana;42495;34556;7939;1784;-1858;3642
7;7;0;Medianeira;9753;7402;2351;-634;-1730;1096
7;7;0;Menino Deus;34302;27450;6852;912;-2172;3084
7;7;0;Moinhos de Vento;10798;7997;2801;-450;-1864;1414
7;7;0;MontSerrat;9806;7421;2385;-579;-1675;1096
7;7;0;Morro Santana;19676;15674;4002;-188;-1934;1746
7;7;0;Navegantes;3118;1974;1144;21;-749;770
7;7;0;Nonoai;26471;21200;5271;348;-2038;2386
7;7;0;Parque Santa Fé;4659;3284;1375;-325;-1112;787
7;7;0;Partenon;54158;43609;10549;2529;-2395;4924
7;7;0;Passo DAreia;22718;17760;4958;43;-2239;2282
7;7;0;Passo das Pedras;15006;11682;3324;-726;-2236;1510
7;7;0;Pedra Redonda;88;59;29;-37;-65;28
7;7;0;Petrópolis;41331;32994;8337;1344;-2362;3706
7;7;0;Pitinga;3370;2608;762;-178;-600;422
7;7;0;Ponta Grossa;8034;6685;1349;-378;-927;549
7;7;0;Praia de Belas;1327;703;624;80;-418;498
7;7;0;Restinga;60037;51106;8931;2519;-1097;3616
7;7;0;Rio Branco;16814;12899;3915;-629;-2411;1782
7;7;0;Rubem Berta;36036;29336;6700;1046;-2016;3062
7;7;0;Santa Cecília;3862;2588;1274;-237;-989;752
7;7;0;Santa Maria Goretti;1969;1240;729;-125;-563;438
7;7;0;Santa Rosa de Lima;38824;32204;6620;1176;-1616;2792
7;7;0;Santa Tereza;44002;35742;8260;1764;-1959;3723
7;7;0;Santana;20764;16131;4633;-323;-2405;2082
7;7;0;Santo Antônio;11893;9136;2757;-756;-1946;1190
7;7;0;São Caetano;503;267;236;-26;-110;84
7;7;0;São Geraldo;7499;5417;2082;-494;-1570;1076
7;7;0;São João;11507;8820;2687;-483;-1685;1202
7;7;0;São Sebastião;5698;3875;1823;-193;-1291;1098
7;7;0;Sarandi;67567;56271;11296;2844;-1836;4680
7;7;0;Serraria;5399;4189;1210;-283;-903;620
7;7;0;Sétimo Céu;590;397;193;-127;-257;130
7;7;0;Teresópolis;13677;10672;3005;-778;-2030;1252
7;7;0;Três Figueiras;2585;1428;1157;31;-680;711
7;7;0;Tristeza;16659;13639;3020;-343;-1534;1191
7;7;0;Vila Assunção;3183;2217;966;-160;-734;574
7;7;0;Vila Conceição;740;429;311;-93;-240;147
7;7;0;Vila Ipiranga;18265;14359;3906;-709;-2316;1607
7;7;0;Vila Jardim;12147;8998;3149;-681;-2193;1512
7;7;0;Vila João Pessoa;11817;8810;3007;-718;-2148;1430
7;7;0;Vila Nova;35600;29476;6124;879;-1588;2467
7;7;0;Vila São José;28153;22710;5443;160;-2149;2309
8;8;0;Aberta dos Morros;6260;5035;1225;17;183;-166
8;8;0;Agronomia;1310;1109;201;45;180;-135
8;8;0;Anchieta;1066;894;172;36;124;-88
8;8;0;Arquipélago;7752;6134;1618;133;209;-76
8;8;0;Auxiliadora;8195;6360;1835;-3;239;-242
8;8;0;Azenha;12333;9717;2616;-193;328;-521
8;8;0;Bela Vista;10294;8001;2293;2;275;-273
8;8;0;Belém Novo;10103;8435;1668;51;18;33
8;8;0;Belém Velho;10172;8046;2126;107;142;-35
8;8;0;Boa Vista;8602;6685;1917;13;272;-259
8;8;0;Boa Vista do Sul;1432;1297;135;4;62;-58
8;8;0;Bom Fim;9948;7796;2152;65;360;-295
8;8;0;Bom Jesus;30887;24360;6527;189;192;-3
8;8;0;Camaquã;18053;14394;3659;77;175;-98
8;8;0;Campo Novo;7745;6225;1520;-6;97;-103
8;8;0;Cascata;12274;9663;2611;73;126;-53
8;8;0;Cavalhada;31643;25644;5999;-55;119;-174
8;8;0;Centro;44158;35839;8319;202;255;-53
8;8;0;Chácara das Pedras;4783;3793;990;0;274;-274
8;8;0;Chapéu do Sol;1811;1598;213;-10;94;-104
8;8;0;Cidade Baixa;14521;11410;3111;145;291;-146
8;8;0;Coronel Aparício Borges;19128;14977;4151;121;164;-43
8;8;0;Costa e Silva;14979;11768;3211;124;186;-62
8;8;0;Cristal;35311;28665;6646;135;111;24
8;8;0;Cristo Redentor;15657;12264;3393;-117;271;-388
8;8;0;Espírito Santo;4254;3540;714;-126;114;-240
8;8;0;Extrema;1308;1168;140;114;112;2
8;8;0;Farrapos;20266;16443;3823;232;202;30
8;8;0;Farroupilha;208;178;30;-119;-54;-65
8;8;0;Floresta;10350;8149;2201;48;224;-176
8;8;0;Glória;16488;12987;3501;21;203;-182
8;8;0;Guarujá;3578;3028;550;-94;92;-186
8;8;0;Higienópolis;9351;7242;2109;45;254;-209
8;8;0;Hípica;19543;16157;3386;0;43;-43
8;8;0;Humaitá;11010;8817;2193;147;181;-34
8;8;0;Independência;6277;4969;1308;-275;250;-525
8;8;0;Ipanema;13460;10890;2570;-24;31;-55
8;8;0;Jardim Botânico;10815;8459;2356;-275;190;-465
8;8;0;Jardim Carvalho;26969;21549;5420;131;183;-52
8;8;0;Jardim do Salso;2426;1802;624;5;269;-264
8;8;0;Jardim Dona Leopoldina;17146;13559;3587;20;168;-148
8;8;0;Jardim Europa;879;643;236;-355;-39;-316
8;8;0;Jardim Floresta;1696;1268;428;-16;139;-155
8;8;0;Jardim Isabel;1491;1158;333;32;150;-118
8;8;0;Jardim Itu;17256;13616;3640;36;177;-141
8;8;0;Jardim Lindóia;5763;4594;1169;-322;153;-475
8;8;0;Jardim Sabará;12289;9592;2697;34;154;-120
8;8;0;Jardim São Pedro;2272;1704;568;40;267;-227
8;8;0;Lageado;3396;2945;451;-93;31;-124
8;8;0;Lami;3411;3047;364;-90;38;-128
8;8;0;Lomba do Pinheiro;66184;55406;10778;-219;-46;-173
8;8;0;Mário Quintana;42530;34643;7887;35;87;-52
8;8;0;Medianeira;9687;7561;2126;-66;159;-225
8;8;0;Menino Deus;34451;27664;6787;149;214;-65
8;8;0;Moinhos de Vento;10510;8177;2333;-288;180;-468
8;8;0;MontSerrat;9747;7587;2160;-59;166;-225
8;8;0;Morro Santana;19745;15807;3938;69;133;-64
8;8;0;Navegantes;2872;2173;699;-246;199;-445
8;8;0;Nonoai;26514;21290;5224;43;90;-47
8;8;0;Parque Santa Fé;4581;3510;1071;-78;226;-304
8;8;0;Partenon;54275;43723;10552;117;114;3
8;8;0;Passo DAreia;22773;17912;4861;55;152;-97
8;8;0;Passo das Pedras;14998;11801;3197;-8;119;-127
8;8;0;Pedra Redonda;55;34;21;-33;-25;-8
8;8;0;Petrópolis;41365;33106;8259;34;112;-78
8;8;0;Pitinga;3321;2704;617;-49;96;-145
8;8;0;Ponta Grossa;7995;6708;1287;-39;23;-62
8;8;0;Praia de Belas;1042;723;319;-285;20;-305
8;8;0;Restinga;60232;51154;9078;195;48;147
8;8;0;Rio Branco;16780;13073;3707;-34;174;-208
8;8;0;Rubem Berta;35991;29388;6603;-45;52;-97
8;8;0;Santa Cecília;3817;2881;936;-45;293;-338
8;8;0;Santa Maria Goretti;2039;1457;582;70;217;-147
8;8;0;Santa Rosa de Lima;38920;32312;6608;96;108;-12
8;8;0;Santa Tereza;44027;35876;8151;25;134;-109
8;8;0;Santana;20711;16302;4409;-53;171;-224
8;8;0;Santo Antônio;11852;9305;2547;-41;169;-210
8;8;0;São Caetano;603;276;327;100;9;91
8;8;0;São Geraldo;7521;5555;1966;22;138;-116
8;8;0;São João;11375;8888;2487;-132;68;-200
8;8;0;São Sebastião;5340;4004;1336;-358;129;-487
8;8;0;Sarandi;67740;56246;11494;173;-25;198
8;8;0;Serraria;5374;4234;1140;-25;45;-70
8;8;0;Sétimo Céu;581;365;216;-9;-32;23
8;8;0;Teresópolis;13691;10774;2917;14;102;-88
8;8;0;Três Figueiras;2512;1718;794;-73;290;-363
8;8;0;Tristeza;16654;13668;2986;-5;29;-34
8;8;0;Vila Assunção;3248;2384;864;65;167;-102
8;8;0;Vila Conceição;878;445;433;138;16;122
8;8;0;Vila Ipiranga;18296;14440;3856;31;81;-50
8;8;0;Vila Jardim;12275;9146;3129;128;148;-20
8;8;0;Vila João Pessoa;11805;8907;2898;-12;97;-109
8;8;0;Vila Nova;35713;29443;6270;113;-33;146
8;8;0;Vila São José;28412;22771;5641;259;61;198
9;9;0;Aberta dos Morros;6242;5024;1218;-18;-11;-7
9;9;0;Agronomia;1276;1096;180;-34;-13;-21
9;9;0;Anchieta;1074;893;181;8;-1;9
9;9;0;Arquipélago;7751;6119;1632;-1;-15;14
9;9;0;Auxiliadora;8135;6322;1813;-60;-38;-22
9;9;0;Azenha;12269;9608;2661;-64;-109;45
9;9;0;Bela Vista;10222;7948;2274;-72;-53;-19
9;9;0;Belém Novo;10089;8435;1654;-14;0;-14
9;9;0;Belém Velho;10187;8056;2131;15;10;5
9;9;0;Boa Vista;8565;6652;1913;-37;-33;-4
9;9;0;Boa Vista do Sul;1446;1302;144;14;5;9
9;9;0;Bom Fim;9833;7704;2129;-115;-92;-23
9;9;0;Bom Jesus;30992;24281;6711;105;-79;184
9;9;0;Camaquã;18075;14355;3720;22;-39;61
9;9;0;Campo Novo;7744;6213;1531;-1;-12;11
9;9;0;Cascata;12315;9641;2674;41;-22;63
9;9;0;Cavalhada;31670;25599;6071;27;-45;72
9;9;0;Centro;44398;35797;8601;240;-42;282
9;9;0;Chácara das Pedras;4730;3763;967;-53;-30;-23
9;9;0;Chapéu do Sol;1780;1574;206;-31;-24;-7
9;9;0;Cidade Baixa;14507;11334;3173;-14;-76;62
9;9;0;Coronel Aparício Borges;19189;14912;4277;61;-65;126
9;9;0;Costa e Silva;14976;11694;3282;-3;-74;71
9;9;0;Cristal;35349;28615;6734;38;-50;88
9;9;0;Cristo Redentor;15780;12274;3506;123;10;113
9;9;0;Espírito Santo;4259;3543;716;5;3;2
9;9;0;Extrema;1326;1180;146;18;12;6
9;9;0;Farrapos;20282;16429;3853;16;-14;30
9;9;0;Farroupilha;196;196;0;-12;18;-30
9;9;0;Floresta;10386;8099;2287;36;-50;86
9;9;0;Glória;16586;12943;3643;98;-44;142
9;9;0;Guarujá;3603;3034;569;25;6;19
9;9;0;Higienópolis;9348;7209;2139;-3;-33;30
9;9;0;Hípica;19581;16126;3455;38;-31;69
9;9;0;Humaitá;11056;8797;2259;46;-20;66
9;9;0;Independência;6213;4877;1336;-64;-92;28
9;9;0;Ipanema;13496;10873;2623;36;-17;53
9;9;0;Jardim Botânico;10829;8403;2426;14;-56;70
9;9;0;Jardim Carvalho;27144;21534;5610;175;-15;190
9;9;0;Jardim do Salso;2311;1784;527;-115;-18;-97
9;9;0;Jardim Dona Leopoldina;17113;13453;3660;-33;-106;73
9;9;0;Jardim Europa;851;668;183;-28;25;-53
9;9;0;Jardim Floresta;1660;1294;366;-36;26;-62
9;9;0;Jardim Isabel;1504;1188;316;13;30;-17
9;9;0;Jardim Itu;17291;13541;3750;35;-75;110
9;9;0;Jardim Lindóia;5790;4590;1200;27;-4;31
9;9;0;Jardim Sabará;12268;9552;2716;-21;-40;19
9;9;0;Jardim São Pedro;2225;1696;529;-47;-8;-39
9;9;0;Lageado;3388;2951;437;-8;6;-14
9;9;0;Lami;3405;3049;356;-6;2;-8
9;9;0;Lomba do Pinheiro;66357;55399;10958;173;-7;180
9;9;0;Mário Quintana;42558;34557;8001;28;-86;114
9;9;0;Medianeira;9694;7529;2165;7;-32;39
9;9;0;Menino Deus;34532;27558;6974;81;-106;187
9;9;0;Moinhos de Vento;10514;8115;2399;4;-62;66
9;9;0;MontSerrat;9734;7536;2198;-13;-51;38
9;9;0;Morro Santana;19733;15705;4028;-12;-102;90
9;9;0;Navegantes;2863;2174;689;-9;1;-10
9;9;0;Nonoai;26570;21217;5353;56;-73;129
9;9;0;Parque Santa Fé;4442;3469;973;-139;-41;-98
9;9;0;Partenon;54518;43642;10876;243;-81;324
9;9;0;Passo DAreia;22818;17861;4957;45;-51;96
9;9;0;Passo das Pedras;15057;11716;3341;59;-85;144
9;9;0;Pedra Redonda;49;42;7;-6;8;-14
9;9;0;Petrópolis;41534;32981;8553;169;-125;294
9;9;0;Pitinga;3325;2701;624;4;-3;7
9;9;0;Ponta Grossa;7987;6695;1292;-8;-13;5
9;9;0;Praia de Belas;953;698;255;-89;-25;-64
9;9;0;Restinga;60165;51146;9019;-67;-8;-59
9;9;0;Rio Branco;16789;12950;3839;9;-123;132
9;9;0;Rubem Berta;36150;29322;6828;159;-66;225
9;9;0;Santa Cecília;3716;2841;875;-101;-40;-61
9;9;0;Santa Maria Goretti;1980;1429;551;-59;-28;-31
9;9;0;Santa Rosa de Lima;38995;32259;6736;75;-53;128
9;9;0;Santa Tereza;44098;35776;8322;71;-100;171
9;9;0;Santana;20757;16182;4575;46;-120;166
9;9;0;Santo Antônio;11821;9217;2604;-31;-88;57
9;9;0;São Caetano;591;280;311;-12;4;-16
9;9;0;São Geraldo;7462;5526;1936;-59;-29;-30
9;9;0;São João;11364;8854;2510;-11;-34;23
9;9;0;São Sebastião;5252;3970;1282;-88;-34;-54
9;9;0;Sarandi;67728;56176;11552;-12;-70;58
9;9;0;Serraria;5366;4212;1154;-8;-22;14
9;9;0;Sétimo Céu;543;381;162;-38;16;-54
9;9;0;Teresópolis;13602;10680;2922;-89;-94;5
9;9;0;Três Figueiras;2422;1662;760;-90;-56;-34
9;9;0;Tristeza;16674;13689;2985;20;21;-1
9;9;0;Vila Assunção;3168;2369;799;-80;-15;-65
9;9;0;Vila Conceição;829;455;374;-49;10;-59
9;9;0;Vila Ipiranga;18165;14322;3843;-131;-118;-13
9;9;0;Vila Jardim;12183;9072;3111;-92;-74;-18
9;9;0;Vila João Pessoa;11783;8870;2913;-22;-37;15
9;9;0;Vila Nova;35583;29386;6197;-130;-57;-73
9;9;0;Vila São José;28222;22646;5576;-190;-125;-65
10;10;0;Aberta dos Morros;6273;5199;1074;31;175;-144
10;10;0;Agronomia;1459;1179;280;183;83;100
10;10;0;Anchieta;1234;980;254;160;87;73
10;10;0;Arquipélago;7785;6294;1491;34;175;-141
10;10;0;Auxiliadora;8181;6604;1577;46;282;-236
10;10;0;Azenha;12330;9925;2405;61;317;-256
10;10;0;Bela Vista;10273;8251;2022;51;303;-252
10;10;0;Belém Novo;10069;8631;1438;-20;196;-216
10;10;0;Belém Velho;10205;8265;1940;18;209;-191
10;10;0;Boa Vista;8656;6960;1696;91;308;-217
10;10;0;Boa Vista do Sul;1719;1506;213;273;204;69
10;10;0;Bom Fim;9928;8036;1892;95;332;-237
10;10;0;Bom Jesus;30956;24577;6379;-36;296;-332
10;10;0;Camaquã;18020;14582;3438;-55;227;-282
10;10;0;Campo Novo;7808;6481;1327;64;268;-204
10;10;0;Cascata;12268;9882;2386;-47;241;-288
10;10;0;Cavalhada;31767;25767;6000;97;168;-71
10;10;0;Centro;44305;35747;8558;-93;-50;-43
10;10;0;Chácara das Pedras;5141;4162;979;411;399;12
10;10;0;Chapéu do Sol;2100;1792;308;320;218;102
10;10;0;Cidade Baixa;14459;11632;2827;-48;298;-346
10;10;0;Coronel Aparício Borges;19004;15157;3847;-185;245;-430
10;10;0;Costa e Silva;14858;11956;2902;-118;262;-380
10;10;0;Cristal;35178;28727;6451;-171;112;-283
10;10;0;Cristo Redentor;15695;12561;3134;-85;287;-372
10;10;0;Espírito Santo;4500;3764;736;241;221;20
10;10;0;Extrema;1466;1298;168;140;118;22
10;10;0;Farrapos;20206;16535;3671;-76;106;-182
10;10;0;Farroupilha;193;193;0;-3;-3;0
10;10;0;Floresta;10332;8406;1926;-54;307;-361
10;10;0;Glória;16373;13167;3206;-213;224;-437
10;10;0;Guarujá;3853;3248;605;250;214;36
10;10;0;Higienópolis;9356;7532;1824;8;323;-315
10;10;0;Hípica;19392;16205;3187;-189;79;-268
10;10;0;Humaitá;11017;8987;2030;-39;190;-229
10;10;0;Independência;6643;5206;1437;430;329;101
10;10;0;Ipanema;13380;11068;2312;-116;195;-311
10;10;0;Jardim Botânico;10907;8755;2152;78;352;-274
10;10;0;Jardim Carvalho;26811;21649;5162;-333;115;-448
10;10;0;Jardim do Salso;2736;2172;564;425;388;37
10;10;0;Jardim Dona Leopoldina;16903;13702;3201;-210;249;-459
10;10;0;Jardim Europa;1008;682;326;157;14;143
10;10;0;Jardim Floresta;1936;1526;410;276;232;44
10;10;0;Jardim Isabel;1769;1408;361;265;220;45
10;10;0;Jardim Itu;17138;13771;3367;-153;230;-383
10;10;0;Jardim Lindóia;6086;4831;1255;296;241;55
10;10;0;Jardim Sabará;12280;9881;2399;12;329;-317
10;10;0;Jardim São Pedro;2505;1977;528;280;281;-1
10;10;0;Lageado;3578;3135;443;190;184;6
10;10;0;Lami;3621;3222;399;216;173;43
10;10;0;Lomba do Pinheiro;65996;55327;10669;-361;-72;-289
10;10;0;Mário Quintana;42192;34674;7518;-366;117;-483
10;10;0;Medianeira;9652;7862;1790;-42;333;-375
10;10;0;Menino Deus;34187;27664;6523;-345;106;-451
10;10;0;Moinhos de Vento;10485;8374;2111;-29;259;-288
10;10;0;MontSerrat;9741;7888;1853;7;352;-345
10;10;0;Morro Santana;19572;15837;3735;-161;132;-293
10;10;0;Navegantes;3291;2443;848;428;269;159
10;10;0;Nonoai;26390;21379;5011;-180;162;-342
10;10;0;Parque Santa Fé;4624;3716;908;182;247;-65
10;10;0;Partenon;54212;43763;10449;-306;121;-427
10;10;0;Passo DAreia;22645;18070;4575;-173;209;-382
10;10;0;Passo das Pedras;14908;11928;2980;-149;212;-361
10;10;0;Pedra Redonda;39;37;2;-10;-5;-5
10;10;0;Petrópolis;41297;33150;8147;-237;169;-406
10;10;0;Pitinga;3477;2825;652;152;124;28
10;10;0;Ponta Grossa;7916;6872;1044;-71;177;-248
10;10;0;Praia de Belas;1176;777;399;223;79;144
10;10;0;Restinga;59224;50996;8228;-941;-150;-791
10;10;0;Rio Branco;16635;13259;3376;-154;309;-463
10;10;0;Rubem Berta;35806;29359;6447;-344;37;-381
10;10;0;Santa Cecília;4090;3211;879;374;370;4
10;10;0;Santa Maria Goretti;2245;1733;512;265;304;-39
10;10;0;Santa Rosa de Lima;38697;32221;6476;-298;-38;-260
10;10;0;Santa Tereza;43823;35836;7987;-275;60;-335
10;10;0;Santana;20528;16417;4111;-229;235;-464
10;10;0;Santo Antônio;11801;9497;2304;-20;280;-300
10;10;0;São Caetano;493;279;214;-98;-1;-97
10;10;0;São Geraldo;7430;5811;1619;-32;285;-317
10;10;0;São João;11502;9152;2350;138;298;-160
10;10;0;São Sebastião;5552;4253;1299;300;283;17
10;10;0;Sarandi;67580;56200;11380;-148;24;-172
10;10;0;Serraria;5401;4408;993;35;196;-161
10;10;0;Sétimo Céu;509;369;140;-34;-12;-22
10;10;0;Teresópolis;13473;10939;2534;-129;259;-388
10;10;0;Três Figueiras;2823;1980;843;401;318;83
10;10;0;Tristeza;16549;13856;2693;-125;167;-292
10;10;0;Vila Assunção;3421;2641;780;253;272;-19
10;10;0;Vila Conceição;730;487;243;-99;32;-131
10;10;0;Vila Ipiranga;18102;14550;3552;-63;228;-291
10;10;0;Vila Jardim;12210;9497;2713;27;425;-398
10;10;0;Vila João Pessoa;11699;9213;2486;-84;343;-427
10;10;0;Vila Nova;35366;29524;5842;-217;138;-355
10;10;0;Vila São José;28202;22895;5307;-20;249;-269
11;11;0;Aberta dos Morros;6615;6075;540;342;876;-534
11;11;0;Agronomia;1414;1299;115;-45;120;-165
11;11;0;Anchieta;1158;1072;86;-76;92;-168
11;11;0;Arquipélago;8193;7281;912;408;987;-579
11;11;0;Auxiliadora;8588;7925;663;407;1321;-914
11;11;0;Azenha;12979;11851;1128;649;1926;-1277
11;11;0;Bela Vista;10763;9791;972;490;1540;-1050
11;11;0;Belém Novo;10137;9306;831;68;675;-607
11;11;0;Belém Velho;10724;9580;1144;519;1315;-796
11;11;0;Boa Vista;8959;8242;717;303;1282;-979
11;11;0;Boa Vista do Sul;1723;1615;108;4;109;-105
11;11;0;Bom Fim;10318;9544;774;390;1508;-1118
11;11;0;Bom Jesus;30498;26550;3948;-458;1973;-2431
11;11;0;Camaquã;18171;16185;1986;151;1603;-1452
11;11;0;Campo Novo;8172;7482;690;364;1001;-637
11;11;0;Cascata;12848;11428;1420;580;1546;-966
11;11;0;Cavalhada;31068;27367;3701;-699;1600;-2299
11;11;0;Centro;42559;37285;5274;-1746;1538;-3284
11;11;0;Chácara das Pedras;5217;4843;374;76;681;-605
11;11;0;Chapéu do Sol;2073;1944;129;-27;152;-179
11;11;0;Cidade Baixa;14976;13429;1547;517;1797;-1280
11;11;0;Coronel Aparício Borges;19323;17075;2248;319;1918;-1599
11;11;0;Costa e Silva;15441;13803;1638;583;1847;-1264
11;11;0;Cristal;34247;30160;4087;-931;1433;-2364
11;11;0;Cristo Redentor;16225;14453;1772;530;1892;-1362
11;11;0;Espírito Santo;4690;4338;352;190;574;-384
11;11;0;Extrema;1477;1391;86;11;93;-82
11;11;0;Farrapos;20054;17750;2304;-152;1215;-1367
11;11;0;Farroupilha;271;271;0;78;78;0
11;11;0;Floresta;10793;9760;1033;461;1354;-893
11;11;0;Glória;16794;14982;1812;421;1815;-1394
11;11;0;Guarujá;3964;3674;290;111;426;-315
11;11;0;Higienópolis;9731;8850;881;375;1318;-943
11;11;0;Hípica;19276;17225;2051;-116;1020;-1136
11;11;0;Humaitá;11422;10226;1196;405;1239;-834
11;11;0;Independência;6850;6120;730;207;914;-707
11;11;0;Ipanema;13544;12225;1319;164;1157;-993
11;11;0;Jardim Botânico;11366;10327;1039;459;1572;-1113
11;11;0;Jardim Carvalho;26593;23326;3267;-218;1677;-1895
11;11;0;Jardim do Salso;2759;2557;202;23;385;-362
11;11;0;Jardim Dona Leopoldina;17467;15610;1857;564;1908;-1344
11;11;0;Jardim Europa;1180;863;317;172;181;-9
11;11;0;Jardim Floresta;1936;1836;100;0;310;-310
11;11;0;Jardim Isabel;1785;1679;106;16;271;-255
11;11;0;Jardim Itu;17703;15664;2039;565;1893;-1328
11;11;0;Jardim Lindóia;6308;5638;670;222;807;-585
11;11;0;Jardim Sabará;12876;11486;1390;596;1605;-1009
11;11;0;Jardim São Pedro;2541;2359;182;36;382;-346
11;11;0;Lageado;3691;3476;215;113;341;-228
11;11;0;Lami;3774;3555;219;153;333;-180
11;11;0;Lomba do Pinheiro;63398;56496;6902;-2598;1169;-3767
11;11;0;Mário Quintana;40901;36208;4693;-1291;1534;-2825
11;11;0;Medianeira;10107;9191;916;455;1329;-874
11;11;0;Menino Deus;33523;29400;4123;-664;1736;-2400
11;11;0;Moinhos de Vento;10979;9844;1135;494;1470;-976
11;11;0;MontSerrat;10088;9122;966;347;1234;-887
11;11;0;Morro Santana;19819;17430;2389;247;1593;-1346
11;11;0;Navegantes;3431;2933;498;140;490;-350
11;11;0;Nonoai;26114;23048;3066;-276;1669;-1945
11;11;0;Parque Santa Fé;4801;4455;346;177;739;-562
11;11;0;Partenon;52329;45752;6577;-1883;1989;-3872
11;11;0;Passo DAreia;22581;19831;2750;-64;1761;-1825
11;11;0;Passo das Pedras;15501;13732;1769;593;1804;-1211
11;11;0;Pedra Redonda;61;61;0;22;24;-2
11;11;0;Petrópolis;40174;35027;5147;-1123;1877;-3000
11;11;0;Pitinga;3581;3319;262;104;494;-390
11;11;0;Ponta Grossa;8246;7668;578;330;796;-466
11;11;0;Praia de Belas;1330;955;375;154;178;-24
11;11;0;Restinga;57318;51947;5371;-1906;951;-2857
11;11;0;Rio Branco;17065;15145;1920;430;1886;-1456
11;11;0;Rubem Berta;35027;30956;4071;-779;1597;-2376
11;11;0;Santa Cecília;4159;3776;383;69;565;-496
11;11;0;Santa Maria Goretti;2194;1996;198;-51;263;-314
11;11;0;Santa Rosa de Lima;37820;33561;4259;-877;1340;-2217
11;11;0;Santa Tereza;42535;37445;5090;-1288;1609;-2897
11;11;0;Santana;20788;18301;2487;260;1884;-1624
11;11;0;Santo Antônio;12358;11011;1347;557;1514;-957
11;11;0;São Caetano;504;339;165;11;60;-49
11;11;0;São Geraldo;7738;7004;734;308;1193;-885
11;11;0;São João;11977;10405;1572;475;1253;-778
11;11;0;São Sebastião;5864;5204;660;312;951;-639
11;11;0;Sarandi;65314;57573;7741;-2266;1373;-3639
11;11;0;Serraria;5592;5144;448;191;736;-545
11;11;0;Sétimo Céu;546;492;54;37;123;-86
11;11;0;Teresópolis;14129;12570;1559;656;1631;-975
11;11;0;Três Figueiras;2879;2273;606;56;293;-237
11;11;0;Tristeza;16781;15035;1746;232;1179;-947
11;11;0;Vila Assunção;3539;3151;388;118;510;-392
11;11;0;Vila Conceição;752;591;161;22;104;-82
11;11;0;Vila Ipiranga;18623;16325;2298;521;1775;-1254
11;11;0;Vila Jardim;12730;11174;1556;520;1677;-1157
11;11;0;Vila João Pessoa;12307;10925;1382;608;1712;-1104
11;11;0;Vila Nova;34645;30765;3880;-721;1241;-1962
11;11;0;Vila São José;27969;24581;3388;-233;1686;-1919
12;12;0;Aberta dos Morros;6519;5550;969;-96;-525;429
12;12;0;Agronomia;1362;1143;219;-52;-156;104
12;12;0;Anchieta;1120;943;177;-38;-129;91
12;12;0;Arquipélago;8011;6702;1309;-182;-579;397
12;12;0;Auxiliadora;8364;7013;1351;-224;-912;688
12;12;0;Azenha;12844;10863;1981;-135;-988;853
12;12;0;Bela Vista;10438;8758;1680;-325;-1033;708
12;12;0;Belém Novo;10219;8949;1270;82;-357;439
12;12;0;Belém Velho;10595;8921;1674;-129;-659;530
12;12;0;Boa Vista;8740;7363;1377;-219;-879;660
12;12;0;Boa Vista do Sul;1545;1441;104;-178;-174;-4
12;12;0;Bom Fim;10180;8594;1586;-138;-950;812
12;12;0;Bom Jesus;31181;25600;5581;683;-950;1633
12;12;0;Camaquã;18303;15516;2787;132;-669;801
12;12;0;Campo Novo;7983;6856;1127;-189;-626;437
12;12;0;Cascata;12643;10639;2004;-205;-789;584
12;12;0;Cavalhada;31807;26737;5070;739;-630;1369
12;12;0;Centro;44109;36650;7459;1550;-635;2185
12;12;0;Chácara das Pedras;5069;4270;799;-148;-573;425
12;12;0;Chapéu do Sol;1914;1762;152;-159;-182;23
12;12;0;Cidade Baixa;14704;12550;2154;-272;-879;607
12;12;0;Coronel Aparício Borges;19370;16171;3199;47;-904;951
12;12;0;Costa e Silva;15181;12853;2328;-260;-950;690
12;12;0;Cristal;34936;29396;5540;689;-764;1453
12;12;0;Cristo Redentor;15921;13610;2311;-304;-843;539
12;12;0;Espírito Santo;4396;3859;537;-294;-479;185
12;12;0;Extrema;1306;1217;89;-171;-174;3
12;12;0;Farrapos;20342;17125;3217;288;-625;913
12;12;0;Farroupilha;233;181;52;-38;-90;52
12;12;0;Floresta;10496;8928;1568;-297;-832;535
12;12;0;Glória;16600;14086;2514;-194;-896;702
12;12;0;Guarujá;3716;3254;462;-248;-420;172
12;12;0;Higienópolis;9374;7900;1474;-357;-950;593
12;12;0;Hípica;19420;16693;2727;144;-532;676
12;12;0;Humaitá;11175;9527;1648;-247;-699;452
12;12;0;Independência;6558;5484;1074;-292;-636;344
12;12;0;Ipanema;13428;11591;1837;-116;-634;518
12;12;0;Jardim Botânico;11025;9333;1692;-341;-994;653
12;12;0;Jardim Carvalho;26851;22464;4387;258;-862;1120
12;12;0;Jardim do Salso;2769;2204;565;10;-353;363
12;12;0;Jardim Dona Leopoldina;17163;14597;2566;-304;-1013;709
12;12;0;Jardim Europa;955;713;242;-225;-150;-75
12;12;0;Jardim Floresta;1899;1549;350;-37;-287;250
12;12;0;Jardim Isabel;1608;1343;265;-177;-336;159
12;12;0;Jardim Itu;17338;14625;2713;-365;-1039;674
12;12;0;Jardim Lindóia;5957;5032;925;-351;-606;255
12;12;0;Jardim Sabará;12336;10466;1870;-540;-1020;480
12;12;0;Jardim São Pedro;2536;2035;501;-5;-324;319
12;12;0;Lageado;3415;3084;331;-276;-392;116
12;12;0;Lami;3518;3197;321;-256;-358;102
12;12;0;Lomba do Pinheiro;65206;55681;9525;1808;-815;2623
12;12;0;Mário Quintana;41860;35257;6603;959;-951;1910
12;12;0;Medianeira;9800;8294;1506;-307;-897;590
12;12;0;Menino Deus;34061;28580;5481;538;-820;1358
12;12;0;Moinhos de Vento;10621;8956;1665;-358;-888;530
12;12;0;MontSerrat;9772;8234;1538;-316;-888;572
12;12;0;Morro Santana;19801;16623;3178;-18;-807;789
12;12;0;Navegantes;3144;2495;649;-287;-438;151
12;12;0;Nonoai;26378;22161;4217;264;-887;1151
12;12;0;Parque Santa Fé;4640;3877;763;-161;-578;417
12;12;0;Partenon;53784;44694;9090;1455;-1058;2513
12;12;0;Passo DAreia;22569;18881;3688;-12;-950;938
12;12;0;Passo das Pedras;15084;12819;2265;-417;-913;496
12;12;0;Pedra Redonda;52;21;31;-9;-40;31
12;12;0;Petrópolis;40889;33929;6960;715;-1098;1813
12;12;0;Pitinga;3347;2963;384;-234;-356;122
12;12;0;Ponta Grossa;8083;7150;933;-163;-518;355
12;12;0;Praia de Belas;1070;750;320;-260;-205;-55
12;12;0;Restinga;58666;51024;7642;1348;-923;2271
12;12;0;Rio Branco;16651;14096;2555;-414;-1049;635
12;12;0;Rubem Berta;35380;30041;5339;353;-915;1268
12;12;0;Santa Cecília;4009;3190;819;-150;-586;436
12;12;0;Santa Maria Goretti;2117;1609;508;-77;-387;310
12;12;0;Santa Rosa de Lima;38492;32717;5775;672;-844;1516
12;12;0;Santa Tereza;43448;36404;7044;913;-1041;1954
12;12;0;Santana;20355;17246;3109;-433;-1055;622
12;12;0;Santo Antônio;11878;10008;1870;-480;-1003;523
12;12;0;São Caetano;563;246;317;59;-93;152
12;12;0;São Geraldo;7504;6264;1240;-234;-740;506
12;12;0;São João;11380;9614;1766;-597;-791;194
12;12;0;São Sebastião;5585;4505;1080;-279;-699;420
12;12;0;Sarandi;67035;56718;10317;1721;-855;2576
12;12;0;Serraria;5330;4578;752;-262;-566;304
12;12;0;Sétimo Céu;558;355;203;12;-137;149
12;12;0;Teresópolis;13629;11569;2060;-500;-1001;501
12;12;0;Três Figueiras;2621;1905;716;-258;-368;110
12;12;0;Tristeza;16518;14247;2271;-263;-788;525
12;12;0;Vila Assunção;3419;2657;762;-120;-494;374
12;12;0;Vila Conceição;811;409;402;59;-182;241
12;12;0;Vila Ipiranga;18311;15370;2941;-312;-955;643
12;12;0;Vila Jardim;12207;10185;2022;-523;-989;466
12;12;0;Vila João Pessoa;11733;9921;1812;-574;-1004;430
12;12;0;Vila Nova;35191;29863;5328;546;-902;1448
12;12;0;Vila São José;28327;23597;4730;358;-984;1342
13;13;0;Aberta dos Morros;6459;5504;955;-60;-46;-14
13;13;0;Agronomia;1301;1125;176;-61;-18;-43
13;13;0;Anchieta;1085;935;150;-35;-8;-27
13;13;0;Arquipélago;8014;6682;1332;3;-20;23
13;13;0;Auxiliadora;8277;7008;1269;-87;-5;-82
13;13;0;Azenha;12646;10801;1845;-198;-62;-136
13;13;0;Bela Vista;10267;8713;1554;-171;-45;-126
13;13;0;Belém Novo;10247;8949;1298;28;0;28
13;13;0;Belém Velho;10570;8866;1704;-25;-55;30
13;13;0;Boa Vista;8581;7321;1260;-159;-42;-117
13;13;0;Boa Vista do Sul;1546;1432;114;1;-9;10
13;13;0;Bom Fim;9969;8512;1457;-211;-82;-129
13;13;0;Bom Jesus;31298;25483;5815;117;-117;234
13;13;0;Camaquã;18313;15437;2876;10;-79;89
13;13;0;Campo Novo;7916;6784;1132;-67;-72;5
13;13;0;Cascata;12595;10542;2053;-48;-97;49
13;13;0;Cavalhada;32038;26653;5385;231;-84;315
13;13;0;Centro;44466;36601;7865;357;-49;406
13;13;0;Chácara das Pedras;4899;4208;691;-170;-62;-108
13;13;0;Chapéu do Sol;1861;1727;134;-53;-35;-18
13;13;0;Cidade Baixa;14660;12423;2237;-44;-127;83
13;13;0;Coronel Aparício Borges;19280;15994;3286;-90;-177;87
13;13;0;Costa e Silva;15096;12731;2365;-85;-122;37
13;13;0;Cristal;35135;29274;5861;199;-122;321
13;13;0;Cristo Redentor;15959;13619;2340;38;9;29
13;13;0;Espírito Santo;4361;3810;551;-35;-49;14
13;13;0;Extrema;1312;1216;96;6;-1;7
13;13;0;Farrapos;20425;17083;3342;83;-42;125
13;13;0;Farroupilha;164;164;0;-69;-17;-52
13;13;0;Floresta;10451;8860;1591;-45;-68;23
13;13;0;Glória;16585;13948;2637;-15;-138;123
13;13;0;Guarujá;3697;3234;463;-19;-20;1
13;13;0;Higienópolis;9288;7825;1463;-86;-75;-11
13;13;0;Hípica;19508;16659;2849;88;-34;122
13;13;0;Humaitá;11260;9519;1741;85;-8;93
13;13;0;Independência;6476;5425;1051;-82;-59;-23
13;13;0;Ipanema;13448;11545;1903;20;-46;66
13;13;0;Jardim Botânico;10820;9182;1638;-205;-151;-54
13;13;0;Jardim Carvalho;27010;22326;4684;159;-138;297
13;13;0;Jardim do Salso;2583;2146;437;-186;-58;-128
13;13;0;Jardim Dona Leopoldina;17039;14418;2621;-124;-179;55
13;13;0;Jardim Europa;960;718;242;5;5;0
13;13;0;Jardim Floresta;1796;1557;239;-103;8;-111
13;13;0;Jardim Isabel;1587;1311;276;-21;-32;11
13;13;0;Jardim Itu;17379;14530;2849;41;-95;136
13;13;0;Jardim Lindóia;5907;5006;901;-50;-26;-24
13;13;0;Jardim Sabará;12337;10368;1969;1;-98;99
13;13;0;Jardim São Pedro;2375;2004;371;-161;-31;-130
13;13;0;Lageado;3396;3065;331;-19;-19;0
13;13;0;Lami;3502;3196;306;-16;-1;-15
13;13;0;Lomba do Pinheiro;65496;55676;9820;290;-5;295
13;13;0;Mário Quintana;41920;35096;6824;60;-161;221
13;13;0;Medianeira;9660;8109;1551;-140;-185;45
13;13;0;Menino Deus;34393;28458;5935;332;-122;454
13;13;0;Moinhos de Vento;10556;8885;1671;-65;-71;6
13;13;0;MontSerrat;9744;8134;1610;-28;-100;72
13;13;0;Morro Santana;19837;16492;3345;36;-131;167
13;13;0;Navegantes;3077;2457;620;-67;-38;-29
13;13;0;Nonoai;26452;21971;4481;74;-190;264
13;13;0;Parque Santa Fé;4472;3746;726;-168;-131;-37
13;13;0;Partenon;54310;44551;9759;526;-143;669
13;13;0;Passo DAreia;22745;18784;3961;176;-97;273
13;13;0;Passo das Pedras;15052;12635;2417;-32;-184;152
13;13;0;Pedra Redonda;28;25;3;-24;4;-28
13;13;0;Petrópolis;41203;33776;7427;314;-153;467
13;13;0;Pitinga;3315;2941;374;-32;-22;-10
13;13;0;Ponta Grossa;8064;7132;932;-19;-18;-1
13;13;0;Praia de Belas;1010;716;294;-60;-34;-26
13;13;0;Restinga;58847;50992;7855;181;-32;213
13;13;0;Rio Branco;16813;14006;2807;162;-90;252
13;13;0;Rubem Berta;35567;29920;5647;187;-121;308
13;13;0;Santa Cecília;3794;3079;715;-215;-111;-104
13;13;0;Santa Maria Goretti;1969;1564;405;-148;-45;-103
13;13;0;Santa Rosa de Lima;38676;32641;6035;184;-76;260
13;13;0;Santa Tereza;43658;36284;7374;210;-120;330
13;13;0;Santana;20486;17103;3383;131;-143;274
13;13;0;Santo Antônio;11820;9815;2005;-58;-193;135
13;13;0;São Caetano;537;252;285;-26;6;-32
13;13;0;São Geraldo;7493;6191;1302;-11;-73;62
13;13;0;São João;11370;9580;1790;-10;-34;24
13;13;0;São Sebastião;5491;4466;1025;-94;-39;-55
13;13;0;Sarandi;67408;56640;10768;373;-78;451
13;13;0;Serraria;5323;4547;776;-7;-31;24
13;13;0;Sétimo Céu;509;368;141;-49;13;-62
13;13;0;Teresópolis;13636;11429;2207;7;-140;147
13;13;0;Três Figueiras;2365;1824;541;-256;-81;-175
13;13;0;Tristeza;16573;14242;2331;55;-5;60
13;13;0;Vila Assunção;3290;2606;684;-129;-51;-78
13;13;0;Vila Conceição;773;427;346;-38;18;-56
13;13;0;Vila Ipiranga;18339;15257;3082;28;-113;141
13;13;0;Vila Jardim;12130;10042;2088;-77;-143;66
13;13;0;Vila João Pessoa;11669;9749;1920;-64;-172;108
13;13;0;Vila Nova;35122;29748;5374;-69;-115;46
13;13;0;Vila São José;28215;23399;4816;-112;-198;86
14;14;0;Aberta dos Morros;6561;5563;998;102;59;43
14;14;0;Agronomia;1469;1226;243;168;101;67
14;14;0;Anchieta;1242;1043;199;157;108;49
14;14;0;Arquipélago;8002;6743;1259;-12;61;-73
14;14;0;Auxiliadora;8472;7113;1359;195;105;90
14;14;0;Azenha;12709;10941;1768;63;140;-77
14;14;0;Bela Vista;10486;8823;1663;219;110;109
14;14;0;Belém Novo;10317;9045;1272;70;96;-26
14;14;0;Belém Velho;10578;8944;1634;8;78;-70
14;14;0;Boa Vista;8817;7424;1393;236;103;133
14;14;0;Boa Vista do Sul;1719;1529;190;173;97;76
14;14;0;Bom Fim;10327;8707;1620;358;195;163
14;14;0;Bom Jesus;30988;25676;5312;-310;193;-503
14;14;0;Camaquã;18180;15514;2666;-133;77;-210
14;14;0;Campo Novo;8145;6926;1219;229;142;87
14;14;0;Cascata;12643;10667;1976;48;125;-77
14;14;0;Cavalhada;31585;26826;4759;-453;173;-626
14;14;0;Centro;43961;36704;7257;-505;103;-608
14;14;0;Chácara das Pedras;5165;4355;810;266;147;119
14;14;0;Chapéu do Sol;2092;1857;235;231;130;101
14;14;0;Cidade Baixa;14822;12564;2258;162;141;21
14;14;0;Coronel Aparício Borges;19129;16166;2963;-151;172;-323
14;14;0;Costa e Silva;15106;12864;2242;10;133;-123
14;14;0;Cristal;34672;29263;5409;-463;-11;-452
14;14;0;Cristo Redentor;16327;13830;2497;368;211;157
14;14;0;Espírito Santo;4560;3909;651;199;99;100
14;14;0;Extrema;1490;1364;126;178;148;30
14;14;0;Farrapos;20101;17088;3013;-324;5;-329
14;14;0;Farroupilha;167;167;0;3;3;0
14;14;0;Floresta;10684;9035;1649;233;175;58
14;14;0;Glória;16659;14054;2605;74;106;-32
14;14;0;Guarujá;3897;3338;559;200;104;96
14;14;0;Higienópolis;9529;7983;1546;241;158;83
14;14;0;Hípica;19002;16656;2346;-506;-3;-503
14;14;0;Humaitá;11182;9611;1571;-78;92;-170
14;14;0;Independência;6802;5673;1129;326;248;78
14;14;0;Ipanema;13497;11665;1832;49;120;-71
14;14;0;Jardim Botânico;11129;9444;1685;309;262;47
14;14;0;Jardim Carvalho;26453;22337;4116;-557;11;-568
14;14;0;Jardim do Salso;2820;2344;476;237;198;39
14;14;0;Jardim Dona Leopoldina;17132;14612;2520;93;194;-101
14;14;0;Jardim Europa;995;817;178;35;99;-64
14;14;0;Jardim Floresta;2004;1718;286;208;161;47
14;14;0;Jardim Isabel;1827;1500;327;240;189;51
14;14;0;Jardim Itu;17339;14692;2647;-40;162;-202
14;14;0;Jardim Lindóia;6169;5231;938;262;225;37
14;14;0;Jardim Sabará;12452;10488;1964;115;120;-5
14;14;0;Jardim São Pedro;2566;2163;403;191;159;32
14;14;0;Lageado;3637;3240;397;241;175;66
14;14;0;Lami;3751;3379;372;249;183;66
14;14;0;Lomba do Pinheiro;64875;55639;9236;-621;-37;-584
14;14;0;Mário Quintana;41365;35094;6271;-555;-2;-553
14;14;0;Medianeira;9801;8231;1570;141;122;19
14;14;0;Menino Deus;33833;28421;5412;-560;-37;-523
14;14;0;Moinhos de Vento;10862;9126;1736;306;241;65
14;14;0;MontSerrat;9871;8286;1585;127;152;-25
14;14;0;Morro Santana;19470;16573;2897;-367;81;-448
14;14;0;Navegantes;3333;2657;676;256;200;56
14;14;0;Nonoai;25848;21978;3870;-604;7;-611
14;14;0;Parque Santa Fé;4678;3910;768;206;164;42
14;14;0;Partenon;53551;44498;9053;-759;-53;-706
14;14;0;Passo DAreia;22451;18961;3490;-294;177;-471
14;14;0;Passo das Pedras;15000;12782;2218;-52;147;-199
14;14;0;Pedra Redonda;32;30;2;4;5;-1
14;14;0;Petrópolis;40651;33869;6782;-552;93;-645
14;14;0;Pitinga;3551;3087;464;236;146;90
14;14;0;Ponta Grossa;8271;7304;967;207;172;35
14;14;0;Praia de Belas;1099;913;186;89;197;-108
14;14;0;Restinga;58397;50893;7504;-450;-99;-351
14;14;0;Rio Branco;16889;14176;2713;76;170;-94
14;14;0;Rubem Berta;35176;29906;5270;-391;-14;-377
14;14;0;Santa Cecília;3988;3252;736;194;173;21
14;14;0;Santa Maria Goretti;2176;1771;405;207;207;0
14;14;0;Santa Rosa de Lima;38227;32613;5614;-449;-28;-421
14;14;0;Santa Tereza;43039;36248;6791;-619;-36;-583
14;14;0;Santana;20466;17226;3240;-20;123;-143
14;14;0;Santo Antônio;12022;9989;2033;202;174;28
14;14;0;São Caetano;484;305;179;-53;53;-106
14;14;0;São Geraldo;7660;6354;1306;167;163;4
14;14;0;São João;11657;9811;1846;287;231;56
14;14;0;São Sebastião;5719;4762;957;228;296;-68
14;14;0;Sarandi;66996;56791;10205;-412;151;-563
14;14;0;Serraria;5527;4782;745;204;235;-31
14;14;0;Sétimo Céu;507;403;104;-2;35;-37
14;14;0;Teresópolis;13749;11558;2191;113;129;-16
14;14;0;Três Figueiras;2583;2075;508;218;251;-33
14;14;0;Tristeza;16461;14313;2148;-112;71;-183
14;14;0;Vila Assunção;3507;2789;718;217;183;34
14;14;0;Vila Conceição;760;529;231;-13;102;-115
14;14;0;Vila Ipiranga;18314;15441;2873;-25;184;-209
14;14;0;Vila Jardim;12270;10175;2095;140;133;7
14;14;0;Vila João Pessoa;11841;9910;1931;172;161;11
14;14;0;Vila Nova;34942;29974;4968;-180;226;-406
14;14;0;Vila São José;28094;23569;4525;-121;170;-291
15;15;0;Aberta dos Morros;6528;5543;985;-33;-20;-13
15;15;0;Agronomia;1402;1220;182;-67;-6;-61
15;15;0;Anchieta;1160;1044;116;-82;1;-83
15;15;0;Arquipélago;8071;6749;1322;69;6;63
15;15;0;Auxiliadora;8312;7168;1144;-160;55;-215
15;15;0;Azenha;12236;10904;1332;-473;-37;-436
15;15;0;Bela Vista;10363;8895;1468;-123;72;-195
15;15;0;Belém Novo;10302;9019;1283;-15;-26;11
15;15;0;Belém Velho;10613;8943;1670;35;-1;36
15;15;0;Boa Vista;8666;7461;1205;-151;37;-188
15;15;0;Boa Vista do Sul;1694;1518;176;-25;-11;-14
15;15;0;Bom Fim;10197;8790;1407;-130;83;-213
15;15;0;Bom Jesus;31174;25655;5519;186;-21;207
15;15;0;Camaquã;18169;15581;2588;-11;67;-78
15;15;0;Campo Novo;8139;6926;1213;-6;0;-6
15;15;0;Cascata;12636;10662;1974;-7;-5;-2
15;15;0;Cavalhada;31585;26789;4796;0;-37;37
15;15;0;Centro;44184;36805;7379;223;101;122
15;15;0;Chácara das Pedras;4974;4369;605;-191;14;-205
15;15;0;Chapéu do Sol;2058;1847;211;-34;-10;-24
15;15;0;Cidade Baixa;14884;12606;2278;62;42;20
15;15;0;Coronel Aparício Borges;19115;16108;3007;-14;-58;44
15;15;0;Costa e Silva;15105;12894;2211;-1;30;-31
15;15;0;Cristal;34865;29186;5679;193;-77;270
15;15;0;Cristo Redentor;16044;13910;2134;-283;80;-363
15;15;0;Espírito Santo;4536;3890;646;-24;-19;-5
15;15;0;Extrema;1480;1359;121;-10;-5;-5
15;15;0;Farrapos;20313;17113;3200;212;25;187
15;15;0;Farroupilha;176;176;0;9;9;0
15;15;0;Floresta;10746;9113;1633;62;78;-16
15;15;0;Glória;16672;13999;2673;13;-55;68
15;15;0;Guarujá;3862;3310;552;-35;-28;-7
15;15;0;Higienópolis;9555;8059;1496;26;76;-50
15;15;0;Hípica;19078;16620;2458;76;-36;112
15;15;0;Humaitá;11259;9614;1645;77;3;74
15;15;0;Independência;6490;5729;761;-312;56;-368
15;15;0;Ipanema;13488;11601;1887;-9;-64;55
15;15;0;Jardim Botânico;10800;9457;1343;-329;13;-342
15;15;0;Jardim Carvalho;26671;22233;4438;218;-104;322
15;15;0;Jardim do Salso;2642;2318;324;-178;-26;-152
15;15;0;Jardim Dona Leopoldina;17076;14592;2484;-56;-20;-36
15;15;0;Jardim Europa;1021;834;187;26;17;9
15;15;0;Jardim Floresta;1891;1771;120;-113;53;-166
15;15;0;Jardim Isabel;1729;1485;244;-98;-15;-83
15;15;0;Jardim Itu;17353;14730;2623;14;38;-24
15;15;0;Jardim Lindóia;5897;5337;560;-272;106;-378
15;15;0;Jardim Sabará;12427;10471;1956;-25;-17;-8
15;15;0;Jardim São Pedro;2452;2207;245;-114;44;-158
15;15;0;Lageado;3639;3222;417;2;-18;20
15;15;0;Lami;3730;3357;373;-21;-22;1
15;15;0;Lomba do Pinheiro;65275;55624;9651;400;-15;415
15;15;0;Mário Quintana;41605;35010;6595;240;-84;324
15;15;0;Medianeira;9746;8230;1516;-55;-1;-54
15;15;0;Menino Deus;34027;28401;5626;194;-20;214
15;15;0;Moinhos de Vento;10634;9176;1458;-228;50;-278
15;15;0;MontSerrat;9870;8318;1552;-1;32;-33
15;15;0;Morro Santana;19567;16503;3064;97;-70;167
15;15;0;Navegantes;3079;2653;426;-254;-4;-250
15;15;0;Nonoai;25902;21868;4034;54;-110;164
15;15;0;Parque Santa Fé;4528;3906;622;-150;-4;-146
15;15;0;Partenon;53842;44404;9438;291;-94;385
15;15;0;Passo DAreia;22693;18996;3697;242;35;207
15;15;0;Passo das Pedras;15050;12726;2324;50;-56;106
15;15;0;Pedra Redonda;20;20;0;-12;-10;-2
15;15;0;Petrópolis;41117;33846;7271;466;-23;489
15;15;0;Pitinga;3558;3079;479;7;-8;15
15;15;0;Ponta Grossa;8274;7272;1002;3;-32;35
15;15;0;Praia de Belas;1054;894;160;-45;-19;-26
15;15;0;Restinga;58395;50865;7530;-2;-28;26
15;15;0;Rio Branco;17130;14235;2895;241;59;182
15;15;0;Rubem Berta;35403;29860;5543;227;-46;273
15;15;0;Santa Cecília;3810;3252;558;-178;0;-178
15;15;0;Santa Maria Goretti;2089;1779;310;-87;8;-95
15;15;0;Santa Rosa de Lima;38351;32591;5760;124;-22;146
15;15;0;Santa Tereza;43296;36111;7185;257;-137;394
15;15;0;Santana;20718;17244;3474;252;18;234
15;15;0;Santo Antônio;11991;9956;2035;-31;-33;2
15;15;0;São Caetano;471;281;190;-13;-24;11
15;15;0;São Geraldo;7737;6408;1329;77;54;23
15;15;0;São João;11651;9827;1824;-6;16;-22
15;15;0;São Sebastião;5473;4793;680;-246;31;-277
15;15;0;Sarandi;67217;56807;10410;221;16;205
15;15;0;Serraria;5527;4729;798;0;-53;53
15;15;0;Sétimo Céu;463;387;76;-44;-16;-28
15;15;0;Teresópolis;13842;11488;2354;93;-70;163
15;15;0;Três Figueiras;2210;2026;184;-373;-49;-324
15;15;0;Tristeza;16545;14308;2237;84;-5;89
15;15;0;Vila Assunção;3469;2748;721;-38;-41;3
15;15;0;Vila Conceição;696;469;227;-64;-60;-4
15;15;0;Vila Ipiranga;18432;15439;2993;118;-2;120
15;15;0;Vila Jardim;12238;10103;2135;-32;-72;40
15;15;0;Vila João Pessoa;11835;9841;1994;-6;-69;63
15;15;0;Vila Nova;35058;29887;5171;116;-87;203
15;15;0;Vila São José;28004;23433;4571;-90;-136;46
16;16;0;Aberta dos Morros;6507;5660;847;-21;117;-138
16;16;0;Agronomia;1452;1345;107;50;125;-75
16;16;0;Anchieta;1229;1178;51;69;134;-65
16;16;0;Arquipélago;8147;6979;1168;76;230;-154
16;16;0;Auxiliadora;8341;7472;869;29;304;-275
16;16;0;Azenha;12342;11256;1086;106;352;-246
16;16;0;Bela Vista;10434;9255;1179;71;360;-289
16;16;0;Belém Novo;10303;9056;1247;1;37;-36
16;16;0;Belém Velho;10661;9151;1510;48;208;-160
16;16;0;Boa Vista;8760;7777;983;94;316;-222
16;16;0;Boa Vista do Sul;1694;1569;125;0;51;-51
16;16;0;Bom Fim;10255;9165;1090;58;375;-317
16;16;0;Bom Jesus;30659;25971;4688;-515;316;-831
16;16;0;Camaquã;18194;15801;2393;25;220;-195
16;16;0;Campo Novo;8221;7145;1076;82;219;-137
16;16;0;Cascata;12762;10959;1803;126;297;-171
16;16;0;Cavalhada;31163;27028;4135;-422;239;-661
16;16;0;Centro;43729;37069;6660;-455;264;-719
16;16;0;Chácara das Pedras;5114;4659;455;140;290;-150
16;16;0;Chapéu do Sol;2054;1940;114;-4;93;-97
16;16;0;Cidade Baixa;15005;13002;2003;121;396;-275
16;16;0;Coronel Aparício Borges;19260;16526;2734;145;418;-273
16;16;0;Costa e Silva;15297;13268;2029;192;374;-182
16;16;0;Cristal;34402;29352;5050;-463;166;-629
16;16;0;Cristo Redentor;16032;14221;1811;-12;311;-323
16;16;0;Espírito Santo;4567;4040;527;31;150;-119
16;16;0;Extrema;1517;1407;110;37;48;-11
16;16;0;Farrapos;20110;17231;2879;-203;118;-321
16;16;0;Farroupilha;165;165;0;-11;-11;0
16;16;0;Floresta;10837;9442;1395;91;329;-238
16;16;0;Glória;16787;14381;2406;115;382;-267
16;16;0;Guarujá;3889;3440;449;27;130;-103
16;16;0;Higienópolis;9657;8424;1233;102;365;-263
16;16;0;Hípica;19207;16711;2496;129;91;38
16;16;0;Humaitá;11390;9811;1579;131;197;-66
16;16;0;Independência;6510;6067;443;20;338;-318
16;16;0;Ipanema;13555;11679;1876;67;78;-11
16;16;0;Jardim Botânico;10946;9851;1095;146;394;-248
16;16;0;Jardim Carvalho;26407;22505;3902;-264;272;-536
16;16;0;Jardim do Salso;2802;2545;257;160;227;-67
16;16;0;Jardim Dona Leopoldina;17230;15001;2229;154;409;-255
16;16;0;Jardim Europa;1038;909;129;17;75;-58
16;16;0;Jardim Floresta;1964;1927;37;73;156;-83
16;16;0;Jardim Isabel;1792;1622;170;63;137;-74
16;16;0;Jardim Itu;17371;15017;2354;18;287;-269
16;16;0;Jardim Lindóia;5957;5585;372;60;248;-188
16;16;0;Jardim Sabará;12527;10773;1754;100;302;-202
16;16;0;Jardim São Pedro;2598;2425;173;146;218;-72
16;16;0;Lageado;3641;3277;364;2;55;-53
16;16;0;Lami;3684;3361;323;-46;4;-50
16;16;0;Lomba do Pinheiro;65245;55816;9429;-30;192;-222
16;16;0;Mário Quintana;41284;35267;6017;-321;257;-578
16;16;0;Medianeira;9942;8568;1374;196;338;-142
16;16;0;Menino Deus;33914;28891;5023;-113;490;-603
16;16;0;Moinhos de Vento;10778;9569;1209;144;393;-249
16;16;0;MontSerrat;10054;8689;1365;184;371;-187
16;16;0;Morro Santana;19566;16761;2805;-1;258;-259
16;16;0;Navegantes;3141;2838;303;62;185;-123
16;16;0;Nonoai;25790;22212;3578;-112;344;-456
16;16;0;Parque Santa Fé;4784;4248;536;256;342;-86
16;16;0;Partenon;53097;44619;8478;-745;215;-960
16;16;0;Passo DAreia;22603;19302;3301;-90;306;-396
16;16;0;Passo das Pedras;15226;13086;2140;176;360;-184
16;16;0;Pedra Redonda;35;1;34;15;-19;34
16;16;0;Petrópolis;40460;34114;6346;-657;268;-925
16;16;0;Pitinga;3587;3196;391;29;117;-88
16;16;0;Ponta Grossa;8288;7261;1027;14;-11;25
16;16;0;Praia de Belas;1073;1013;60;19;119;-100
16;16;0;Restinga;58317;51040;7277;-78;175;-253
16;16;0;Rio Branco;17313;14676;2637;183;441;-258
16;16;0;Rubem Berta;34781;30101;4680;-622;241;-863
16;16;0;Santa Cecília;4021;3584;437;211;332;-121
16;16;0;Santa Maria Goretti;2206;1970;236;117;191;-74
16;16;0;Santa Rosa de Lima;37969;32723;5246;-382;132;-514
16;16;0;Santa Tereza;42948;36244;6704;-348;133;-481
16;16;0;Santana;20887;17661;3226;169;417;-248
16;16;0;Santo Antônio;12254;10311;1943;263;355;-92
16;16;0;São Caetano;565;290;275;94;9;85
16;16;0;São Geraldo;7876;6667;1209;139;259;-120
16;16;0;São João;11594;10081;1513;-57;254;-311
16;16;0;São Sebastião;5509;5058;451;36;265;-229
16;16;0;Sarandi;66882;57041;9841;-335;234;-569
16;16;0;Serraria;5553;4754;799;26;25;1
16;16;0;Sétimo Céu;505;393;112;42;6;36
16;16;0;Teresópolis;13927;11863;2064;85;375;-290
16;16;0;Três Figueiras;2529;2329;200;319;303;16
16;16;0;Tristeza;16680;14426;2254;135;118;17
16;16;0;Vila Assunção;3602;2925;677;133;177;-44
16;16;0;Vila Conceição;738;472;266;42;3;39
16;16;0;Vila Ipiranga;18639;15733;2906;207;294;-87
16;16;0;Vila Jardim;12507;10431;2076;269;328;-59
16;16;0;Vila João Pessoa;11974;10145;1829;139;304;-165
16;16;0;Vila Nova;34702;29823;4879;-356;-64;-292
16;16;0;Vila São José;27841;23608;4233;-163;175;-338
17;17;0;Aberta dos Morros;6772;6441;331;265;781;-516
17;17;0;Agronomia;1734;1723;11;282;378;-96
17;17;0;Anchieta;1499;1499;0;270;321;-51
17;17;0;Arquipélago;8306;7806;500;159;827;-668
17;17;0;Auxiliadora;8867;8630;237;526;1158;-632
17;17;0;Azenha;12944;12621;323;602;1365;-763
17;17;0;Bela Vista;11010;10622;388;576;1367;-791
17;17;0;Belém Novo;10156;9561;595;-147;505;-652
17;17;0;Belém Velho;10850;10088;762;189;937;-748
17;17;0;Boa Vista;9318;8982;336;558;1205;-647
17;17;0;Boa Vista do Sul;1913;1859;54;219;290;-71
17;17;0;Bom Fim;10875;10492;383;620;1327;-707
17;17;0;Bom Jesus;29782;27344;2438;-877;1373;-2250
17;17;0;Camaquã;18122;16909;1213;-72;1108;-1180
17;17;0;Campo Novo;8549;8016;533;328;871;-543
17;17;0;Cascata;13003;12083;920;241;1124;-883
17;17;0;Cavalhada;30301;28165;2136;-862;1137;-1999
17;17;0;Centro;41689;38183;3506;-2040;1114;-3154
17;17;0;Chácara das Pedras;5669;5604;65;555;945;-390
17;17;0;Chapéu do Sol;2345;2307;38;291;367;-76
17;17;0;Cidade Baixa;15224;14270;954;219;1268;-1049
17;17;0;Coronel Aparício Borges;19309;17932;1377;49;1406;-1357
17;17;0;Costa e Silva;15509;14617;892;212;1349;-1137
17;17;0;Cristal;33540;30485;3055;-862;1133;-1995
17;17;0;Cristo Redentor;16201;15461;740;169;1240;-1071
17;17;0;Espírito Santo;4952;4755;197;385;715;-330
17;17;0;Extrema;1683;1596;87;166;189;-23
17;17;0;Farrapos;19661;18151;1510;-449;920;-1369
17;17;0;Farroupilha;349;349;0;184;184;0
17;17;0;Floresta;11190;10613;577;353;1171;-818
17;17;0;Glória;16992;15724;1268;205;1343;-1138
17;17;0;Guarujá;4230;4059;171;341;619;-278
17;17;0;Higienópolis;10082;9622;460;425;1198;-773
17;17;0;Hípica;18902;17563;1339;-305;852;-1157
17;17;0;Humaitá;11558;10737;821;168;926;-758
17;17;0;Independência;7215;7073;142;705;1006;-301
17;17;0;Ipanema;13599;12632;967;44;953;-909
17;17;0;Jardim Botânico;11666;11285;381;720;1434;-714
17;17;0;Jardim Carvalho;26102;23849;2253;-305;1344;-1649
17;17;0;Jardim do Salso;3286;3269;17;484;724;-240
17;17;0;Jardim Dona Leopoldina;17488;16401;1087;258;1400;-1142
17;17;0;Jardim Europa;1391;1321;70;353;412;-59
17;17;0;Jardim Floresta;2475;2469;6;511;542;-31
17;17;0;Jardim Isabel;2148;2101;47;356;479;-123
17;17;0;Jardim Itu;17579;16397;1182;208;1380;-1172
17;17;0;Jardim Lindóia;6661;6533;128;704;948;-244
17;17;0;Jardim Sabará;13057;12157;900;530;1384;-854
17;17;0;Jardim São Pedro;3054;3021;33;456;596;-140
17;17;0;Lageado;3921;3774;147;280;497;-217
17;17;0;Lami;3914;3749;165;230;388;-158
17;17;0;Lomba do Pinheiro;62790;56861;5929;-2455;1045;-3500
17;17;0;Mário Quintana;40018;36456;3562;-1266;1189;-2455
17;17;0;Medianeira;10445;9850;595;503;1282;-779
17;17;0;Menino Deus;33213;30195;3018;-701;1304;-2005
17;17;0;Moinhos de Vento;11328;10845;483;550;1276;-726
17;17;0;MontSerrat;10609;9968;641;555;1279;-724
17;17;0;Morro Santana;19499;17974;1525;-67;1213;-1280
17;17;0;Navegantes;3764;3552;212;623;714;-91
17;17;0;Nonoai;25573;23484;2089;-217;1272;-1489
17;17;0;Parque Santa Fé;5244;5105;139;460;857;-397
17;17;0;Partenon;51359;46054;5305;-1738;1435;-3173
17;17;0;Passo DAreia;22382;20555;1827;-221;1253;-1474
17;17;0;Passo das Pedras;15643;14487;1156;417;1401;-984
17;17;0;Pedra Redonda;54;54;0;19;53;-34
17;17;0;Petrópolis;39109;35549;3560;-1351;1435;-2786
17;17;0;Pitinga;3889;3713;176;302;517;-215
17;17;0;Ponta Grossa;8416;7877;539;128;616;-488
17;17;0;Praia de Belas;1464;1402;62;391;389;2
17;17;0;Restinga;56366;52142;4224;-1951;1102;-3053
17;17;0;Rio Branco;17491;16064;1427;178;1388;-1210
17;17;0;Rubem Berta;34017;31338;2679;-764;1237;-2001
17;17;0;Santa Cecília;4622;4474;148;601;890;-289
17;17;0;Santa Maria Goretti;2609;2565;44;403;595;-192
17;17;0;Santa Rosa de Lima;36967;33821;3146;-1002;1098;-2100
17;17;0;Santa Tereza;41411;37477;3934;-1537;1233;-2770
17;17;0;Santana;20970;19096;1874;83;1435;-1352
17;17;0;Santo Antônio;12718;11692;1026;464;1381;-917
17;17;0;São Caetano;620;405;215;55;115;-60
17;17;0;São Geraldo;8261;7656;605;385;989;-604
17;17;0;São João;12016;11193;823;422;1112;-690
17;17;0;São Sebastião;6230;6054;176;721;996;-275
17;17;0;Sarandi;64251;58114;6137;-2631;1073;-3704
17;17;0;Serraria;5815;5381;434;262;627;-365
17;17;0;Sétimo Céu;685;646;39;180;253;-73
17;17;0;Teresópolis;14432;13205;1227;505;1342;-837
17;17;0;Três Figueiras;2985;2962;23;456;633;-177
17;17;0;Tristeza;16615;15396;1219;-65;970;-1035
17;17;0;Vila Assunção;3761;3577;184;159;652;-493
17;17;0;Vila Conceição;844;703;141;106;231;-125
17;17;0;Vila Ipiranga;18670;17051;1619;31;1318;-1287
17;17;0;Vila Jardim;12793;11727;1066;286;1296;-1010
17;17;0;Vila João Pessoa;12420;11479;941;446;1334;-888
17;17;0;Vila Nova;33334;30850;2484;-1368;1027;-2395
17;17;0;Vila São José;27007;24769;2238;-834;1161;-1995
18;18;0;Aberta dos Morros;6841;6420;421;69;-21;90
18;18;0;Agronomia;1850;1788;62;116;65;51
18;18;0;Anchieta;1543;1522;21;44;23;21
18;18;0;Arquipélago;8278;7753;525;-28;-53;25
18;18;0;Auxiliadora;9014;8591;423;147;-39;186
18;18;0;Azenha;13204;12545;659;260;-76;336
18;18;0;Bela Vista;11091;10541;550;81;-81;162
18;18;0;Belém Novo;10214;9488;726;58;-73;131
18;18;0;Belém Velho;10787;10034;753;-63;-54;-9
18;18;0;Boa Vista;9413;8955;458;95;-27;122
18;18;0;Boa Vista do Sul;2095;1934;161;182;75;107
18;18;0;Bom Fim;10924;10381;543;49;-111;160
18;18;0;Bom Jesus;29250;27211;2039;-532;-133;-399
18;18;0;Camaquã;17946;16761;1185;-176;-148;-28
18;18;0;Campo Novo;8553;7979;574;4;-37;41
18;18;0;Cascata;12930;12044;886;-73;-39;-34
18;18;0;Cavalhada;30157;28100;2057;-144;-65;-79
18;18;0;Centro;41013;37973;3040;-676;-210;-466
18;18;0;Chácara das Pedras;5846;5584;262;177;-20;197
18;18;0;Chapéu do Sol;2443;2334;109;98;27;71
18;18;0;Cidade Baixa;15131;14155;976;-93;-115;22
18;18;0;Coronel Aparício Borges;19221;17882;1339;-88;-50;-38
18;18;0;Costa e Silva;15428;14510;918;-81;-107;26
18;18;0;Cristal;32814;30263;2551;-726;-222;-504
18;18;0;Cristo Redentor;16320;15434;886;119;-27;146
18;18;0;Espírito Santo;5088;4779;309;136;24;112
18;18;0;Extrema;1798;1691;107;115;95;20
18;18;0;Farrapos;19460;18006;1454;-201;-145;-56
18;18;0;Farroupilha;321;321;0;-28;-28;0
18;18;0;Floresta;11227;10560;667;37;-53;90
18;18;0;Glória;16858;15667;1191;-134;-57;-77
18;18;0;Guarujá;4363;4063;300;133;4;129
18;18;0;Higienópolis;10145;9580;565;63;-42;105
18;18;0;Hípica;18868;17463;1405;-34;-100;66
18;18;0;Humaitá;11492;10662;830;-66;-75;9
18;18;0;Independência;7445;7064;381;230;-9;239
18;18;0;Ipanema;13679;12662;1017;80;30;50
18;18;0;Jardim Botânico;11963;11346;617;297;61;236
18;18;0;Jardim Carvalho;25843;23798;2045;-259;-51;-208
18;18;0;Jardim do Salso;3462;3328;134;176;59;117
18;18;0;Jardim Dona Leopoldina;17422;16366;1056;-66;-35;-31
18;18;0;Jardim Europa;1365;1363;2;-26;42;-68
18;18;0;Jardim Floresta;2572;2499;73;97;30;67
18;18;0;Jardim Isabel;2251;2140;111;103;39;64
18;18;0;Jardim Itu;17529;16361;1168;-50;-36;-14
18;18;0;Jardim Lindóia;6894;6561;333;233;28;205
18;18;0;Jardim Sabará;12996;12136;860;-61;-21;-40
18;18;0;Jardim São Pedro;3181;3042;139;127;21;106
18;18;0;Lageado;4163;3860;303;242;86;156
18;18;0;Lami;4126;3858;268;212;109;103
18;18;0;Lomba do Pinheiro;62242;56804;5438;-548;-57;-491
18;18;0;Mário Quintana;39168;36119;3049;-850;-337;-513
18;18;0;Medianeira;10479;9801;678;34;-49;83
18;18;0;Menino Deus;32631;29971;2660;-582;-224;-358
18;18;0;Moinhos de Vento;11457;10816;641;129;-29;158
18;18;0;MontSerrat;10596;9906;690;-13;-62;49
18;18;0;Morro Santana;19498;17996;1502;-1;22;-23
18;18;0;Navegantes;3802;3621;181;38;69;-31
18;18;0;Nonoai;25357;23366;1991;-216;-118;-98
18;18;0;Parque Santa Fé;5437;5155;282;193;50;143
18;18;0;Partenon;50117;45579;4538;-1242;-475;-767
18;18;0;Passo DAreia;22254;20438;1816;-128;-117;-11
18;18;0;Passo das Pedras;15588;14441;1147;-55;-46;-9
18;18;0;Pedra Redonda;83;39;44;29;-15;44
18;18;0;Petrópolis;38758;35441;3317;-351;-108;-243
18;18;0;Pitinga;4086;3810;276;197;97;100
18;18;0;Ponta Grossa;8551;7954;597;135;77;58
18;18;0;Praia de Belas;1559;1481;78;95;79;16
18;18;0;Restinga;56254;52120;4134;-112;-22;-90
18;18;0;Rio Branco;17403;15938;1465;-88;-126;38
18;18;0;Rubem Berta;34134;31202;2932;117;-136;253
18;18;0;Santa Cecília;4804;4437;367;182;-37;219
18;18;0;Santa Maria Goretti;2848;2603;245;239;38;201
18;18;0;Santa Rosa de Lima;36575;33627;2948;-392;-194;-198
18;18;0;Santa Tereza;40741;37250;3491;-670;-227;-443
18;18;0;Santana;21028;19087;1941;58;-9;67
18;18;0;Santo Antônio;12931;11723;1208;213;31;182
18;18;0;São Caetano;560;469;91;-60;64;-124
18;18;0;São Geraldo;8419;7681;738;158;25;133
18;18;0;São João;12290;11299;991;274;106;168
18;18;0;São Sebastião;6481;6097;384;251;43;208
18;18;0;Sarandi;63847;58022;5825;-404;-92;-312
18;18;0;Serraria;5973;5530;443;158;149;9
18;18;0;Sétimo Céu;737;666;71;52;20;32
18;18;0;Teresópolis;14615;13208;1407;183;3;180
18;18;0;Três Figueiras;3346;3042;304;361;80;281
18;18;0;Tristeza;16710;15369;1341;95;-27;122
18;18;0;Vila Assunção;4051;3669;382;290;92;198
18;18;0;Vila Conceição;948;813;135;104;110;-6
18;18;0;Vila Ipiranga;19006;17174;1832;336;123;213
18;18;0;Vila Jardim;13122;11838;1284;329;111;218
18;18;0;Vila João Pessoa;12688;11533;1155;268;54;214
18;18;0;Vila Nova;33878;30885;2993;544;35;509
18;18;0;Vila São José;27482;24978;2504;475;209;266
19;19;0;Aberta dos Morros;6831;6429;402;-10;9;-19
19;19;0;Agronomia;1836;1797;39;-14;9;-23
19;19;0;Anchieta;1534;1534;0;-9;12;-21
19;19;0;Arquipélago;8293;7778;515;15;25;-10
19;19;0;Auxiliadora;8981;8640;341;-33;49;-82
19;19;0;Azenha;13053;12581;472;-151;36;-187
19;19;0;Bela Vista;11049;10598;451;-42;57;-99
19;19;0;Belém Novo;10253;9518;735;39;30;9
19;19;0;Belém Velho;10830;10054;776;43;20;23
19;19;0;Boa Vista;9367;8980;387;-46;25;-71
19;19;0;Boa Vista do Sul;2107;1952;155;12;18;-6
19;19;0;Bom Fim;10894;10458;436;-30;77;-107
19;19;0;Bom Jesus;29412;27288;2124;162;77;85
19;19;0;Camaquã;18009;16832;1177;63;71;-8
19;19;0;Campo Novo;8548;7994;554;-5;15;-20
19;19;0;Cascata;12970;12063;907;40;19;21
19;19;0;Cavalhada;30102;28114;1988;-55;14;-69
19;19;0;Centro;41109;38070;3039;96;97;-1
19;19;0;Chácara das Pedras;5797;5629;168;-49;45;-94
19;19;0;Chapéu do Sol;2435;2346;89;-8;12;-20
19;19;0;Cidade Baixa;15142;14193;949;11;38;-27
19;19;0;Coronel Aparício Borges;19220;17929;1291;-1;47;-48
19;19;0;Costa e Silva;15521;14572;949;93;62;31
19;19;0;Cristal;33074;30353;2721;260;90;170
19;19;0;Cristo Redentor;16271;15467;804;-49;33;-82
19;19;0;Espírito Santo;5109;4819;290;21;40;-19
19;19;0;Extrema;1803;1696;107;5;5;0
19;19;0;Farrapos;19607;18096;1511;147;90;57
19;19;0;Farroupilha;383;383;0;62;62;0
19;19;0;Floresta;11218;10615;603;-9;55;-64
19;19;0;Glória;16946;15734;1212;88;67;21
19;19;0;Guarujá;4372;4086;286;9;23;-14
19;19;0;Higienópolis;10164;9638;526;19;58;-39
19;19;0;Hípica;18967;17478;1489;99;15;84
19;19;0;Humaitá;11517;10713;804;25;51;-26
19;19;0;Independência;7338;7096;242;-107;32;-139
19;19;0;Ipanema;13758;12684;1074;79;22;57
19;19;0;Jardim Botânico;11861;11368;493;-102;22;-124
19;19;0;Jardim Carvalho;26034;23889;2145;191;91;100
19;19;0;Jardim do Salso;3399;3363;36;-63;35;-98
19;19;0;Jardim Dona Leopoldina;17513;16425;1088;91;59;32
19;19;0;Jardim Europa;1431;1431;0;66;68;-2
19;19;0;Jardim Floresta;2533;2532;1;-39;33;-72
19;19;0;Jardim Isabel;2212;2159;53;-39;19;-58
19;19;0;Jardim Itu;17681;16470;1211;152;109;43
19;19;0;Jardim Lindóia;6830;6597;233;-64;36;-100
19;19;0;Jardim Sabará;13114;12217;897;118;81;37
19;19;0;Jardim São Pedro;3135;3076;59;-46;34;-80
19;19;0;Lageado;4178;3880;298;15;20;-5
19;19;0;Lami;4131;3869;262;5;11;-6
19;19;0;Lomba do Pinheiro;62116;56828;5288;-126;24;-150
19;19;0;Mário Quintana;39435;36271;3164;267;152;115
19;19;0;Medianeira;10550;9894;656;71;93;-22
19;19;0;Menino Deus;32792;30060;2732;161;89;72
19;19;0;Moinhos de Vento;11461;10854;607;4;38;-34
19;19;0;MontSerrat;10598;9968;630;2;62;-60
19;19;0;Morro Santana;19641;18034;1607;143;38;105
19;19;0;Navegantes;3756;3662;94;-46;41;-87
19;19;0;Nonoai;25431;23409;2022;74;43;31
19;19;0;Parque Santa Fé;5423;5214;209;-14;59;-73
19;19;0;Partenon;50377;45700;4677;260;121;139
19;19;0;Passo DAreia;22367;20513;1854;113;75;38
19;19;0;Passo das Pedras;15595;14507;1088;7;66;-59
19;19;0;Pedra Redonda;69;64;5;-14;25;-39
19;19;0;Petrópolis;38902;35533;3369;144;92;52
19;19;0;Pitinga;4106;3813;293;20;3;17
19;19;0;Ponta Grossa;8567;7944;623;16;-10;26
19;19;0;Praia de Belas;1496;1496;0;-63;15;-78
19;19;0;Restinga;55942;52100;3842;-312;-20;-292
19;19;0;Rio Branco;17457;16021;1436;54;83;-29
19;19;0;Rubem Berta;33977;31197;2780;-157;-5;-152
19;19;0;Santa Cecília;4738;4492;246;-66;55;-121
19;19;0;Santa Maria Goretti;2781;2640;141;-67;37;-104
19;19;0;Santa Rosa de Lima;36541;33706;2835;-34;79;-113
19;19;0;Santa Tereza;40791;37325;3466;50;75;-25
19;19;0;Santana;21043;19119;1924;15;32;-17
19;19;0;Santo Antônio;12860;11730;1130;-71;7;-78
19;19;0;São Caetano;564;471;93;4;2;2
19;19;0;São Geraldo;8406;7719;687;-13;38;-51
19;19;0;São João;12269;11337;932;-21;38;-59
19;19;0;São Sebastião;6446;6143;303;-35;46;-81
19;19;0;Sarandi;63410;58005;5405;-437;-17;-420
19;19;0;Serraria;5986;5515;471;13;-15;28
19;19;0;Sétimo Céu;734;677;57;-3;11;-14
19;19;0;Teresópolis;14536;13226;1310;-79;18;-97
19;19;0;Três Figueiras;3211;3049;162;-135;7;-142
19;19;0;Tristeza;16718;15359;1359;8;-10;18
19;19;0;Vila Assunção;4039;3659;380;-12;-10;-2
19;19;0;Vila Conceição;949;810;139;1;-3;4
19;19;0;Vila Ipiranga;18819;17104;1715;-187;-70;-117
19;19;0;Vila Jardim;12956;11769;1187;-166;-69;-97
19;19;0;Vila João Pessoa;12721;11564;1157;33;31;2
19;19;0;Vila Nova;33582;30864;2718;-296;-21;-275
19;19;0;Vila São José;27321;24901;2420;-161;-77;-84
20;20;0;Aberta dos Morros;7116;6898;218;285;469;-184
20;20;0;Agronomia;2544;2230;314;708;433;275
20;20;0;Anchieta;2145;1929;216;611;395;216
20;20;0;Arquipélago;8502;8248;254;209;470;-261
20;20;0;Auxiliadora;9500;9449;51;519;809;-290
20;20;0;Azenha;13502;13502;0;449;921;-472
20;20;0;Bela Vista;11548;11510;38;499;912;-413
20;20;0;Belém Novo;10268;9910;358;15;392;-377
20;20;0;Belém Velho;10964;10648;316;134;594;-460
20;20;0;Boa Vista;9889;9819;70;522;839;-317
20;20;0;Boa Vista do Sul;2413;2118;295;306;166;140
20;20;0;Bom Fim;11430;11366;64;536;908;-372
20;20;0;Bom Jesus;28549;28334;215;-863;1046;-1909
20;20;0;Camaquã;17816;17607;209;-193;775;-968
20;20;0;Campo Novo;8750;8511;239;202;517;-315
20;20;0;Cascata;13049;12770;279;79;707;-628
20;20;0;Cavalhada;29145;28970;175;-957;856;-1813
20;20;0;Centro;39177;38952;225;-1932;882;-2814
20;20;0;Chácara das Pedras;6513;6426;87;716;797;-81
20;20;0;Chapéu do Sol;2927;2684;243;492;338;154
20;20;0;Cidade Baixa;15298;15160;138;156;967;-811
20;20;0;Coronel Aparício Borges;19194;18971;223;-26;1042;-1068
20;20;0;Costa e Silva;15710;15549;161;189;977;-788
20;20;0;Cristal;32138;31513;625;-936;1160;-2096
20;20;0;Cristo Redentor;16210;16203;7;-61;736;-797
20;20;0;Espírito Santo;5466;5286;180;357;467;-110
20;20;0;Extrema;2106;1841;265;303;145;158
20;20;0;Farrapos;19196;18780;416;-411;684;-1095
20;20;0;Farroupilha;979;811;168;596;428;168
20;20;0;Floresta;11518;11401;117;300;786;-486
20;20;0;Glória;16928;16732;196;-18;998;-1016
20;20;0;Guarujá;4805;4540;265;433;454;-21
20;20;0;Higienópolis;10550;10448;102;386;810;-424
20;20;0;Hípica;18615;18186;429;-352;708;-1060
20;20;0;Humaitá;11649;11335;314;132;622;-490
20;20;0;Independência;7977;7896;81;639;800;-161
20;20;0;Ipanema;13673;13321;352;-85;637;-722
20;20;0;Jardim Botânico;12252;12221;31;391;853;-462
20;20;0;Jardim Carvalho;25449;25019;430;-585;1130;-1715
20;20;0;Jardim do Salso;4349;4154;195;950;791;159
20;20;0;Jardim Dona Leopoldina;17802;17616;186;289;1191;-902
20;20;0;Jardim Europa;2195;2065;130;764;634;130
20;20;0;Jardim Floresta;3260;3091;169;727;559;168
20;20;0;Jardim Isabel;2787;2575;212;575;416;159
20;20;0;Jardim Itu;17648;17482;166;-33;1012;-1045
20;20;0;Jardim Lindóia;7274;7193;81;444;596;-152
20;20;0;Jardim Sabará;13329;13173;156;215;956;-741
20;20;0;Jardim São Pedro;3945;3746;199;810;670;140
20;20;0;Lageado;4539;4223;316;361;343;18
20;20;0;Lami;4354;4079;275;223;210;13
20;20;0;Lomba do Pinheiro;59042;57854;1188;-3074;1026;-4100
20;20;0;Mário Quintana;38285;37588;697;-1150;1317;-2467
20;20;0;Medianeira;11021;10894;127;471;1000;-529
20;20;0;Menino Deus;31587;31241;346;-1205;1181;-2386
20;20;0;Moinhos de Vento;11745;11662;83;284;808;-524
20;20;0;MontSerrat;11087;10915;172;489;947;-458
20;20;0;Morro Santana;19409;18959;450;-232;925;-1157
20;20;0;Navegantes;4363;4171;192;607;509;98
20;20;0;Nonoai;25123;24672;451;-308;1263;-1571
20;20;0;Parque Santa Fé;6250;6069;181;827;855;-28
20;20;0;Partenon;48466;47350;1116;-1911;1650;-3561
20;20;0;Passo DAreia;21866;21539;327;-501;1026;-1527
20;20;0;Passo das Pedras;15775;15534;241;180;1027;-847
20;20;0;Pedra Redonda;357;114;243;288;50;238
20;20;0;Petrópolis;37584;36917;667;-1318;1384;-2702
20;20;0;Pitinga;4536;4180;356;430;367;63
20;20;0;Ponta Grossa;8773;8356;417;206;412;-206
20;20;0;Praia de Belas;2397;2131;266;901;635;266
20;20;0;Restinga;53642;52873;769;-2300;773;-3073
20;20;0;Rio Branco;17318;17088;230;-139;1067;-1206
20;20;0;Rubem Berta;33440;32642;798;-537;1445;-1982
20;20;0;Santa Cecília;5708;5411;297;970;919;51
20;20;0;Santa Maria Goretti;3558;3262;296;777;622;155
20;20;0;Santa Rosa de Lima;35751;34861;890;-790;1155;-1945
20;20;0;Santa Tereza;39819;38800;1019;-972;1475;-2447
20;20;0;Santana;20560;20236;324;-483;1117;-1600
20;20;0;Santo Antônio;12993;12703;290;133;973;-840
20;20;0;São Caetano;875;589;286;311;118;193
20;20;0;São Geraldo;8745;8426;319;339;707;-368
20;20;0;São João;12169;11954;215;-100;617;-717
20;20;0;São Sebastião;6982;6804;178;536;661;-125
20;20;0;Sarandi;60246;59098;1148;-3164;1093;-4257
20;20;0;Serraria;6296;5862;434;310;347;-37
20;20;0;Sétimo Céu;1209;1014;195;475;337;138
20;20;0;Teresópolis;14609;14195;414;73;969;-896
20;20;0;Três Figueiras;4043;3774;269;832;725;107
20;20;0;Tristeza;16597;16126;471;-121;767;-888
20;20;0;Vila Assunção;4608;4153;455;569;494;75
20;20;0;Vila Conceição;1497;1126;371;548;316;232
20;20;0;Vila Ipiranga;18638;18155;483;-181;1051;-1232
20;20;0;Vila Jardim;13204;12746;458;248;977;-729
20;20;0;Vila João Pessoa;12915;12554;361;194;990;-796
20;20;0;Vila Nova;32528;31660;868;-1054;796;-1850
20;20;0;Vila São José;26793;25948;845;-528;1047;-1575
21;21;0;Aberta dos Morros;7120;6962;158;4;64;-60
21;21;0;Agronomia;2501;2254;247;-43;24;-67
21;21;0;Anchieta;2130;1972;158;-15;43;-58
21;21;0;Arquipélago;8434;8271;163;-68;23;-91
21;21;0;Auxiliadora;9557;9541;16;57;92;-35
21;21;0;Azenha;13588;13588;0;86;86;0
21;21;0;Bela Vista;11619;11601;18;71;91;-20
21;21;0;Belém Novo;10184;9955;229;-84;45;-129
21;21;0;Belém Velho;10885;10688;197;-79;40;-119
21;21;0;Boa Vista;9923;9909;14;34;90;-56
21;21;0;Boa Vista do Sul;2411;2143;268;-2;25;-27
21;21;0;Bom Fim;11441;11432;9;11;66;-55
21;21;0;Bom Jesus;28756;28456;300;207;122;85
21;21;0;Camaquã;17837;17687;150;21;80;-59
21;21;0;Campo Novo;8729;8564;165;-21;53;-74
21;21;0;Cascata;13035;12850;185;-14;80;-94
21;21;0;Cavalhada;29195;29070;125;50;100;-50
21;21;0;Centro;39358;39027;331;181;75;106
21;21;0;Chácara das Pedras;6523;6517;6;10;91;-81
21;21;0;Chapéu do Sol;2925;2735;190;-2;51;-53
21;21;0;Cidade Baixa;15310;15237;73;12;77;-65
21;21;0;Coronel Aparício Borges;19246;19063;183;52;92;-40
21;21;0;Costa e Silva;15724;15659;65;14;110;-96
21;21;0;Cristal;32005;31692;313;-133;179;-312
21;21;0;Cristo Redentor;16358;16324;34;148;121;27
21;21;0;Espírito Santo;5519;5374;145;53;88;-35
21;21;0;Extrema;2119;1859;260;13;18;-5
21;21;0;Farrapos;19117;18884;233;-79;104;-183
21;21;0;Farroupilha;904;836;68;-75;25;-100
21;21;0;Floresta;11507;11474;33;-11;73;-84
21;21;0;Glória;17003;16840;163;75;108;-33
21;21;0;Guarujá;4829;4619;210;24;79;-55
21;21;0;Higienópolis;10606;10564;42;56;116;-60
21;21;0;Hípica;18584;18320;264;-31;134;-165
21;21;0;Humaitá;11600;11410;190;-49;75;-124
21;21;0;Independência;7976;7972;4;-1;76;-77
21;21;0;Ipanema;13717;13460;257;44;139;-95
21;21;0;Jardim Botânico;12312;12312;0;60;91;-31
21;21;0;Jardim Carvalho;25459;25161;298;10;142;-132
21;21;0;Jardim do Salso;4328;4229;99;-21;75;-96
21;21;0;Jardim Dona Leopoldina;17845;17754;91;43;138;-95
21;21;0;Jardim Europa;2232;2155;77;37;90;-53
21;21;0;Jardim Floresta;3293;3188;105;33;97;-64
21;21;0;Jardim Isabel;2778;2628;150;-9;53;-62
21;21;0;Jardim Itu;17768;17636;132;120;154;-34
21;21;0;Jardim Lindóia;7305;7303;2;31;110;-79
21;21;0;Jardim Sabará;13446;13324;122;117;151;-34
21;21;0;Jardim São Pedro;3949;3844;105;4;98;-94
21;21;0;Lageado;4526;4280;246;-13;57;-70
21;21;0;Lami;4363;4110;253;9;31;-22
21;21;0;Lomba do Pinheiro;58738;57933;805;-304;79;-383
21;21;0;Mário Quintana;38273;37788;485;-12;200;-212
21;21;0;Medianeira;11066;10998;68;45;104;-59
21;21;0;Menino Deus;31814;31410;404;227;169;58
21;21;0;Moinhos de Vento;11807;11772;35;62;110;-48
21;21;0;MontSerrat;11080;11040;40;-7;125;-132
21;21;0;Morro Santana;19405;19136;269;-4;177;-181
21;21;0;Navegantes;4322;4226;96;-41;55;-96
21;21;0;Nonoai;25109;24844;265;-14;172;-186
21;21;0;Parque Santa Fé;6287;6184;103;37;115;-78
21;21;0;Partenon;48425;47707;718;-41;357;-398
21;21;0;Passo DAreia;21967;21742;225;101;203;-102
21;21;0;Passo das Pedras;15831;15699;132;56;165;-109
21;21;0;Pedra Redonda;331;132;199;-26;18;-44
21;21;0;Petrópolis;37601;37164;437;17;247;-230
21;21;0;Pitinga;4527;4221;306;-9;41;-50
21;21;0;Ponta Grossa;8750;8461;289;-23;105;-128
21;21;0;Praia de Belas;2283;2169;114;-114;38;-152
21;21;0;Restinga;53554;53060;494;-88;187;-275
21;21;0;Rio Branco;17539;17292;247;221;204;17
21;21;0;Rubem Berta;33312;32841;471;-128;199;-327
21;21;0;Santa Cecília;5621;5540;81;-87;129;-216
21;21;0;Santa Maria Goretti;3519;3357;162;-39;95;-134
21;21;0;Santa Rosa de Lima;35573;35077;496;-178;216;-394
21;21;0;Santa Tereza;39778;39112;666;-41;312;-353
21;21;0;Santana;20746;20445;301;186;209;-23
21;21;0;Santo Antônio;12983;12864;119;-10;161;-171
21;21;0;São Caetano;903;615;288;28;26;2
21;21;0;São Geraldo;8668;8528;140;-77;102;-179
21;21;0;São João;12133;12077;56;-36;123;-159
21;21;0;São Sebastião;6928;6897;31;-54;93;-147
21;21;0;Sarandi;59956;59383;573;-290;285;-575
21;21;0;Serraria;6320;5967;353;24;105;-81
21;21;0;Sétimo Céu;1228;1065;163;19;51;-32
21;21;0;Teresópolis;14600;14373;227;-9;178;-187
21;21;0;Três Figueiras;3992;3893;99;-51;119;-170
21;21;0;Tristeza;16656;16332;324;59;206;-147
21;21;0;Vila Assunção;4540;4208;332;-68;55;-123
21;21;0;Vila Conceição;1514;1165;349;17;39;-22
21;21;0;Vila Ipiranga;18625;18372;253;-13;217;-230
21;21;0;Vila Jardim;13141;12919;222;-63;173;-236
21;21;0;Vila João Pessoa;12867;12701;166;-48;147;-195
21;21;0;Vila Nova;32466;31943;523;-62;283;-345
21;21;0;Vila São José;26694;26154;540;-99;206;-305
22;22;0;Aberta dos Morros;7139;6959;180;19;-3;22
22;22;0;Agronomia;2563;2267;296;62;13;49
22;22;0;Anchieta;2178;1954;224;48;-18;66
22;22;0;Arquipélago;8411;8241;170;-23;-30;7
22;22;0;Auxiliadora;9622;9470;152;65;-71;136
22;22;0;Azenha;13689;13535;154;101;-53;154
22;22;0;Bela Vista;11703;11548;155;84;-53;137
22;22;0;Belém Novo;10194;9955;239;10;0;10
22;22;0;Belém Velho;10886;10691;195;1;3;-2
22;22;0;Boa Vista;10013;9854;159;90;-55;145
22;22;0;Boa Vista do Sul;2446;2142;304;35;-1;36
22;22;0;Bom Fim;11502;11361;141;61;-71;132
22;22;0;Bom Jesus;28620;28442;178;-136;-14;-122
22;22;0;Camaquã;17842;17672;170;5;-15;20
22;22;0;Campo Novo;8748;8571;177;19;7;12
22;22;0;Cascata;13006;12839;167;-29;-11;-18
22;22;0;Cavalhada;29275;29062;213;80;-8;88
22;22;0;Centro;39274;38960;314;-84;-67;-17
22;22;0;Chácara das Pedras;6626;6475;151;103;-42;145
22;22;0;Chapéu do Sol;2984;2751;233;59;16;43
22;22;0;Cidade Baixa;15380;15203;177;70;-34;104
22;22;0;Coronel Aparício Borges;19261;19081;180;15;18;-3
22;22;0;Costa e Silva;15821;15659;162;97;0;97
22;22;0;Cristal;31948;31710;238;-57;18;-75
22;22;0;Cristo Redentor;16433;16256;177;75;-68;143
22;22;0;Espírito Santo;5528;5376;152;9;2;7
22;22;0;Extrema;2138;1858;280;19;-1;20
22;22;0;Farrapos;19043;18848;195;-74;-36;-38
22;22;0;Farroupilha;916;764;152;12;-72;84
22;22;0;Floresta;11581;11417;164;74;-57;131
22;22;0;Glória;17043;16845;198;40;5;35
22;22;0;Guarujá;4846;4625;221;17;6;11
22;22;0;Higienópolis;10696;10522;174;90;-42;132
22;22;0;Hípica;18593;18373;220;9;53;-44
22;22;0;Humaitá;11586;11395;191;-14;-15;1
22;22;0;Independência;8073;7907;166;97;-65;162
22;22;0;Ipanema;13678;13479;199;-39;19;-58
22;22;0;Jardim Botânico;12461;12297;164;149;-15;164
22;22;0;Jardim Carvalho;25418;25188;230;-41;27;-68
22;22;0;Jardim do Salso;4388;4239;149;60;10;50
22;22;0;Jardim Dona Leopoldina;17937;17797;140;92;43;49
22;22;0;Jardim Europa;2258;2107;151;26;-48;74
22;22;0;Jardim Floresta;3300;3146;154;7;-42;49
22;22;0;Jardim Isabel;2793;2622;171;15;-6;21
22;22;0;Jardim Itu;17789;17620;169;21;-16;37
22;22;0;Jardim Lindóia;7411;7259;152;106;-44;150
22;22;0;Jardim Sabará;13485;13319;166;39;-5;44
22;22;0;Jardim São Pedro;3944;3797;147;-5;-47;42
22;22;0;Lageado;4543;4290;253;17;10;7
22;22;0;Lami;4373;4097;276;10;-13;23
22;22;0;Lomba do Pinheiro;58464;57953;511;-274;20;-294
22;22;0;Mário Quintana;38153;37871;282;-120;83;-203
22;22;0;Medianeira;11156;10988;168;90;-10;100
22;22;0;Menino Deus;31654;31381;273;-160;-29;-131
22;22;0;Moinhos de Vento;11886;11703;183;79;-69;148
22;22;0;MontSerrat;11154;10988;166;74;-52;126
22;22;0;Morro Santana;19390;19170;220;-15;34;-49
22;22;0;Navegantes;4347;4197;150;25;-29;54
22;22;0;Nonoai;25093;24877;216;-16;33;-49
22;22;0;Parque Santa Fé;6351;6212;139;64;28;36
22;22;0;Partenon;48142;47708;434;-283;1;-284
22;22;0;Passo DAreia;21886;21687;199;-81;-55;-26
22;22;0;Passo das Pedras;15889;15714;175;58;15;43
22;22;0;Pedra Redonda;406;150;256;75;18;57
22;22;0;Petrópolis;37428;37152;276;-173;-12;-161
22;22;0;Pitinga;4552;4242;310;25;21;4
22;22;0;Ponta Grossa;8781;8489;292;31;28;3
22;22;0;Praia de Belas;2332;2162;170;49;-7;56
22;22;0;Restinga;53302;53090;212;-252;30;-282
22;22;0;Rio Branco;17425;17204;221;-114;-88;-26
22;22;0;Rubem Berta;33200;32889;311;-112;48;-160
22;22;0;Santa Cecília;5670;5507;163;49;-33;82
22;22;0;Santa Maria Goretti;3494;3324;170;-25;-33;8
22;22;0;Santa Rosa de Lima;35420;35101;319;-153;24;-177
22;22;0;Santa Tereza;39603;39140;463;-175;28;-203
22;22;0;Santana;20648;20398;250;-98;-47;-51
22;22;0;Santo Antônio;13065;12881;184;82;17;65
22;22;0;São Caetano;873;576;297;-30;-39;9
22;22;0;São Geraldo;8639;8482;157;-29;-46;17
22;22;0;São João;12217;12042;175;84;-35;119
22;22;0;São Sebastião;6999;6862;137;71;-35;106
22;22;0;Sarandi;59769;59402;367;-187;19;-206
22;22;0;Serraria;6325;5994;331;5;27;-22
22;22;0;Sétimo Céu;1260;1076;184;32;11;21
22;22;0;Teresópolis;14655;14423;232;55;50;5
22;22;0;Três Figueiras;4027;3874;153;35;-19;54
22;22;0;Tristeza;16636;16329;307;-20;-3;-17
22;22;0;Vila Assunção;4481;4212;269;-59;4;-63
22;22;0;Vila Conceição;1499;1148;351;-15;-17;2
22;22;0;Vila Ipiranga;18572;18352;220;-53;-20;-33
22;22;0;Vila Jardim;13155;12953;202;14;34;-20
22;22;0;Vila João Pessoa;12933;12752;181;66;51;15
22;22;0;Vila Nova;32357;31989;368;-109;46;-155
22;22;0;Vila São José;26678;26211;467;-16;57;-73
23;23;0;Aberta dos Morros;7146;7146;0;7;187;-180
23;23;0;Agronomia;2331;2331;0;-232;64;-296
23;23;0;Anchieta;2024;2024;0;-154;70;-224
23;23;0;Arquipélago;8330;8330;0;-81;89;-170
23;23;0;Auxiliadora;9683;9683;0;61;213;-152
23;23;0;Azenha;13798;13797;1;109;262;-153
23;23;0;Bela Vista;11787;11787;0;84;239;-155
23;23;0;Belém Novo;10100;10100;0;-94;145;-239
23;23;0;Belém Velho;10835;10835;0;-51;144;-195
23;23;0;Boa Vista;10053;10053;0;40;199;-159
23;23;0;Boa Vista do Sul;2309;2309;0;-137;167;-304
23;23;0;Bom Fim;11594;11593;1;92;232;-140
23;23;0;Bom Jesus;28678;28675;3;58;233;-175
23;23;0;Camaquã;17938;17938;0;96;266;-170
23;23;0;Campo Novo;8766;8766;0;18;195;-177
23;23;0;Cascata;13012;13012;0;6;173;-167
23;23;0;Cavalhada;29298;29298;0;23;236;-213
23;23;0;Centro;39154;39154;0;-120;194;-314
23;23;0;Chácara das Pedras;6668;6668;0;42;193;-151
23;23;0;Chapéu do Sol;2912;2912;0;-72;161;-233
23;23;0;Cidade Baixa;15381;15379;2;1;176;-175
23;23;0;Coronel Aparício Borges;19304;19303;1;43;222;-179
23;23;0;Costa e Silva;15842;15842;0;21;183;-162
23;23;0;Cristal;31949;31946;3;1;236;-235
23;23;0;Cristo Redentor;16455;16455;0;22;199;-177
23;23;0;Espírito Santo;5606;5606;0;78;230;-152
23;23;0;Extrema;1981;1981;0;-157;123;-280
23;23;0;Farrapos;18986;18985;1;-57;137;-194
23;23;0;Farroupilha;960;960;0;44;196;-152
23;23;0;Floresta;11596;11596;0;15;179;-164
23;23;0;Glória;17066;17066;0;23;221;-198
23;23;0;Guarujá;4810;4810;0;-36;185;-221
23;23;0;Higienópolis;10724;10724;0;28;202;-174
23;23;0;Hípica;18645;18645;0;52;272;-220
23;23;0;Humaitá;11503;11502;1;-83;107;-190
23;23;0;Independência;8112;8112;0;39;205;-166
23;23;0;Ipanema;13729;13728;1;51;249;-198
23;23;0;Jardim Botânico;12521;12521;0;60;224;-164
23;23;0;Jardim Carvalho;25385;25385;0;-33;197;-230
23;23;0;Jardim do Salso;4405;4405;0;17;166;-149
23;23;0;Jardim Dona Leopoldina;18016;18016;0;79;219;-140
23;23;0;Jardim Europa;2298;2298;0;40;191;-151
23;23;0;Jardim Floresta;3307;3307;0;7;161;-154
23;23;0;Jardim Isabel;2834;2834;0;41;212;-171
23;23;0;Jardim Itu;17853;17853;0;64;233;-169
23;23;0;Jardim Lindóia;7417;7417;0;6;158;-152
23;23;0;Jardim Sabará;13530;13530;0;45;211;-166
23;23;0;Jardim São Pedro;3967;3967;0;23;170;-147
23;23;0;Lageado;4481;4481;0;-62;191;-253
23;23;0;Lami;4289;4289;0;-84;192;-276
23;23;0;Lomba do Pinheiro;58106;58106;0;-358;153;-511
23;23;0;Mário Quintana;38116;38116;0;-37;245;-282
23;23;0;Medianeira;11224;11223;1;68;235;-167
23;23;0;Menino Deus;31651;31650;1;-3;269;-272
23;23;0;Moinhos de Vento;11937;11937;0;51;234;-183
23;23;0;MontSerrat;11236;11236;0;82;248;-166
23;23;0;Morro Santana;19338;19338;0;-52;168;-220
23;23;0;Navegantes;4327;4327;0;-20;130;-150
23;23;0;Nonoai;25160;25160;0;67;283;-216
23;23;0;Parque Santa Fé;6376;6376;0;25;164;-139
23;23;0;Partenon;48160;48160;0;18;452;-434
23;23;0;Passo DAreia;21967;21967;0;81;280;-199
23;23;0;Passo das Pedras;15902;15902;0;13;188;-175
23;23;0;Pedra Redonda;273;273;0;-133;123;-256
23;23;0;Petrópolis;37497;37496;1;69;344;-275
23;23;0;Pitinga;4352;4352;0;-200;110;-310
23;23;0;Ponta Grossa;8722;8722;0;-59;233;-292
23;23;0;Praia de Belas;2281;2281;0;-51;119;-170
23;23;0;Restinga;53509;53508;1;207;418;-211
23;23;0;Rio Branco;17531;17531;0;106;327;-221
23;23;0;Rubem Berta;33168;33168;0;-32;279;-311
23;23;0;Santa Cecília;5768;5768;0;98;261;-163
23;23;0;Santa Maria Goretti;3509;3509;0;15;185;-170
23;23;0;Santa Rosa de Lima;35333;35333;0;-87;232;-319
23;23;0;Santa Tereza;39577;39577;0;-26;437;-463
23;23;0;Santana;20723;20723;0;75;325;-250
23;23;0;Santo Antônio;13160;13160;0;95;279;-184
23;23;0;São Caetano;757;757;0;-116;181;-297
23;23;0;São Geraldo;8681;8681;0;42;199;-157
23;23;0;São João;12226;12226;0;9;184;-175
23;23;0;São Sebastião;7019;7019;0;20;157;-137
23;23;0;Sarandi;59711;59711;0;-58;309;-367
23;23;0;Serraria;6239;6239;0;-86;245;-331
23;23;0;Sétimo Céu;1329;1329;0;69;253;-184
23;23;0;Teresópolis;14707;14707;0;52;284;-232
23;23;0;Três Figueiras;4070;4070;0;43;196;-153
23;23;0;Tristeza;16693;16692;1;57;363;-306
23;23;0;Vila Assunção;4418;4418;0;-63;206;-269
23;23;0;Vila Conceição;1349;1349;0;-150;201;-351
23;23;0;Vila Ipiranga;18660;18659;1;88;307;-219
23;23;0;Vila Jardim;13189;13189;0;34;236;-202
23;23;0;Vila João Pessoa;13041;13041;0;108;289;-181
23;23;0;Vila Nova;32469;32469;0;112;480;-368
23;23;0;Vila São José;26522;26521;1;-156;310;-466
24;0;1;Aberta dos Morros;7124;7086;38;-22;-60;38
24;0;1;Agronomia;2342;2300;42;11;-31;42
24;0;1;Anchieta;2026;1975;51;2;-49;51
24;0;1;Arquipélago;8339;8292;47;9;-38;47
24;0;1;Auxiliadora;9616;9555;61;-67;-128;61
24;0;1;Azenha;13736;13638;98;-62;-159;97
24;0;1;Bela Vista;11711;11649;62;-76;-138;62
24;0;1;Belém Novo;10084;10069;15;-16;-31;15
24;0;1;Belém Velho;10829;10789;40;-6;-46;40
24;0;1;Boa Vista;10001;9938;63;-52;-115;63
24;0;1;Boa Vista do Sul;2285;2270;15;-24;-39;15
24;0;1;Bom Fim;11471;11429;42;-123;-164;41
24;0;1;Bom Jesus;28649;28591;58;-29;-84;55
24;0;1;Camaquã;17901;17853;48;-37;-85;48
24;0;1;Campo Novo;8752;8711;41;-14;-55;41
24;0;1;Cascata;13005;12956;49;-7;-56;49
24;0;1;Cavalhada;29268;29216;52;-30;-82;52
24;0;1;Centro;39193;39077;116;39;-77;116
24;0;1;Chácara das Pedras;6637;6573;64;-31;-95;64
24;0;1;Chapéu do Sol;2899;2869;30;-13;-43;30
24;0;1;Cidade Baixa;15304;15242;62;-77;-137;60
24;0;1;Coronel Aparício Borges;19270;19211;59;-34;-92;58
24;0;1;Costa e Silva;15833;15779;54;-9;-63;54
24;0;1;Cristal;31929;31878;51;-20;-68;48
24;0;1;Cristo Redentor;16466;16320;146;11;-135;146
24;0;1;Espírito Santo;5581;5535;46;-25;-71;46
24;0;1;Extrema;1977;1968;9;-4;-13;9
24;0;1;Farrapos;19000;18948;52;14;-37;51
24;0;1;Farroupilha;955;812;143;-5;-148;143
24;0;1;Floresta;11541;11477;64;-55;-119;64
24;0;1;Glória;17104;16977;127;38;-89;127
24;0;1;Guarujá;4799;4749;50;-11;-61;50
24;0;1;Higienópolis;10695;10627;68;-29;-97;68
24;0;1;Hípica;18635;18592;43;-10;-53;43
24;0;1;Humaitá;11524;11464;60;21;-38;59
24;0;1;Independência;8140;7980;160;28;-132;160
24;0;1;Ipanema;13712;13662;50;-17;-66;49
24;0;1;Jardim Botânico;12553;12406;147;32;-115;147
24;0;1;Jardim Carvalho;25466;25326;140;81;-59;140
24;0;1;Jardim do Salso;4390;4327;63;-15;-78;63
24;0;1;Jardim Dona Leopoldina;18007;17949;58;-9;-67;58
24;0;1;Jardim Europa;2269;2201;68;-29;-97;68
24;0;1;Jardim Floresta;3292;3225;67;-15;-82;67
24;0;1;Jardim Isabel;2806;2754;52;-28;-80;52
24;0;1;Jardim Itu;17841;17777;64;-12;-76;64
24;0;1;Jardim Lindóia;7403;7332;71;-14;-85;71
24;0;1;Jardim Sabará;13524;13456;68;-6;-74;68
24;0;1;Jardim São Pedro;3947;3879;68;-20;-88;68
24;0;1;Lageado;4484;4450;34;3;-31;34
24;0;1;Lami;4283;4262;21;-6;-27;21
24;0;1;Lomba do Pinheiro;58134;58086;48;28;-20;48
24;0;1;Mário Quintana;38125;38070;55;9;-46;55
24;0;1;Medianeira;11183;11119;64;-41;-104;63
24;0;1;Menino Deus;31706;31546;160;55;-104;159
24;0;1;Moinhos de Vento;11995;11823;172;58;-114;172
24;0;1;MontSerrat;11188;11118;70;-48;-118;70
24;0;1;Morro Santana;19350;19287;63;12;-51;63
24;0;1;Navegantes;4337;4270;67;10;-57;67
24;0;1;Nonoai;25140;25080;60;-20;-80;60
24;0;1;Parque Santa Fé;6374;6314;60;-2;-62;60
24;0;1;Partenon;48148;48077;71;-12;-83;71
24;0;1;Passo DAreia;21944;21874;70;-23;-93;70
24;0;1;Passo das Pedras;15906;15841;65;4;-61;65
24;0;1;Pedra Redonda;250;194;56;-23;-79;56
24;0;1;Petrópolis;37465;37395;70;-32;-101;69
24;0;1;Pitinga;4374;4338;36;22;-14;36
24;0;1;Ponta Grossa;8735;8695;40;13;-27;40
24;0;1;Praia de Belas;2272;2202;70;-9;-79;70
24;0;1;Restinga;53592;53487;105;83;-21;104
24;0;1;Rio Branco;17589;17402;187;58;-129;187
24;0;1;Rubem Berta;33182;33113;69;14;-55;69
24;0;1;Santa Cecília;5836;5650;186;68;-118;186
24;0;1;Santa Maria Goretti;3511;3439;72;2;-70;72
24;0;1;Santa Rosa de Lima;35364;35306;58;31;-27;58
24;0;1;Santa Tereza;39571;39508;63;-6;-69;63
24;0;1;Santana;20805;20611;194;82;-112;194
24;0;1;Santo Antônio;13148;13068;80;-12;-92;80
24;0;1;São Caetano;774;739;35;17;-18;35
24;0;1;São Geraldo;8689;8611;78;8;-70;78
24;0;1;São João;12243;12161;82;17;-65;82
24;0;1;São Sebastião;7028;6954;74;9;-65;74
24;0;1;Sarandi;59734;59664;70;23;-47;70
24;0;1;Serraria;6255;6202;53;16;-37;53
24;0;1;Sétimo Céu;1309;1252;57;-20;-77;57
24;0;1;Teresópolis;14819;14642;177;112;-65;177
24;0;1;Três Figueiras;4066;3986;80;-4;-84;80
24;0;1;Tristeza;16671;16614;57;-22;-78;56
24;0;1;Vila Assunção;4531;4382;149;113;-36;149
24;0;1;Vila Conceição;1367;1305;62;18;-44;62
24;0;1;Vila Ipiranga;18663;18583;80;3;-76;79
24;0;1;Vila Jardim;13197;13117;80;8;-72;80
24;0;1;Vila João Pessoa;13054;12977;77;13;-64;77
24;0;1;Vila Nova;32581;32426;155;112;-43;155
24;0;1;Vila São José;26548;26474;74;26;-47;73
25;1;1;Aberta dos Morros;7119;7076;43;-5;-10;5
25;1;1;Agronomia;2330;2286;44;-12;-14;2
25;1;1;Anchieta;2023;1971;52;-3;-4;1
25;1;1;Arquipélago;8345;8286;59;6;-6;12
25;1;1;Auxiliadora;9602;9535;67;-14;-20;6
25;1;1;Azenha;13741;13609;132;5;-29;34
25;1;1;Bela Vista;11703;11631;72;-8;-18;10
25;1;1;Belém Novo;10084;10065;19;0;-4;4
25;1;1;Belém Velho;10827;10775;52;-2;-14;12
25;1;1;Boa Vista;9995;9920;75;-6;-18;12
25;1;1;Boa Vista do Sul;2282;2265;17;-3;-5;2
25;1;1;Bom Fim;11443;11403;40;-28;-26;-2
25;1;1;Bom Jesus;28666;28569;97;17;-22;39
25;1;1;Camaquã;17905;17832;73;4;-21;25
25;1;1;Campo Novo;8746;8698;48;-6;-13;7
25;1;1;Cascata;13002;12934;68;-3;-22;19
25;1;1;Cavalhada;29278;29194;84;10;-22;32
25;1;1;Centro;39286;39073;213;93;-4;97
25;1;1;Chácara das Pedras;6615;6545;70;-22;-28;6
25;1;1;Chapéu do Sol;2889;2856;33;-10;-13;3
25;1;1;Cidade Baixa;15298;15224;74;-6;-18;12
25;1;1;Coronel Aparício Borges;19257;19181;76;-13;-30;17
25;1;1;Costa e Silva;15819;15748;71;-14;-31;17
25;1;1;Cristal;31953;31865;88;24;-13;37
25;1;1;Cristo Redentor;16492;16302;190;26;-18;44
25;1;1;Espírito Santo;5565;5513;52;-16;-22;6
25;1;1;Extrema;1975;1965;10;-2;-3;1
25;1;1;Farrapos;19019;18942;77;19;-6;25
25;1;1;Farroupilha;905;777;128;-50;-35;-15
25;1;1;Floresta;11529;11457;72;-12;-20;8
25;1;1;Glória;17092;16944;148;-12;-33;21
25;1;1;Guarujá;4794;4739;55;-5;-10;5
25;1;1;Higienópolis;10695;10610;85;0;-17;17
25;1;1;Hípica;18633;18575;58;-2;-17;15
25;1;1;Humaitá;11527;11455;72;3;-9;12
25;1;1;Independência;8117;7955;162;-23;-25;2
25;1;1;Ipanema;13713;13649;64;1;-13;14
25;1;1;Jardim Botânico;12542;12376;166;-11;-30;19
25;1;1;Jardim Carvalho;25500;25308;192;34;-18;52
25;1;1;Jardim do Salso;4366;4298;68;-24;-29;5
25;1;1;Jardim Dona Leopoldina;17999;17915;84;-8;-34;26
25;1;1;Jardim Europa;2244;2175;69;-25;-26;1
25;1;1;Jardim Floresta;3278;3208;70;-14;-17;3
25;1;1;Jardim Isabel;2794;2738;56;-12;-16;4
25;1;1;Jardim Itu;17828;17740;88;-13;-37;24
25;1;1;Jardim Lindóia;7392;7312;80;-11;-20;9
25;1;1;Jardim Sabará;13516;13426;90;-8;-30;22
25;1;1;Jardim São Pedro;3929;3856;73;-18;-23;5
25;1;1;Lageado;4479;4443;36;-5;-7;2
25;1;1;Lami;4280;4258;22;-3;-4;1
25;1;1;Lomba do Pinheiro;58180;58081;99;46;-5;51
25;1;1;Mário Quintana;38152;38050;102;27;-20;47
25;1;1;Medianeira;11161;11091;70;-22;-28;6
25;1;1;Menino Deus;31759;31523;236;53;-23;76
25;1;1;Moinhos de Vento;11996;11799;197;1;-24;25
25;1;1;MontSerrat;11176;11094;82;-12;-24;12
25;1;1;Morro Santana;19354;19267;87;4;-20;24
25;1;1;Navegantes;4327;4255;72;-10;-15;5
25;1;1;Nonoai;25142;25055;87;2;-25;27
25;1;1;Parque Santa Fé;6343;6277;66;-31;-37;6
25;1;1;Partenon;48199;48055;144;51;-22;73
25;1;1;Passo DAreia;21965;21857;108;21;-17;38
25;1;1;Passo das Pedras;15900;15814;86;-6;-27;21
25;1;1;Pedra Redonda;236;183;53;-14;-11;-3
25;1;1;Petrópolis;37506;37378;128;41;-17;58
25;1;1;Pitinga;4367;4329;38;-7;-9;2
25;1;1;Ponta Grossa;8730;8687;43;-5;-8;3
25;1;1;Praia de Belas;2242;2176;66;-30;-26;-4
25;1;1;Restinga;53671;53482;189;79;-5;84
25;1;1;Rio Branco;17594;17372;222;5;-30;35
25;1;1;Rubem Berta;33196;33084;112;14;-29;43
25;1;1;Santa Cecília;5808;5622;186;-28;-28;0
25;1;1;Santa Maria Goretti;3497;3421;76;-14;-18;4
25;1;1;Santa Rosa de Lima;35385;35292;93;21;-14;35
25;1;1;Santa Tereza;39600;39488;112;29;-20;49
25;1;1;Santana;20819;20586;233;14;-25;39
25;1;1;Santo Antônio;13124;13032;92;-24;-36;12
25;1;1;São Caetano;768;733;35;-6;-6;0
25;1;1;São Geraldo;8679;8589;90;-10;-22;12
25;1;1;São João;12248;12145;103;5;-16;21
25;1;1;São Sebastião;7014;6930;84;-14;-24;10
25;1;1;Sarandi;59794;59648;146;60;-16;76
25;1;1;Serraria;6248;6190;58;-7;-12;5
25;1;1;Sétimo Céu;1293;1236;57;-16;-16;0
25;1;1;Teresópolis;14811;14614;197;-8;-28;20
25;1;1;Três Figueiras;4052;3967;85;-14;-19;5
25;1;1;Tristeza;16676;16599;77;5;-15;20
25;1;1;Vila Assunção;4518;4369;149;-13;-13;0
25;1;1;Vila Conceição;1361;1299;62;-6;-6;0
25;1;1;Vila Ipiranga;18656;18551;105;-7;-32;25
25;1;1;Vila Jardim;13180;13085;95;-17;-32;15
25;1;1;Vila João Pessoa;13032;12943;89;-22;-34;12
25;1;1;Vila Nova;32628;32415;213;47;-11;58
25;1;1;Vila São José;26553;26447;106;5;-27;32
26;2;1;Aberta dos Morros;7115;7073;42;-4;-3;-1
26;2;1;Agronomia;2343;2299;44;13;13;0
26;2;1;Anchieta;2030;1977;53;7;6;1
26;2;1;Arquipélago;8339;8285;54;-6;-1;-5
26;2;1;Auxiliadora;9607;9552;55;5;17;-12
26;2;1;Azenha;13776;13647;129;35;38;-3
26;2;1;Bela Vista;11699;11645;54;-4;14;-18
26;2;1;Belém Novo;10087;10066;21;3;1;2
26;2;1;Belém Velho;10830;10779;51;3;4;-1
26;2;1;Boa Vista;10005;9939;66;10;19;-9
26;2;1;Boa Vista do Sul;2282;2266;16;0;1;-1
26;2;1;Bom Fim;11442;11420;22;-1;17;-18
26;2;1;Bom Jesus;28665;28587;78;-1;18;-19
26;2;1;Camaquã;17918;17850;68;13;18;-5
26;2;1;Campo Novo;8748;8697;51;2;-1;3
26;2;1;Cascata;12997;12936;61;-5;2;-7
26;2;1;Cavalhada;29281;29207;74;3;13;-10
26;2;1;Centro;39315;39087;228;29;14;15
26;2;1;Chácara das Pedras;6620;6563;57;5;18;-13
26;2;1;Chapéu do Sol;2897;2864;33;8;8;0
26;2;1;Cidade Baixa;15303;15246;57;5;22;-17
26;2;1;Coronel Aparício Borges;19265;19199;66;8;18;-10
26;2;1;Costa e Silva;15839;15770;69;20;22;-2
26;2;1;Cristal;31958;31873;85;5;8;-3
26;2;1;Cristo Redentor;16473;16318;155;-19;16;-35
26;2;1;Espírito Santo;5568;5516;52;3;3;0
26;2;1;Extrema;1974;1963;11;-1;-2;1
26;2;1;Farrapos;19021;18943;78;2;1;1
26;2;1;Farroupilha;922;807;115;17;30;-13
26;2;1;Floresta;11528;11471;57;-1;14;-15
26;2;1;Glória;17109;16945;164;17;1;16
26;2;1;Guarujá;4792;4738;54;-2;-1;-1
26;2;1;Higienópolis;10690;10613;77;-5;3;-8
26;2;1;Hípica;18644;18586;58;11;11;0
26;2;1;Humaitá;11527;11455;72;0;0;0
26;2;1;Independência;8123;7973;150;6;18;-12
26;2;1;Ipanema;13716;13649;67;3;0;3
26;2;1;Jardim Botânico;12553;12405;148;11;29;-18
26;2;1;Jardim Carvalho;25485;25310;175;-15;2;-17
26;2;1;Jardim do Salso;4375;4312;63;9;14;-5
26;2;1;Jardim Dona Leopoldina;18009;17942;67;10;27;-17
26;2;1;Jardim Europa;2251;2187;64;7;12;-5
26;2;1;Jardim Floresta;3287;3218;69;9;10;-1
26;2;1;Jardim Isabel;2797;2743;54;3;5;-2
26;2;1;Jardim Itu;17838;17759;79;10;19;-9
26;2;1;Jardim Lindóia;7393;7324;69;1;12;-11
26;2;1;Jardim Sabará;13515;13436;79;-1;10;-11
26;2;1;Jardim São Pedro;3939;3873;66;10;17;-7
26;2;1;Lageado;4483;4447;36;4;4;0
26;2;1;Lami;4283;4259;24;3;1;2
26;2;1;Lomba do Pinheiro;58158;58081;77;-22;0;-22
26;2;1;Mário Quintana;38149;38063;86;-3;13;-16
26;2;1;Medianeira;11158;11105;53;-3;14;-17
26;2;1;Menino Deus;31753;31546;207;-6;23;-29
26;2;1;Moinhos de Vento;11987;11816;171;-9;17;-26
26;2;1;MontSerrat;11184;11112;72;8;18;-10
26;2;1;Morro Santana;19355;19268;87;1;1;0
26;2;1;Navegantes;4327;4254;73;0;-1;1
26;2;1;Nonoai;25144;25061;83;2;6;-4
26;2;1;Parque Santa Fé;6349;6291;58;6;14;-8
26;2;1;Partenon;48171;48066;105;-28;11;-39
26;2;1;Passo DAreia;21968;21863;105;3;6;-3
26;2;1;Passo das Pedras;15900;15822;78;0;8;-8
26;2;1;Pedra Redonda;237;187;50;1;4;-3
26;2;1;Petrópolis;37486;37382;104;-20;4;-24
26;2;1;Pitinga;4375;4334;41;8;5;3
26;2;1;Ponta Grossa;8733;8686;47;3;-1;4
26;2;1;Praia de Belas;2247;2189;58;5;13;-8
26;2;1;Restinga;53642;53480;162;-29;-2;-27
26;2;1;Rio Branco;17574;17376;198;-20;4;-24
26;2;1;Rubem Berta;33182;33102;80;-14;18;-32
26;2;1;Santa Cecília;5795;5623;172;-13;1;-14
26;2;1;Santa Maria Goretti;3499;3421;78;2;0;2
26;2;1;Santa Rosa de Lima;35387;35294;93;2;2;0
26;2;1;Santa Tereza;39582;39486;96;-18;-2;-16
26;2;1;Santana;20807;20585;222;-12;-1;-11
26;2;1;Santo Antônio;13110;13041;69;-14;9;-23
26;2;1;São Caetano;765;730;35;-3;-3;0
26;2;1;São Geraldo;8680;8595;85;1;6;-5
26;2;1;São João;12241;12145;96;-7;0;-7
26;2;1;São Sebastião;7016;6941;75;2;11;-9
26;2;1;Sarandi;59766;59651;115;-28;3;-31
26;2;1;Serraria;6248;6190;58;0;0;0
26;2;1;Sétimo Céu;1299;1242;57;6;6;0
26;2;1;Teresópolis;14802;14614;188;-9;0;-9
26;2;1;Três Figueiras;4056;3970;86;4;3;1
26;2;1;Tristeza;16677;16604;73;1;5;-4
26;2;1;Vila Assunção;4507;4363;144;-11;-6;-5
26;2;1;Vila Conceição;1364;1301;63;3;2;1
26;2;1;Vila Ipiranga;18649;18555;94;-7;4;-11
26;2;1;Vila Jardim;13175;13087;88;-5;2;-7
26;2;1;Vila João Pessoa;13037;12961;76;5;18;-13
26;2;1;Vila Nova;32603;32411;192;-25;-4;-21
26;2;1;Vila São José;26551;26452;99;-2;5;-7
27;3;1;Aberta dos Morros;7115;7072;43;0;-1;1
27;3;1;Agronomia;2341;2298;43;-2;-1;-1
27;3;1;Anchieta;2033;1980;53;3;3;0
27;3;1;Arquipélago;8343;8287;56;4;2;2
27;3;1;Auxiliadora;9607;9566;41;0;14;-14
27;3;1;Azenha;13804;13687;117;28;40;-12
27;3;1;Bela Vista;11695;11661;34;-4;16;-20
27;3;1;Belém Novo;10087;10067;20;0;1;-1
27;3;1;Belém Velho;10838;10786;52;8;7;1
27;3;1;Boa Vista;10012;9959;53;7;20;-13
27;3;1;Boa Vista do Sul;2283;2267;16;1;1;0
27;3;1;Bom Fim;11464;11447;17;22;27;-5
27;3;1;Bom Jesus;28672;28604;68;7;17;-10
27;3;1;Camaquã;17922;17870;52;4;20;-16
27;3;1;Campo Novo;8749;8700;49;1;3;-2
27;3;1;Cascata;13003;12952;51;6;16;-10
27;3;1;Cavalhada;29293;29225;68;12;18;-6
27;3;1;Centro;39291;39087;204;-24;0;-24
27;3;1;Chácara das Pedras;6634;6586;48;14;23;-9
27;3;1;Chapéu do Sol;2900;2867;33;3;3;0
27;3;1;Cidade Baixa;15285;15255;30;-18;9;-27
27;3;1;Coronel Aparício Borges;19256;19221;35;-9;22;-31
27;3;1;Costa e Silva;15845;15798;47;6;28;-22
27;3;1;Cristal;31940;31882;58;-18;9;-27
27;3;1;Cristo Redentor;16498;16350;148;25;32;-7
27;3;1;Espírito Santo;5572;5524;48;4;8;-4
27;3;1;Extrema;1975;1963;12;1;0;1
27;3;1;Farrapos;19017;18943;74;-4;0;-4
27;3;1;Farroupilha;943;835;108;21;28;-7
27;3;1;Floresta;11531;11486;45;3;15;-12
27;3;1;Glória;17123;16975;148;14;30;-16
27;3;1;Guarujá;4791;4739;52;-1;1;-2
27;3;1;Higienópolis;10689;10623;66;-1;10;-11
27;3;1;Hípica;18637;18587;50;-7;1;-8
27;3;1;Humaitá;11528;11458;70;1;3;-2
27;3;1;Independência;8137;7996;141;14;23;-9
27;3;1;Ipanema;13719;13656;63;3;7;-4
27;3;1;Jardim Botânico;12561;12430;131;8;25;-17
27;3;1;Jardim Carvalho;25522;25334;188;37;24;13
27;3;1;Jardim do Salso;4372;4323;49;-3;11;-14
27;3;1;Jardim Dona Leopoldina;18011;17968;43;2;26;-24
27;3;1;Jardim Europa;2257;2205;52;6;18;-12
27;3;1;Jardim Floresta;3296;3234;62;9;16;-7
27;3;1;Jardim Isabel;2801;2746;55;4;3;1
27;3;1;Jardim Itu;17820;17771;49;-18;12;-30
27;3;1;Jardim Lindóia;7397;7338;59;4;14;-10
27;3;1;Jardim Sabará;13516;13461;55;1;25;-24
27;3;1;Jardim São Pedro;3946;3886;60;7;13;-6
27;3;1;Lageado;4486;4450;36;3;3;0
27;3;1;Lami;4281;4258;23;-2;-1;-1
27;3;1;Lomba do Pinheiro;58166;58083;83;8;2;6
27;3;1;Mário Quintana;38142;38078;64;-7;15;-22
27;3;1;Medianeira;11149;11115;34;-9;10;-19
27;3;1;Menino Deus;31764;31562;202;11;16;-5
27;3;1;Moinhos de Vento;11990;11829;161;3;13;-10
27;3;1;MontSerrat;11173;11121;52;-11;9;-20
27;3;1;Morro Santana;19350;19281;69;-5;13;-18
27;3;1;Navegantes;4328;4259;69;1;5;-4
27;3;1;Nonoai;25123;25077;46;-21;16;-37
27;3;1;Parque Santa Fé;6372;6325;47;23;34;-11
27;3;1;Partenon;48166;48079;87;-5;13;-18
27;3;1;Passo DAreia;21960;21880;80;-8;17;-25
27;3;1;Passo das Pedras;15896;15841;55;-4;19;-23
27;3;1;Pedra Redonda;235;189;46;-2;2;-4
27;3;1;Petrópolis;37475;37392;83;-11;10;-21
27;3;1;Pitinga;4378;4335;43;3;1;2
27;3;1;Ponta Grossa;8732;8685;47;-1;-1;0
27;3;1;Praia de Belas;2254;2205;49;7;16;-9
27;3;1;Restinga;53636;53480;156;-6;0;-6
27;3;1;Rio Branco;17580;17392;188;6;16;-10
27;3;1;Rubem Berta;33159;33113;46;-23;11;-34
27;3;1;Santa Cecília;5797;5648;149;2;25;-23
27;3;1;Santa Maria Goretti;3503;3433;70;4;12;-8
27;3;1;Santa Rosa de Lima;35365;35298;67;-22;4;-26
27;3;1;Santa Tereza;39571;39501;70;-11;15;-26
27;3;1;Santana;20800;20601;199;-7;16;-23
27;3;1;Santo Antônio;13096;13056;40;-14;15;-29
27;3;1;São Caetano;768;733;35;3;3;0
27;3;1;São Geraldo;8677;8605;72;-3;10;-13
27;3;1;São João;12238;12151;87;-3;6;-9
27;3;1;São Sebastião;7013;6952;61;-3;11;-14
27;3;1;Sarandi;59755;59661;94;-11;10;-21
27;3;1;Serraria;6248;6190;58;0;0;0
27;3;1;Sétimo Céu;1306;1251;55;7;9;-2
27;3;1;Teresópolis;14795;14624;171;-7;10;-17
27;3;1;Três Figueiras;4053;3977;76;-3;7;-10
27;3;1;Tristeza;16670;16613;57;-7;9;-16
27;3;1;Vila Assunção;4509;4372;137;2;9;-7
27;3;1;Vila Conceição;1363;1299;64;-1;-2;1
27;3;1;Vila Ipiranga;18633;18571;62;-16;16;-32
27;3;1;Vila Jardim;13174;13105;69;-1;18;-19
27;3;1;Vila João Pessoa;13025;12968;57;-12;7;-19
27;3;1;Vila Nova;32596;32416;180;-7;5;-12
27;3;1;Vila São José;26530;26461;69;-21;9;-30
28;4;1;Aberta dos Morros;6818;6455;363;-297;-617;320
28;4;1;Agronomia;1744;1679;65;-597;-619;22
28;4;1;Anchieta;1400;1368;32;-633;-612;-21
28;4;1;Arquipélago;8156;7673;483;-187;-614;427
28;4;1;Auxiliadora;9171;8637;534;-436;-929;493
28;4;1;Azenha;13455;12664;791;-349;-1023;674
28;4;1;Bela Vista;11309;10624;685;-386;-1037;651
28;4;1;Belém Novo;10042;9567;475;-45;-500;455
28;4;1;Belém Velho;10706;10073;633;-132;-713;581
28;4;1;Boa Vista;9553;8985;568;-459;-974;515
28;4;1;Boa Vista do Sul;1816;1776;40;-467;-491;24
28;4;1;Bom Fim;10996;10372;624;-468;-1075;607
28;4;1;Bom Jesus;29342;27560;1782;670;-1044;1714
28;4;1;Camaquã;17979;16981;998;57;-889;946
28;4;1;Campo Novo;8433;7986;447;-316;-714;398
28;4;1;Cascata;12861;12133;728;-142;-819;677
28;4;1;Cavalhada;30031;28330;1701;738;-895;1633
28;4;1;Centro;40525;38245;2280;1234;-842;2076
28;4;1;Chácara das Pedras;5843;5536;307;-791;-1050;259
28;4;1;Chapéu do Sol;2323;2270;53;-577;-597;20
28;4;1;Cidade Baixa;15119;14231;888;-166;-1024;858
28;4;1;Coronel Aparício Borges;19344;18193;1151;88;-1028;1116
28;4;1;Costa e Silva;15650;14801;849;-195;-997;802
28;4;1;Cristal;32928;31069;1859;988;-813;1801
28;4;1;Cristo Redentor;16253;15300;953;-245;-1050;805
28;4;1;Espírito Santo;5055;4805;250;-517;-719;202
28;4;1;Extrema;1577;1544;33;-398;-419;21
28;4;1;Farrapos;19322;18261;1061;305;-682;987
28;4;1;Farroupilha;441;441;0;-502;-394;-108
28;4;1;Floresta;11225;10543;682;-306;-943;637
28;4;1;Glória;16958;15958;1000;-165;-1017;852
28;4;1;Guarujá;4268;4070;198;-523;-669;146
28;4;1;Higienópolis;10266;9639;627;-423;-984;561
28;4;1;Hípica;18938;17938;1000;301;-649;950
28;4;1;Humaitá;11409;10768;641;-119;-690;571
28;4;1;Independência;7388;6938;450;-749;-1058;309
28;4;1;Ipanema;13688;12940;748;-31;-716;685
28;4;1;Jardim Botânico;12044;11296;748;-517;-1134;617
28;4;1;Jardim Carvalho;25976;24391;1585;454;-943;1397
28;4;1;Jardim do Salso;3471;3291;180;-901;-1032;131
28;4;1;Jardim Dona Leopoldina;17924;16896;1028;-87;-1072;985
28;4;1;Jardim Europa;1309;1285;24;-948;-920;-28
28;4;1;Jardim Floresta;2486;2390;96;-810;-844;34
28;4;1;Jardim Isabel;2059;2025;34;-742;-721;-21
28;4;1;Jardim Itu;17872;16793;1079;52;-978;1030
28;4;1;Jardim Lindóia;6807;6411;396;-590;-927;337
28;4;1;Jardim Sabará;13303;12491;812;-213;-970;757
28;4;1;Jardim São Pedro;3167;2988;179;-779;-898;119
28;4;1;Lageado;4047;3854;193;-439;-596;157
28;4;1;Lami;3988;3783;205;-293;-475;182
28;4;1;Lomba do Pinheiro;60694;57417;3277;2528;-666;3194
28;4;1;Mário Quintana;39439;37259;2180;1297;-819;2116
28;4;1;Medianeira;10760;10112;648;-389;-1003;614
28;4;1;Menino Deus;32654;30629;2025;890;-933;1823
28;4;1;Moinhos de Vento;11565;10826;739;-425;-1003;578
28;4;1;MontSerrat;10773;10106;667;-400;-1015;615
28;4;1;Morro Santana;19613;18473;1140;263;-808;1071
28;4;1;Navegantes;3673;3475;198;-655;-784;129
28;4;1;Nonoai;25649;24169;1480;526;-908;1434
28;4;1;Parque Santa Fé;5678;5367;311;-694;-958;264
28;4;1;Partenon;49919;47078;2841;1753;-1001;2754
28;4;1;Passo DAreia;22298;20955;1343;338;-925;1263
28;4;1;Passo das Pedras;15842;14917;925;-54;-924;870
28;4;1;Pedra Redonda;155;129;26;-80;-60;-20
28;4;1;Petrópolis;38771;36406;2365;1296;-986;2282
28;4;1;Pitinga;3962;3754;208;-416;-581;165
28;4;1;Ponta Grossa;8607;8166;441;-125;-519;394
28;4;1;Praia de Belas;1523;1404;119;-731;-801;70
28;4;1;Restinga;55911;52974;2937;2275;-506;2781
28;4;1;Rio Branco;17505;16377;1128;-75;-1015;940
28;4;1;Rubem Berta;34199;32281;1918;1040;-832;1872
28;4;1;Santa Cecília;4893;4576;317;-904;-1072;168
28;4;1;Santa Maria Goretti;2823;2595;228;-680;-838;158
28;4;1;Santa Rosa de Lima;36630;34594;2036;1265;-704;1969
28;4;1;Santa Tereza;41022;38643;2379;1451;-858;2309
28;4;1;Santana;21042;19641;1401;242;-960;1202
28;4;1;Santo Antônio;13009;12117;892;-87;-939;852
28;4;1;São Caetano;606;415;191;-162;-318;156
28;4;1;São Geraldo;8413;7819;594;-264;-786;522
28;4;1;São João;12243;11368;875;5;-783;788
28;4;1;São Sebastião;6499;6072;427;-514;-880;366
28;4;1;Sarandi;62632;58983;3649;2877;-678;3555
28;4;1;Serraria;6093;5716;377;-155;-474;319
28;4;1;Sétimo Céu;757;663;94;-549;-588;39
28;4;1;Teresópolis;14802;13738;1064;7;-886;893
28;4;1;Três Figueiras;3428;3039;389;-625;-938;313
28;4;1;Tristeza;16908;15897;1011;238;-716;954
28;4;1;Vila Assunção;4077;3713;364;-432;-659;227
28;4;1;Vila Conceição;936;764;172;-427;-535;108
28;4;1;Vila Ipiranga;19011;17705;1306;378;-866;1244
28;4;1;Vila Jardim;13217;12226;991;43;-879;922
28;4;1;Vila João Pessoa;12905;12018;887;-120;-950;830
28;4;1;Vila Nova;33901;31863;2038;1305;-553;1858
28;4;1;Vila São José;27529;25773;1756;999;-688;1687
29;5;1;Aberta dos Morros;6817;6450;367;-1;-5;4
29;5;1;Agronomia;1739;1676;63;-5;-3;-2
29;5;1;Anchieta;1394;1364;30;-6;-4;-2
29;5;1;Arquipélago;8166;7669;497;10;-4;14
29;5;1;Auxiliadora;9163;8630;533;-8;-7;-1
29;5;1;Azenha;13430;12634;796;-25;-30;5
29;5;1;Bela Vista;11300;10615;685;-9;-9;0
29;5;1;Belém Novo;10051;9568;483;9;1;8
29;5;1;Belém Velho;10703;10061;642;-3;-12;9
29;5;1;Boa Vista;9554;8979;575;1;-6;7
29;5;1;Boa Vista do Sul;1815;1777;38;-1;1;-2
29;5;1;Bom Fim;10969;10358;611;-27;-14;-13
29;5;1;Bom Jesus;29370;27533;1837;28;-27;55
29;5;1;Camaquã;17979;16962;1017;0;-19;19
29;5;1;Campo Novo;8428;7972;456;-5;-14;9
29;5;1;Cascata;12875;12120;755;14;-13;27
29;5;1;Cavalhada;30078;28318;1760;47;-12;59
29;5;1;Centro;40586;38237;2349;61;-8;69
29;5;1;Chácara das Pedras;5825;5525;300;-18;-11;-7
29;5;1;Chapéu do Sol;2313;2266;47;-10;-4;-6
29;5;1;Cidade Baixa;15128;14215;913;9;-16;25
29;5;1;Coronel Aparício Borges;19350;18171;1179;6;-22;28
29;5;1;Costa e Silva;15642;14774;868;-8;-27;19
29;5;1;Cristal;32975;31055;1920;47;-14;61
29;5;1;Cristo Redentor;16245;15278;967;-8;-22;14
29;5;1;Espírito Santo;5050;4804;246;-5;-1;-4
29;5;1;Extrema;1580;1545;35;3;1;2
29;5;1;Farrapos;19343;18256;1087;21;-5;26
29;5;1;Farroupilha;437;437;0;-4;-4;0
29;5;1;Floresta;11222;10529;693;-3;-14;11
29;5;1;Glória;16968;15925;1043;10;-33;43
29;5;1;Guarujá;4273;4071;202;5;1;4
29;5;1;Higienópolis;10273;9630;643;7;-9;16
29;5;1;Hípica;18944;17921;1023;6;-17;23
29;5;1;Humaitá;11419;10761;658;10;-7;17
29;5;1;Independência;7381;6939;442;-7;1;-8
29;5;1;Ipanema;13699;12934;765;11;-6;17
29;5;1;Jardim Botânico;12040;11274;766;-4;-22;18
29;5;1;Jardim Carvalho;26010;24369;1641;34;-22;56
29;5;1;Jardim do Salso;3458;3285;173;-13;-6;-7
29;5;1;Jardim Dona Leopoldina;17921;16865;1056;-3;-31;28
29;5;1;Jardim Europa;1279;1272;7;-30;-13;-17
29;5;1;Jardim Floresta;2477;2387;90;-9;-3;-6
29;5;1;Jardim Isabel;2048;2021;27;-11;-4;-7
29;5;1;Jardim Itu;17877;16765;1112;5;-28;33
29;5;1;Jardim Lindóia;6816;6415;401;9;4;5
29;5;1;Jardim Sabará;13303;12476;827;0;-15;15
29;5;1;Jardim São Pedro;3166;2987;179;-1;-1;0
29;5;1;Lageado;4041;3851;190;-6;-3;-3
29;5;1;Lami;3989;3784;205;1;1;0
29;5;1;Lomba do Pinheiro;60762;57414;3348;68;-3;71
29;5;1;Mário Quintana;39486;37244;2242;47;-15;62
29;5;1;Medianeira;10749;10084;665;-11;-28;17
29;5;1;Menino Deus;32680;30598;2082;26;-31;57
29;5;1;Moinhos de Vento;11545;10798;747;-20;-28;8
29;5;1;MontSerrat;10776;10086;690;3;-20;23
29;5;1;Morro Santana;19632;18456;1176;19;-17;36
29;5;1;Navegantes;3669;3473;196;-4;-2;-2
29;5;1;Nonoai;25671;24150;1521;22;-19;41
29;5;1;Parque Santa Fé;5662;5344;318;-16;-23;7
29;5;1;Partenon;49993;47054;2939;74;-24;98
29;5;1;Passo DAreia;22321;20938;1383;23;-17;40
29;5;1;Passo das Pedras;15848;14897;951;6;-20;26
29;5;1;Pedra Redonda;141;123;18;-14;-6;-8
29;5;1;Petrópolis;38834;36392;2442;63;-14;77
29;5;1;Pitinga;3948;3745;203;-14;-9;-5
29;5;1;Ponta Grossa;8587;8148;439;-20;-18;-2
29;5;1;Praia de Belas;1484;1397;87;-39;-7;-32
29;5;1;Restinga;55942;52966;2976;31;-8;39
29;5;1;Rio Branco;17493;16338;1155;-12;-39;27
29;5;1;Rubem Berta;34204;32258;1946;5;-23;28
29;5;1;Santa Cecília;4876;4577;299;-17;1;-18
29;5;1;Santa Maria Goretti;2814;2596;218;-9;1;-10
29;5;1;Santa Rosa de Lima;36640;34581;2059;10;-13;23
29;5;1;Santa Tereza;41037;38628;2409;15;-15;30
29;5;1;Santana;21027;19606;1421;-15;-35;20
29;5;1;Santo Antônio;12973;12086;887;-36;-31;-5
29;5;1;São Caetano;600;412;188;-6;-3;-3
29;5;1;São Geraldo;8404;7804;600;-9;-15;6
29;5;1;São João;12231;11347;884;-12;-21;9
29;5;1;São Sebastião;6485;6064;421;-14;-8;-6
29;5;1;Sarandi;62627;58962;3665;-5;-21;16
29;5;1;Serraria;6089;5705;384;-4;-11;7
29;5;1;Sétimo Céu;748;662;86;-9;-1;-8
29;5;1;Teresópolis;14766;13709;1057;-36;-29;-7
29;5;1;Três Figueiras;3393;3020;373;-35;-19;-16
29;5;1;Tristeza;16910;15886;1024;2;-11;13
29;5;1;Vila Assunção;4047;3704;343;-30;-9;-21
29;5;1;Vila Conceição;925;756;169;-11;-8;-3
29;5;1;Vila Ipiranga;18979;17661;1318;-32;-44;12
29;5;1;Vila Jardim;13173;12173;1000;-44;-53;9
29;5;1;Vila João Pessoa;12880;11984;896;-25;-34;9
29;5;1;Vila Nova;33890;31842;2048;-11;-21;10
29;5;1;Vila São José;27501;25731;1770;-28;-42;14
30;6;1;Aberta dos Morros;6643;5886;757;-174;-564;390
30;6;1;Agronomia;1346;1167;179;-393;-509;116
30;6;1;Anchieta;1124;1006;118;-270;-358;88
30;6;1;Arquipélago;8079;7108;971;-87;-561;474
30;6;1;Auxiliadora;8816;7702;1114;-347;-928;581
30;6;1;Azenha;13216;11606;1610;-214;-1028;814
30;6;1;Bela Vista;10980;9588;1392;-320;-1027;707
30;6;1;Belém Novo;10134;9164;970;83;-404;487
30;6;1;Belém Velho;10616;9403;1213;-87;-658;571
30;6;1;Boa Vista;9178;8020;1158;-376;-959;583
30;6;1;Boa Vista do Sul;1495;1412;83;-320;-365;45
30;6;1;Bom Fim;10610;9330;1280;-359;-1028;669
30;6;1;Bom Jesus;30058;26576;3482;688;-957;1645
30;6;1;Camaquã;18098;16134;1964;119;-828;947
30;6;1;Campo Novo;8204;7326;878;-224;-646;422
30;6;1;Cascata;12814;11359;1455;-61;-761;700
30;6;1;Cavalhada;30729;27446;3283;651;-872;1523
30;6;1;Centro;41737;37403;4334;1151;-834;1985
30;6;1;Chácara das Pedras;5168;4523;645;-657;-1002;345
30;6;1;Chapéu do Sol;1883;1752;131;-430;-514;84
30;6;1;Cidade Baixa;15052;13257;1795;-76;-958;882
30;6;1;Coronel Aparício Borges;19454;17193;2261;104;-978;1082
30;6;1;Costa e Silva;15569;13836;1733;-73;-938;865
30;6;1;Cristal;33872;30261;3611;897;-794;1691
30;6;1;Cristo Redentor;16213;14307;1906;-32;-971;939
30;6;1;Espírito Santo;4668;4173;495;-382;-631;249
30;6;1;Extrema;1224;1179;45;-356;-366;10
30;6;1;Farrapos;19748;17639;2109;405;-617;1022
30;6;1;Farroupilha;444;444;0;7;7;0
30;6;1;Floresta;10940;9649;1291;-282;-880;598
30;6;1;Glória;16952;14981;1971;-16;-944;928
30;6;1;Guarujá;3873;3504;369;-400;-567;167
30;6;1;Higienópolis;9919;8708;1211;-354;-922;568
30;6;1;Hípica;19287;17338;1949;343;-583;926
30;6;1;Humaitá;11335;10106;1229;-84;-655;571
30;6;1;Independência;6772;5943;829;-609;-996;387
30;6;1;Ipanema;13701;12246;1455;2;-688;690
30;6;1;Jardim Botânico;11646;10225;1421;-394;-1049;655
30;6;1;Jardim Carvalho;26466;23441;3025;456;-928;1384
30;6;1;Jardim do Salso;2631;2268;363;-827;-1017;190
30;6;1;Jardim Dona Leopoldina;17863;15831;2032;-58;-1034;976
30;6;1;Jardim Europa;1209;1121;88;-70;-151;81
30;6;1;Jardim Floresta;1871;1654;217;-606;-733;127
30;6;1;Jardim Isabel;1530;1435;95;-518;-586;68
30;6;1;Jardim Itu;17882;15782;2100;5;-983;988
30;6;1;Jardim Lindóia;6302;5539;763;-514;-876;362
30;6;1;Jardim Sabará;13059;11506;1553;-244;-970;726
30;6;1;Jardim São Pedro;2442;2103;339;-724;-884;160
30;6;1;Lageado;3678;3360;318;-363;-491;128
30;6;1;Lami;3683;3386;297;-306;-398;92
30;6;1;Lomba do Pinheiro;62941;56730;6211;2179;-684;2863
30;6;1;Mário Quintana;40736;36404;4332;1250;-840;2090
30;6;1;Medianeira;10381;9119;1262;-368;-965;597
30;6;1;Menino Deus;33453;29630;3823;773;-968;1741
30;6;1;Moinhos de Vento;11252;9876;1376;-293;-922;629
30;6;1;MontSerrat;10380;9086;1294;-396;-1000;604
30;6;1;Morro Santana;19859;17617;2242;227;-839;1066
30;6;1;Navegantes;3100;2728;372;-569;-745;176
30;6;1;Nonoai;26134;23240;2894;463;-910;1373
30;6;1;Parque Santa Fé;4991;4398;593;-671;-946;275
30;6;1;Partenon;51590;45998;5592;1597;-1056;2653
30;6;1;Passo DAreia;22662;19999;2663;341;-939;1280
30;6;1;Passo das Pedras;15745;13914;1831;-103;-983;880
30;6;1;Pedra Redonda;124;124;0;-17;1;-18
30;6;1;Petrópolis;40010;35364;4646;1176;-1028;2204
30;6;1;Pitinga;3547;3205;342;-401;-540;139
30;6;1;Ponta Grossa;8409;7608;801;-178;-540;362
30;6;1;Praia de Belas;1251;1125;126;-233;-272;39
30;6;1;Restinga;57518;52197;5321;1576;-769;2345
30;6;1;Rio Branco;17433;15305;2128;-60;-1033;973
30;6;1;Rubem Berta;35012;31350;3662;808;-908;1716
30;6;1;Santa Cecília;4104;3577;527;-772;-1000;228
30;6;1;Santa Maria Goretti;2090;1800;290;-724;-796;72
30;6;1;Santa Rosa de Lima;37657;33827;3830;1017;-754;1771
30;6;1;Santa Tereza;42289;37715;4574;1252;-913;2165
30;6;1;Santana;21080;18536;2544;53;-1070;1123
30;6;1;Santo Antônio;12643;11076;1567;-330;-1010;680
30;6;1;São Caetano;529;374;155;-71;-38;-33
30;6;1;São Geraldo;8003;6992;1011;-401;-812;411
30;6;1;São João;11984;10505;1479;-247;-842;595
30;6;1;São Sebastião;5899;5175;724;-586;-889;303
30;6;1;Sarandi;64709;58111;6598;2082;-851;2933
30;6;1;Serraria;5681;5089;592;-408;-616;208
30;6;1;Sétimo Céu;715;654;61;-33;-8;-25
30;6;1;Teresópolis;14455;12706;1749;-311;-1003;692
30;6;1;Três Figueiras;2548;2105;443;-845;-915;70
30;6;1;Tristeza;16977;15162;1815;67;-724;791
30;6;1;Vila Assunção;3368;2965;403;-679;-739;60
30;6;1;Vila Conceição;832;668;164;-93;-88;-5
30;6;1;Vila Ipiranga;18990;16678;2312;11;-983;994
30;6;1;Vila Jardim;12815;11183;1632;-358;-990;632
30;6;1;Vila João Pessoa;12530;10958;1572;-350;-1026;676
30;6;1;Vila Nova;34730;31076;3654;840;-766;1606
30;6;1;Vila São José;27982;24842;3140;481;-889;1370
31;7;1;Aberta dos Morros;6248;4891;1357;-395;-995;600
31;7;1;Agronomia;1248;910;338;-98;-257;159
31;7;1;Anchieta;1032;778;254;-92;-228;136
31;7;1;Arquipélago;7644;5935;1709;-435;-1173;738
31;7;1;Auxiliadora;8224;6149;2075;-592;-1553;961
31;7;1;Azenha;12531;9397;3134;-685;-2209;1524
31;7;1;Bela Vista;10292;7699;2593;-688;-1889;1201
31;7;1;Belém Novo;10059;8414;1645;-75;-750;675
31;7;1;Belém Velho;10066;7902;2164;-550;-1501;951
31;7;1;Boa Vista;8563;6369;2194;-615;-1651;1036
31;7;1;Boa Vista do Sul;1426;1238;188;-69;-174;105
31;7;1;Bom Fim;9877;7442;2435;-733;-1888;1155
31;7;1;Bom Jesus;30676;24175;6501;618;-2401;3019
31;7;1;Camaquã;17947;14217;3730;-151;-1917;1766
31;7;1;Campo Novo;7724;6104;1620;-480;-1222;742
31;7;1;Cascata;12201;9537;2664;-613;-1822;1209
31;7;1;Cavalhada;31709;25541;6168;980;-1905;2885
31;7;1;Centro;44052;35613;8439;2315;-1790;4105
31;7;1;Chácara das Pedras;4814;3553;1261;-354;-970;616
31;7;1;Chapéu do Sol;1785;1469;316;-98;-283;185
31;7;1;Cidade Baixa;14327;11088;3239;-725;-2169;1444
31;7;1;Coronel Aparício Borges;19041;14805;4236;-413;-2388;1975
31;7;1;Costa e Silva;14865;11589;3276;-704;-2247;1543
31;7;1;Cristal;35180;28556;6624;1308;-1705;3013
31;7;1;Cristo Redentor;15752;11982;3770;-461;-2325;1864
31;7;1;Espírito Santo;4420;3473;947;-248;-700;452
31;7;1;Extrema;1191;1055;136;-33;-124;91
31;7;1;Farrapos;20029;16229;3800;281;-1410;1691
31;7;1;Farroupilha;322;222;100;-122;-222;100
31;7;1;Floresta;10306;7922;2384;-634;-1727;1093
31;7;1;Glória;16454;12772;3682;-498;-2209;1711
31;7;1;Guarujá;3664;2927;737;-209;-577;368
31;7;1;Higienópolis;9313;7011;2302;-606;-1697;1091
31;7;1;Hípica;19548;16111;3437;261;-1227;1488
31;7;1;Humaitá;10868;8640;2228;-467;-1466;999
31;7;1;Independência;6538;4696;1842;-234;-1247;1013
31;7;1;Ipanema;13490;10856;2634;-211;-1390;1179
31;7;1;Jardim Botânico;11068;8251;2817;-578;-1974;1396
31;7;1;Jardim Carvalho;26832;21356;5476;366;-2085;2451
31;7;1;Jardim do Salso;2447;1551;896;-184;-717;533
31;7;1;Jardim Dona Leopoldina;17095;13382;3713;-768;-2449;1681
31;7;1;Jardim Europa;1218;666;552;9;-455;464
31;7;1;Jardim Floresta;1691;1113;578;-180;-541;361
31;7;1;Jardim Isabel;1451;1005;446;-79;-430;351
31;7;1;Jardim Itu;17201;13427;3774;-681;-2355;1674
31;7;1;Jardim Lindóia;6092;4449;1643;-210;-1090;880
31;7;1;Jardim Sabará;12255;9443;2812;-804;-2063;1259
31;7;1;Jardim São Pedro;2226;1428;798;-216;-675;459
31;7;1;Lageado;3469;2897;572;-209;-463;254
31;7;1;Lami;3521;3025;496;-162;-361;199
31;7;1;Lomba do Pinheiro;66397;55445;10952;3456;-1285;4741
31;7;1;Mário Quintana;42513;34548;7965;1777;-1856;3633
31;7;1;Medianeira;9734;7383;2351;-647;-1736;1089
31;7;1;Menino Deus;34323;27458;6865;870;-2172;3042
31;7;1;Moinhos de Vento;10761;7970;2791;-491;-1906;1415
31;7;1;MontSerrat;9735;7356;2379;-645;-1730;1085
31;7;1;Morro Santana;19680;15681;3999;-179;-1936;1757
31;7;1;Navegantes;3149;2007;1142;49;-721;770
31;7;1;Nonoai;26492;21211;5281;358;-2029;2387
31;7;1;Parque Santa Fé;4648;3284;1364;-343;-1114;771
31;7;1;Partenon;54124;43604;10520;2534;-2394;4928
31;7;1;Passo DAreia;22706;17764;4942;44;-2235;2279
31;7;1;Passo das Pedras;15017;11674;3343;-728;-2240;1512
31;7;1;Pedra Redonda;86;58;28;-38;-66;28
31;7;1;Petrópolis;41344;32993;8351;1334;-2371;3705
31;7;1;Pitinga;3353;2601;752;-194;-604;410
31;7;1;Ponta Grossa;8027;6680;1347;-382;-928;546
31;7;1;Praia de Belas;1348;722;626;97;-403;500
31;7;1;Restinga;60067;51101;8966;2549;-1096;3645
31;7;1;Rio Branco;16785;12903;3882;-648;-2402;1754
31;7;1;Rubem Berta;36065;29333;6732;1053;-2017;3070
31;7;1;Santa Cecília;3844;2568;1276;-260;-1009;749
31;7;1;Santa Maria Goretti;1968;1240;728;-122;-560;438
31;7;1;Santa Rosa de Lima;38824;32215;6609;1167;-1612;2779
31;7;1;Santa Tereza;44083;35757;8326;1794;-1958;3752
31;7;1;Santana;20751;16139;4612;-329;-2397;2068
31;7;1;Santo Antônio;11925;9132;2793;-718;-1944;1226
31;7;1;São Caetano;495;253;242;-34;-121;87
31;7;1;São Geraldo;7539;5432;2107;-464;-1560;1096
31;7;1;São João;11548;8821;2727;-436;-1684;1248
31;7;1;São Sebastião;5729;3900;1829;-170;-1275;1105
31;7;1;Sarandi;67585;56284;11301;2876;-1827;4703
31;7;1;Serraria;5398;4189;1209;-283;-900;617
31;7;1;Sétimo Céu;600;407;193;-115;-247;132
31;7;1;Teresópolis;13641;10634;3007;-814;-2072;1258
31;7;1;Três Figueiras;2579;1420;1159;31;-685;716
31;7;1;Tristeza;16655;13628;3027;-322;-1534;1212
31;7;1;Vila Assunção;3210;2236;974;-158;-729;571
31;7;1;Vila Conceição;733;420;313;-99;-248;149
31;7;1;Vila Ipiranga;18279;14359;3920;-711;-2319;1608
31;7;1;Vila Jardim;12077;9005;3072;-738;-2178;1440
31;7;1;Vila João Pessoa;11799;8804;2995;-731;-2154;1423
31;7;1;Vila Nova;35602;29490;6112;872;-1586;2458
31;7;1;Vila São José;28141;22695;5446;159;-2147;2306
32;8;1;Aberta dos Morros;6268;5079;1189;20;188;-168
32;8;1;Agronomia;1288;1089;199;40;179;-139
32;8;1;Anchieta;1070;902;168;38;124;-86
32;8;1;Arquipélago;7783;6158;1625;139;223;-84
32;8;1;Auxiliadora;8203;6382;1821;-21;233;-254
32;8;1;Azenha;12346;9720;2626;-185;323;-508
32;8;1;Bela Vista;10304;7981;2323;12;282;-270
32;8;1;Belém Novo;10103;8436;1667;44;22;22
32;8;1;Belém Velho;10161;8045;2116;95;143;-48
32;8;1;Boa Vista;8574;6645;1929;11;276;-265
32;8;1;Boa Vista do Sul;1435;1298;137;9;60;-51
32;8;1;Bom Fim;9939;7791;2148;62;349;-287
32;8;1;Bom Jesus;30871;24360;6511;195;185;10
32;8;1;Camaquã;18048;14379;3669;101;162;-61
32;8;1;Campo Novo;7724;6202;1522;0;98;-98
32;8;1;Cascata;12271;9658;2613;70;121;-51
32;8;1;Cavalhada;31653;25665;5988;-56;124;-180
32;8;1;Centro;44267;35866;8401;215;253;-38
32;8;1;Chácara das Pedras;4812;3821;991;-2;268;-270
32;8;1;Chapéu do Sol;1775;1565;210;-10;96;-106
32;8;1;Cidade Baixa;14502;11400;3102;175;312;-137
32;8;1;Coronel Aparício Borges;19162;14972;4190;121;167;-46
32;8;1;Costa e Silva;14974;11775;3199;109;186;-77
32;8;1;Cristal;35304;28667;6637;124;111;13
32;8;1;Cristo Redentor;15662;12276;3386;-90;294;-384
32;8;1;Espírito Santo;4295;3581;714;-125;108;-233
32;8;1;Extrema;1307;1166;141;116;111;5
32;8;1;Farrapos;20261;16443;3818;232;214;18
32;8;1;Farroupilha;198;168;30;-124;-54;-70
32;8;1;Floresta;10382;8152;2230;76;230;-154
32;8;1;Glória;16489;12997;3492;35;225;-190
32;8;1;Guarujá;3563;3007;556;-101;80;-181
32;8;1;Higienópolis;9326;7230;2096;13;219;-206
32;8;1;Hípica;19547;16163;3384;-1;52;-53
32;8;1;Humaitá;11012;8821;2191;144;181;-37
32;8;1;Independência;6273;4959;1314;-265;263;-528
32;8;1;Ipanema;13482;10912;2570;-8;56;-64
32;8;1;Jardim Botânico;10800;8439;2361;-268;188;-456
32;8;1;Jardim Carvalho;26978;21560;5418;146;204;-58
32;8;1;Jardim do Salso;2460;1845;615;13;294;-281
32;8;1;Jardim Dona Leopoldina;17134;13552;3582;39;170;-131
32;8;1;Jardim Europa;865;628;237;-353;-38;-315
32;8;1;Jardim Floresta;1680;1253;427;-11;140;-151
32;8;1;Jardim Isabel;1490;1158;332;39;153;-114
32;8;1;Jardim Itu;17265;13612;3653;64;185;-121
32;8;1;Jardim Lindóia;5775;4606;1169;-317;157;-474
32;8;1;Jardim Sabará;12271;9576;2695;16;133;-117
32;8;1;Jardim São Pedro;2261;1691;570;35;263;-228
32;8;1;Lageado;3387;2946;441;-82;49;-131
32;8;1;Lami;3415;3056;359;-106;31;-137
32;8;1;Lomba do Pinheiro;66158;55397;10761;-239;-48;-191
32;8;1;Mário Quintana;42535;34620;7915;22;72;-50
32;8;1;Medianeira;9681;7565;2116;-53;182;-235
32;8;1;Menino Deus;34428;27688;6740;105;230;-125
32;8;1;Moinhos de Vento;10459;8129;2330;-302;159;-461
32;8;1;MontSerrat;9688;7546;2142;-47;190;-237
32;8;1;Morro Santana;19803;15834;3969;123;153;-30
32;8;1;Navegantes;2904;2204;700;-245;197;-442
32;8;1;Nonoai;26526;21314;5212;34;103;-69
32;8;1;Parque Santa Fé;4565;3503;1062;-83;219;-302
32;8;1;Partenon;54224;43712;10512;100;108;-8
32;8;1;Passo DAreia;22777;17906;4871;71;142;-71
32;8;1;Passo das Pedras;15007;11797;3210;-10;123;-133
32;8;1;Pedra Redonda;55;32;23;-31;-26;-5
32;8;1;Petrópolis;41345;33088;8257;1;95;-94
32;8;1;Pitinga;3307;2702;605;-46;101;-147
32;8;1;Ponta Grossa;7979;6693;1286;-48;13;-61
32;8;1;Praia de Belas;1061;736;325;-287;14;-301
32;8;1;Restinga;60292;51143;9149;225;42;183
32;8;1;Rio Branco;16715;13055;3660;-70;152;-222
32;8;1;Rubem Berta;35990;29400;6590;-75;67;-142
32;8;1;Santa Cecília;3794;2861;933;-50;293;-343
32;8;1;Santa Maria Goretti;2050;1473;577;82;233;-151
32;8;1;Santa Rosa de Lima;38911;32296;6615;87;81;6
32;8;1;Santa Tereza;44056;35866;8190;-27;109;-136
32;8;1;Santana;20728;16320;4408;-23;181;-204
32;8;1;Santo Antônio;11900;9315;2585;-25;183;-208
32;8;1;São Caetano;592;265;327;97;12;85
32;8;1;São Geraldo;7562;5571;1991;23;139;-116
32;8;1;São João;11401;8874;2527;-147;53;-200
32;8;1;São Sebastião;5367;4022;1345;-362;122;-484
32;8;1;Sarandi;67755;56249;11506;170;-35;205
32;8;1;Serraria;5364;4228;1136;-34;39;-73
32;8;1;Sétimo Céu;589;374;215;-11;-33;22
32;8;1;Teresópolis;13659;10737;2922;18;103;-85
32;8;1;Três Figueiras;2508;1709;799;-71;289;-360
32;8;1;Tristeza;16658;13660;2998;3;32;-29
32;8;1;Vila Assunção;3284;2411;873;74;175;-101
32;8;1;Vila Conceição;871;437;434;138;17;121
32;8;1;Vila Ipiranga;18290;14441;3849;11;82;-71
32;8;1;Vila Jardim;12216;9141;3075;139;136;3
32;8;1;Vila João Pessoa;11794;8894;2900;-5;90;-95
32;8;1;Vila Nova;35692;29446;6246;90;-44;134
32;8;1;Vila São José;28396;22774;5622;255;79;176
33;9;1;Aberta dos Morros;6238;5055;1183;-30;-24;-6
33;9;1;Agronomia;1258;1078;180;-30;-11;-19
33;9;1;Anchieta;1078;903;175;8;1;7
33;9;1;Arquipélago;7776;6126;1650;-7;-32;25
33;9;1;Auxiliadora;8150;6343;1807;-53;-39;-14
33;9;1;Azenha;12281;9620;2661;-65;-100;35
33;9;1;Bela Vista;10239;7946;2293;-65;-35;-30
33;9;1;Belém Novo;10097;8442;1655;-6;6;-12
33;9;1;Belém Velho;10189;8053;2136;28;8;20
33;9;1;Boa Vista;8519;6602;1917;-55;-43;-12
33;9;1;Boa Vista do Sul;1449;1302;147;14;4;10
33;9;1;Bom Fim;9843;7712;2131;-96;-79;-17
33;9;1;Bom Jesus;30959;24265;6694;88;-95;183
33;9;1;Camaquã;18076;14352;3724;28;-27;55
33;9;1;Campo Novo;7710;6185;1525;-14;-17;3
33;9;1;Cascata;12310;9632;2678;39;-26;65
33;9;1;Cavalhada;31681;25616;6065;28;-49;77
33;9;1;Centro;44500;35814;8686;233;-52;285
33;9;1;Chácara das Pedras;4755;3789;966;-57;-32;-25
33;9;1;Chapéu do Sol;1749;1545;204;-26;-20;-6
33;9;1;Cidade Baixa;14468;11315;3153;-34;-85;51
33;9;1;Coronel Aparício Borges;19226;14915;4311;64;-57;121
33;9;1;Costa e Silva;14972;11685;3287;-2;-90;88
33;9;1;Cristal;35351;28616;6735;47;-51;98
33;9;1;Cristo Redentor;15785;12291;3494;123;15;108
33;9;1;Espírito Santo;4311;3593;718;16;12;4
33;9;1;Extrema;1323;1176;147;16;10;6
33;9;1;Farrapos;20261;16422;3839;0;-21;21
33;9;1;Farroupilha;184;184;0;-14;16;-30
33;9;1;Floresta;10400;8106;2294;18;-46;64
33;9;1;Glória;16595;12957;3638;106;-40;146
33;9;1;Guarujá;3586;3012;574;23;5;18
33;9;1;Higienópolis;9356;7209;2147;30;-21;51
33;9;1;Hípica;19579;16129;3450;32;-34;66
33;9;1;Humaitá;11057;8802;2255;45;-19;64
33;9;1;Independência;6217;4876;1341;-56;-83;27
33;9;1;Ipanema;13529;10900;2629;47;-12;59
33;9;1;Jardim Botânico;10814;8387;2427;14;-52;66
33;9;1;Jardim Carvalho;27139;21522;5617;161;-38;199
33;9;1;Jardim do Salso;2343;1819;524;-117;-26;-91
33;9;1;Jardim Dona Leopoldina;17098;13448;3650;-36;-104;68
33;9;1;Jardim Europa;828;642;186;-37;14;-51
33;9;1;Jardim Floresta;1637;1276;361;-43;23;-66
33;9;1;Jardim Isabel;1509;1188;321;19;30;-11
33;9;1;Jardim Itu;17314;13558;3756;49;-54;103
33;9;1;Jardim Lindóia;5795;4596;1199;20;-10;30
33;9;1;Jardim Sabará;12266;9550;2716;-5;-26;21
33;9;1;Jardim São Pedro;2220;1693;527;-41;2;-43
33;9;1;Lageado;3379;2950;429;-8;4;-12
33;9;1;Lami;3410;3059;351;-5;3;-8
33;9;1;Lomba do Pinheiro;66340;55386;10954;182;-11;193
33;9;1;Mário Quintana;42573;34541;8032;38;-79;117
33;9;1;Medianeira;9681;7519;2162;0;-46;46
33;9;1;Menino Deus;34516;27577;6939;88;-111;199
33;9;1;Moinhos de Vento;10484;8082;2402;25;-47;72
33;9;1;MontSerrat;9671;7480;2191;-17;-66;49
33;9;1;Morro Santana;19787;15747;4040;-16;-87;71
33;9;1;Navegantes;2892;2202;690;-12;-2;-10
33;9;1;Nonoai;26586;21243;5343;60;-71;131
33;9;1;Parque Santa Fé;4435;3465;970;-130;-38;-92
33;9;1;Partenon;54477;43628;10849;253;-84;337
33;9;1;Passo DAreia;22810;17852;4958;33;-54;87
33;9;1;Passo das Pedras;15068;11723;3345;61;-74;135
33;9;1;Pedra Redonda;55;46;9;0;14;-14
33;9;1;Petrópolis;41514;32970;8544;169;-118;287
33;9;1;Pitinga;3309;2700;609;2;-2;4
33;9;1;Ponta Grossa;7976;6678;1298;-3;-15;12
33;9;1;Praia de Belas;970;711;259;-91;-25;-66
33;9;1;Restinga;60218;51133;9085;-74;-10;-64
33;9;1;Rio Branco;16762;12944;3818;47;-111;158
33;9;1;Rubem Berta;36138;29327;6811;148;-73;221
33;9;1;Santa Cecília;3687;2814;873;-107;-47;-60
33;9;1;Santa Maria Goretti;1988;1436;552;-62;-37;-25
33;9;1;Santa Rosa de Lima;38977;32244;6733;66;-52;118
33;9;1;Santa Tereza;44134;35773;8361;78;-93;171
33;9;1;Santana;20737;16167;4570;9;-153;162
33;9;1;Santo Antônio;11856;9212;2644;-44;-103;59
33;9;1;São Caetano;581;270;311;-11;5;-16
33;9;1;São Geraldo;7492;5534;1958;-70;-37;-33
33;9;1;São João;11400;8853;2547;-1;-21;20
33;9;1;São Sebastião;5277;3988;1289;-90;-34;-56
33;9;1;Sarandi;67750;56182;11568;-5;-67;62
33;9;1;Serraria;5353;4202;1151;-11;-26;15
33;9;1;Sétimo Céu;547;387;160;-42;13;-55
33;9;1;Teresópolis;13567;10642;2925;-92;-95;3
33;9;1;Três Figueiras;2420;1649;771;-88;-60;-28
33;9;1;Tristeza;16677;13684;2993;19;24;-5
33;9;1;Vila Assunção;3206;2393;813;-78;-18;-60
33;9;1;Vila Conceição;819;444;375;-52;7;-59
33;9;1;Vila Ipiranga;18176;14343;3833;-114;-98;-16
33;9;1;Vila Jardim;12117;9064;3053;-99;-77;-22
33;9;1;Vila João Pessoa;11750;8840;2910;-44;-54;10
33;9;1;Vila Nova;35562;29387;6175;-130;-59;-71
33;9;1;Vila São José;28207;22654;5553;-189;-120;-69
34;10;1;Aberta dos Morros;6270;5233;1037;32;178;-146
34;10;1;Agronomia;1433;1152;281;175;74;101
34;10;1;Anchieta;1237;988;249;159;85;74
34;10;1;Arquipélago;7822;6309;1513;46;183;-137
34;10;1;Auxiliadora;8207;6628;1579;57;285;-228
34;10;1;Azenha;12340;9921;2419;59;301;-242
34;10;1;Bela Vista;10276;8239;2037;37;293;-256
34;10;1;Belém Novo;10072;8628;1444;-25;186;-211
34;10;1;Belém Velho;10201;8257;1944;12;204;-192
34;10;1;Boa Vista;8610;6904;1706;91;302;-211
34;10;1;Boa Vista do Sul;1721;1510;211;272;208;64
34;10;1;Bom Fim;9923;8040;1883;80;328;-248
34;10;1;Bom Jesus;30943;24572;6371;-16;307;-323
34;10;1;Camaquã;18029;14589;3440;-47;237;-284
34;10;1;Campo Novo;7769;6444;1325;59;259;-200
34;10;1;Cascata;12255;9877;2378;-55;245;-300
34;10;1;Cavalhada;31754;25767;5987;73;151;-78
34;10;1;Centro;44387;35763;8624;-113;-51;-62
34;10;1;Chácara das Pedras;5176;4193;983;421;404;17
34;10;1;Chapéu do Sol;2058;1756;302;309;211;98
34;10;1;Cidade Baixa;14410;11604;2806;-58;289;-347
34;10;1;Coronel Aparício Borges;19079;15196;3883;-147;281;-428
34;10;1;Costa e Silva;14849;11944;2905;-123;259;-382
34;10;1;Cristal;35183;28729;6454;-168;113;-281
34;10;1;Cristo Redentor;15678;12548;3130;-107;257;-364
34;10;1;Espírito Santo;4552;3825;727;241;232;9
34;10;1;Extrema;1466;1303;163;143;127;16
34;10;1;Farrapos;20218;16536;3682;-43;114;-157
34;10;1;Farroupilha;183;183;0;-1;-1;0
34;10;1;Floresta;10341;8412;1929;-59;306;-365
34;10;1;Glória;16384;13198;3186;-211;241;-452
34;10;1;Guarujá;3851;3236;615;265;224;41
34;10;1;Higienópolis;9362;7536;1826;6;327;-321
34;10;1;Hípica;19378;16197;3181;-201;68;-269
34;10;1;Humaitá;11016;8989;2027;-41;187;-228
34;10;1;Independência;6646;5213;1433;429;337;92
34;10;1;Ipanema;13406;11080;2326;-123;180;-303
34;10;1;Jardim Botânico;10912;8750;2162;98;363;-265
34;10;1;Jardim Carvalho;26825;21651;5174;-314;129;-443
34;10;1;Jardim do Salso;2757;2195;562;414;376;38
34;10;1;Jardim Dona Leopoldina;16899;13699;3200;-199;251;-450
34;10;1;Jardim Europa;980;652;328;152;10;142
34;10;1;Jardim Floresta;1926;1526;400;289;250;39
34;10;1;Jardim Isabel;1773;1410;363;264;222;42
34;10;1;Jardim Itu;17169;13798;3371;-145;240;-385
34;10;1;Jardim Lindóia;6089;4843;1246;294;247;47
34;10;1;Jardim Sabará;12247;9879;2368;-19;329;-348
34;10;1;Jardim São Pedro;2499;1969;530;279;276;3
34;10;1;Lageado;3571;3131;440;192;181;11
34;10;1;Lami;3634;3232;402;224;173;51
34;10;1;Lomba do Pinheiro;65979;55312;10667;-361;-74;-287
34;10;1;Mário Quintana;42149;34660;7489;-424;119;-543
34;10;1;Medianeira;9659;7865;1794;-22;346;-368
34;10;1;Menino Deus;34120;27634;6486;-396;57;-453
34;10;1;Moinhos de Vento;10453;8336;2117;-31;254;-285
34;10;1;MontSerrat;9670;7830;1840;-1;350;-351
34;10;1;Morro Santana;19615;15869;3746;-172;122;-294
34;10;1;Navegantes;3309;2455;854;417;253;164
34;10;1;Nonoai;26382;21382;5000;-204;139;-343
34;10;1;Parque Santa Fé;4617;3715;902;182;250;-68
34;10;1;Partenon;54230;43785;10445;-247;157;-404
34;10;1;Passo DAreia;22676;18096;4580;-134;244;-378
34;10;1;Passo das Pedras;14922;11932;2990;-146;209;-355
34;10;1;Pedra Redonda;47;43;4;-8;-3;-5
34;10;1;Petrópolis;41276;33144;8132;-238;174;-412
34;10;1;Pitinga;3474;2832;642;165;132;33
34;10;1;Ponta Grossa;7904;6864;1040;-72;186;-258
34;10;1;Praia de Belas;1200;798;402;230;87;143
34;10;1;Restinga;59256;50977;8279;-962;-156;-806
34;10;1;Rio Branco;16610;13258;3352;-152;314;-466
34;10;1;Rubem Berta;35802;29361;6441;-336;34;-370
34;10;1;Santa Cecília;4082;3201;881;395;387;8
34;10;1;Santa Maria Goretti;2241;1731;510;253;295;-42
34;10;1;Santa Rosa de Lima;38701;32218;6483;-276;-26;-250
34;10;1;Santa Tereza;43798;35809;7989;-336;36;-372
34;10;1;Santana;20511;16433;4078;-226;266;-492
34;10;1;Santo Antônio;11833;9499;2334;-23;287;-310
34;10;1;São Caetano;487;265;222;-94;-5;-89
34;10;1;São Geraldo;7468;5842;1626;-24;308;-332
34;10;1;São João;11524;9150;2374;124;297;-173
34;10;1;São Sebastião;5574;4272;1302;297;284;13
34;10;1;Sarandi;67699;56238;11461;-51;56;-107
34;10;1;Serraria;5417;4423;994;64;221;-157
34;10;1;Sétimo Céu;515;378;137;-32;-9;-23
34;10;1;Teresópolis;13439;10896;2543;-128;254;-382
34;10;1;Três Figueiras;2811;1975;836;391;326;65
34;10;1;Tristeza;16567;13850;2717;-110;166;-276
34;10;1;Vila Assunção;3421;2642;779;215;249;-34
34;10;1;Vila Conceição;718;471;247;-101;27;-128
34;10;1;Vila Ipiranga;18104;14549;3555;-72;206;-278
34;10;1;Vila Jardim;12139;9449;2690;22;385;-363
34;10;1;Vila João Pessoa;11648;9185;2463;-102;345;-447
34;10;1;Vila Nova;35320;29498;5822;-242;111;-353
34;10;1;Vila São José;28218;22915;5303;11;261;-250
35;11;1;Aberta dos Morros;6635;6094;541;365;861;-496
35;11;1;Agronomia;1411;1296;115;-22;144;-166
35;11;1;Anchieta;1162;1074;88;-75;86;-161
35;11;1;Arquipélago;8211;7294;917;389;985;-596
35;11;1;Auxiliadora;8566;7907;659;359;1279;-920
35;11;1;Azenha;12960;11834;1126;620;1913;-1293
35;11;1;Bela Vista;10769;9796;973;493;1557;-1064
35;11;1;Belém Novo;10137;9297;840;65;669;-604
35;11;1;Belém Velho;10713;9567;1146;512;1310;-798
35;11;1;Boa Vista;8941;8229;712;331;1325;-994
35;11;1;Boa Vista do Sul;1729;1621;108;8;111;-103
35;11;1;Bom Fim;10306;9533;773;383;1493;-1110
35;11;1;Bom Jesus;30506;26555;3951;-437;1983;-2420
35;11;1;Camaquã;18189;16190;1999;160;1601;-1441
35;11;1;Campo Novo;8174;7485;689;405;1041;-636
35;11;1;Cascata;12822;11411;1411;567;1534;-967
35;11;1;Cavalhada;31076;27371;3705;-678;1604;-2282
35;11;1;Centro;42598;37311;5287;-1789;1548;-3337
35;11;1;Chácara das Pedras;5222;4846;376;46;653;-607
35;11;1;Chapéu do Sol;2066;1935;131;8;179;-171
35;11;1;Cidade Baixa;14943;13399;1544;533;1795;-1262
35;11;1;Coronel Aparício Borges;19389;17126;2263;310;1930;-1620
35;11;1;Costa e Silva;15429;13792;1637;580;1848;-1268
35;11;1;Cristal;34257;30162;4095;-926;1433;-2359
35;11;1;Cristo Redentor;16218;14444;1774;540;1896;-1356
35;11;1;Espírito Santo;4689;4342;347;137;517;-380
35;11;1;Extrema;1480;1397;83;14;94;-80
35;11;1;Farrapos;20070;17761;2309;-148;1225;-1373
35;11;1;Farroupilha;273;273;0;90;90;0
35;11;1;Floresta;10807;9769;1038;466;1357;-891
35;11;1;Glória;16813;15015;1798;429;1817;-1388
35;11;1;Guarujá;3964;3675;289;113;439;-326
35;11;1;Higienópolis;9721;8841;880;359;1305;-946
35;11;1;Hípica;19257;17218;2039;-121;1021;-1142
35;11;1;Humaitá;11417;10223;1194;401;1234;-833
35;11;1;Independência;6862;6135;727;216;922;-706
35;11;1;Ipanema;13565;12242;1323;159;1162;-1003
35;11;1;Jardim Botânico;11395;10348;1047;483;1598;-1115
35;11;1;Jardim Carvalho;26609;23330;3279;-216;1679;-1895
35;11;1;Jardim do Salso;2764;2561;203;7;366;-359
35;11;1;Jardim Dona Leopoldina;17488;15622;1866;589;1923;-1334
35;11;1;Jardim Europa;1182;866;316;202;214;-12
35;11;1;Jardim Floresta;1948;1848;100;22;322;-300
35;11;1;Jardim Isabel;1783;1681;102;10;271;-261
35;11;1;Jardim Itu;17733;15691;2042;564;1893;-1329
35;11;1;Jardim Lindóia;6293;5630;663;204;787;-583
35;11;1;Jardim Sabará;12875;11493;1382;628;1614;-986
35;11;1;Jardim São Pedro;2542;2360;182;43;391;-348
35;11;1;Lageado;3686;3472;214;115;341;-226
35;11;1;Lami;3761;3544;217;127;312;-185
35;11;1;Lomba do Pinheiro;63363;56474;6889;-2616;1162;-3778
35;11;1;Mário Quintana;40892;36192;4700;-1257;1532;-2789
35;11;1;Medianeira;10086;9174;912;427;1309;-882
35;11;1;Menino Deus;33503;29386;4117;-617;1752;-2369
35;11;1;Moinhos de Vento;10946;9831;1115;493;1495;-1002
35;11;1;MontSerrat;10069;9110;959;399;1280;-881
35;11;1;Morro Santana;19853;17455;2398;238;1586;-1348
35;11;1;Navegantes;3424;2925;499;115;470;-355
35;11;1;Nonoai;26092;23031;3061;-290;1649;-1939
35;11;1;Parque Santa Fé;4797;4449;348;180;734;-554
35;11;1;Partenon;52325;45770;6555;-1905;1985;-3890
35;11;1;Passo DAreia;22591;19834;2757;-85;1738;-1823
35;11;1;Passo das Pedras;15507;13736;1771;585;1804;-1219
35;11;1;Pedra Redonda;66;66;0;19;23;-4
35;11;1;Petrópolis;40173;35026;5147;-1103;1882;-2985
35;11;1;Pitinga;3588;3325;263;114;493;-379
35;11;1;Ponta Grossa;8234;7661;573;330;797;-467
35;11;1;Praia de Belas;1330;955;375;130;157;-27
35;11;1;Restinga;57323;51929;5394;-1933;952;-2885
35;11;1;Rio Branco;17034;15105;1929;424;1847;-1423
35;11;1;Rubem Berta;35013;30949;4064;-789;1588;-2377
35;11;1;Santa Cecília;4165;3786;379;83;585;-502
35;11;1;Santa Maria Goretti;2185;1992;193;-56;261;-317
35;11;1;Santa Rosa de Lima;37838;33566;4272;-863;1348;-2211
35;11;1;Santa Tereza;42490;37414;5076;-1308;1605;-2913
35;11;1;Santana;20785;18309;2476;274;1876;-1602
35;11;1;Santo Antônio;12336;10997;1339;503;1498;-995
35;11;1;São Caetano;501;336;165;14;71;-57
35;11;1;São Geraldo;7762;7031;731;294;1189;-895
35;11;1;São João;11975;10412;1563;451;1262;-811
35;11;1;São Sebastião;5854;5200;654;280;928;-648
35;11;1;Sarandi;65404;57596;7808;-2295;1358;-3653
35;11;1;Serraria;5598;5152;446;181;729;-548
35;11;1;Sétimo Céu;549;496;53;34;118;-84
35;11;1;Teresópolis;14123;12555;1568;684;1659;-975
35;11;1;Três Figueiras;2853;2261;592;42;286;-244
35;11;1;Tristeza;16759;15016;1743;192;1166;-974
35;11;1;Vila Assunção;3541;3153;388;120;511;-391
35;11;1;Vila Conceição;754;584;170;36;113;-77
35;11;1;Vila Ipiranga;18624;16319;2305;520;1770;-1250
35;11;1;Vila Jardim;12737;11171;1566;598;1722;-1124
35;11;1;Vila João Pessoa;12275;10907;1368;627;1722;-1095
35;11;1;Vila Nova;34639;30755;3884;-681;1257;-1938
35;11;1;Vila São José;27989;24611;3378;-229;1696;-1925
36;12;1;Aberta dos Morros;6523;5553;970;-112;-541;429
36;12;1;Agronomia;1350;1131;219;-61;-165;104
36;12;1;Anchieta;1089;913;176;-73;-161;88
36;12;1;Arquipélago;8020;6703;1317;-191;-591;400
36;12;1;Auxiliadora;8405;7039;1366;-161;-868;707
36;12;1;Azenha;12809;10829;1980;-151;-1005;854
36;12;1;Bela Vista;10452;8767;1685;-317;-1029;712
36;12;1;Belém Novo;10237;8958;1279;100;-339;439
36;12;1;Belém Velho;10625;8927;1698;-88;-640;552
36;12;1;Boa Vista;8734;7355;1379;-207;-874;667
36;12;1;Boa Vista do Sul;1559;1448;111;-170;-173;3
36;12;1;Bom Fim;10160;8568;1592;-146;-965;819
36;12;1;Bom Jesus;31162;25603;5559;656;-952;1608
36;12;1;Camaquã;18337;15500;2837;148;-690;838
36;12;1;Campo Novo;7983;6868;1115;-191;-617;426
36;12;1;Cascata;12673;10666;2007;-149;-745;596
36;12;1;Cavalhada;31782;26754;5028;706;-617;1323
36;12;1;Centro;44129;36668;7461;1531;-643;2174
36;12;1;Chácara das Pedras;5059;4272;787;-163;-574;411
36;12;1;Chapéu do Sol;1918;1768;150;-148;-167;19
36;12;1;Cidade Baixa;14718;12548;2170;-225;-851;626
36;12;1;Coronel Aparício Borges;19403;16196;3207;14;-930;944
36;12;1;Costa e Silva;15133;12833;2300;-296;-959;663
36;12;1;Cristal;34880;29407;5473;623;-755;1378
36;12;1;Cristo Redentor;15888;13582;2306;-330;-862;532
36;12;1;Espírito Santo;4395;3857;538;-294;-485;191
36;12;1;Extrema;1316;1228;88;-164;-169;5
36;12;1;Farrapos;20356;17126;3230;286;-635;921
36;12;1;Farroupilha;228;176;52;-45;-97;52
36;12;1;Floresta;10504;8934;1570;-303;-835;532
36;12;1;Glória;16632;14110;2522;-181;-905;724
36;12;1;Guarujá;3701;3234;467;-263;-441;178
36;12;1;Higienópolis;9377;7914;1463;-344;-927;583
36;12;1;Hípica;19368;16690;2678;111;-528;639
36;12;1;Humaitá;11209;9556;1653;-208;-667;459
36;12;1;Independência;6544;5471;1073;-318;-664;346
36;12;1;Ipanema;13453;11605;1848;-112;-637;525
36;12;1;Jardim Botânico;11014;9322;1692;-381;-1026;645
36;12;1;Jardim Carvalho;26903;22483;4420;294;-847;1141
36;12;1;Jardim do Salso;2772;2209;563;8;-352;360
36;12;1;Jardim Dona Leopoldina;17169;14596;2573;-319;-1026;707
36;12;1;Jardim Europa;938;694;244;-244;-172;-72
36;12;1;Jardim Floresta;1891;1540;351;-57;-308;251
36;12;1;Jardim Isabel;1619;1353;266;-164;-328;164
36;12;1;Jardim Itu;17355;14633;2722;-378;-1058;680
36;12;1;Jardim Lindóia;5943;5017;926;-350;-613;263
36;12;1;Jardim Sabará;12345;10468;1877;-530;-1025;495
36;12;1;Jardim São Pedro;2531;2030;501;-11;-330;319
36;12;1;Lageado;3437;3099;338;-249;-373;124
36;12;1;Lami;3516;3207;309;-245;-337;92
36;12;1;Lomba do Pinheiro;65200;55664;9536;1837;-810;2647
36;12;1;Mário Quintana;41869;35270;6599;977;-922;1899
36;12;1;Medianeira;9776;8267;1509;-310;-907;597
36;12;1;Menino Deus;34065;28567;5498;562;-819;1381
36;12;1;Moinhos de Vento;10618;8957;1661;-328;-874;546
36;12;1;MontSerrat;9745;8203;1542;-324;-907;583
36;12;1;Morro Santana;19803;16624;3179;-50;-831;781
36;12;1;Navegantes;3153;2493;660;-271;-432;161
36;12;1;Nonoai;26420;22181;4239;328;-850;1178
36;12;1;Parque Santa Fé;4626;3866;760;-171;-583;412
36;12;1;Partenon;53741;44689;9052;1416;-1081;2497
36;12;1;Passo DAreia;22570;18871;3699;-21;-963;942
36;12;1;Passo das Pedras;15054;12803;2251;-453;-933;480
36;12;1;Pedra Redonda;57;23;34;-9;-43;34
36;12;1;Petrópolis;40896;33936;6960;723;-1090;1813
36;12;1;Pitinga;3371;2987;384;-217;-338;121
36;12;1;Ponta Grossa;8081;7140;941;-153;-521;368
36;12;1;Praia de Belas;1104;774;330;-226;-181;-45
36;12;1;Restinga;58398;51013;7385;1075;-916;1991
36;12;1;Rio Branco;16638;14086;2552;-396;-1019;623
36;12;1;Rubem Berta;35457;30042;5415;444;-907;1351
36;12;1;Santa Cecília;4055;3232;823;-110;-554;444
36;12;1;Santa Maria Goretti;2107;1598;509;-78;-394;316
36;12;1;Santa Rosa de Lima;38498;32729;5769;660;-837;1497
36;12;1;Santa Tereza;43439;36403;7036;949;-1011;1960
36;12;1;Santana;20315;17217;3098;-470;-1092;622
36;12;1;Santo Antônio;11896;10030;1866;-440;-967;527
36;12;1;São Caetano;558;258;300;57;-78;135
36;12;1;São Geraldo;7510;6275;1235;-252;-756;504
36;12;1;São João;11364;9601;1763;-611;-811;200
36;12;1;São Sebastião;5580;4520;1060;-274;-680;406
36;12;1;Sarandi;67158;56716;10442;1754;-880;2634
36;12;1;Serraria;5353;4600;753;-245;-552;307
36;12;1;Sétimo Céu;566;367;199;17;-129;146
36;12;1;Teresópolis;13634;11568;2066;-489;-987;498
36;12;1;Três Figueiras;2606;1897;709;-247;-364;117
36;12;1;Tristeza;16559;14270;2289;-200;-746;546
36;12;1;Vila Assunção;3422;2659;763;-119;-494;375
36;12;1;Vila Conceição;811;410;401;57;-174;231
36;12;1;Vila Ipiranga;18303;15378;2925;-321;-941;620
36;12;1;Vila Jardim;12216;10178;2038;-521;-993;472
36;12;1;Vila João Pessoa;11719;9897;1822;-556;-1010;454
36;12;1;Vila Nova;35214;29883;5331;575;-872;1447
36;12;1;Vila São José;28282;23606;4676;293;-1005;1298
37;13;1;Aberta dos Morros;6475;5519;956;-48;-34;-14
37;13;1;Agronomia;1294;1119;175;-56;-12;-44
37;13;1;Anchieta;1060;911;149;-29;-2;-27
37;13;1;Arquipélago;8024;6688;1336;4;-15;19
37;13;1;Auxiliadora;8294;7032;1262;-111;-7;-104
37;13;1;Azenha;12605;10766;1839;-204;-63;-141
37;13;1;Bela Vista;10292;8732;1560;-160;-35;-125
37;13;1;Belém Novo;10251;8955;1296;14;-3;17
37;13;1;Belém Velho;10593;8870;1723;-32;-57;25
37;13;1;Boa Vista;8575;7309;1266;-159;-46;-113
37;13;1;Boa Vista do Sul;1556;1438;118;-3;-10;7
37;13;1;Bom Fim;9951;8497;1454;-209;-71;-138
37;13;1;Bom Jesus;31279;25478;5801;117;-125;242
37;13;1;Camaquã;18332;15422;2910;-5;-78;73
37;13;1;Campo Novo;7927;6802;1125;-56;-66;10
37;13;1;Cascata;12615;10563;2052;-58;-103;45
37;13;1;Cavalhada;32026;26659;5367;244;-95;339
37;13;1;Centro;44490;36621;7869;361;-47;408
37;13;1;Chácara das Pedras;4892;4214;678;-167;-58;-109
37;13;1;Chapéu do Sol;1871;1736;135;-47;-32;-15
37;13;1;Cidade Baixa;14667;12421;2246;-51;-127;76
37;13;1;Coronel Aparício Borges;19304;16015;3289;-99;-181;82
37;13;1;Costa e Silva;15055;12708;2347;-78;-125;47
37;13;1;Cristal;35073;29287;5786;193;-120;313
37;13;1;Cristo Redentor;15934;13601;2333;46;19;27
37;13;1;Espírito Santo;4354;3810;544;-41;-47;6
37;13;1;Extrema;1317;1225;92;1;-3;4
37;13;1;Farrapos;20428;17090;3338;72;-36;108
37;13;1;Farroupilha;157;157;0;-71;-19;-52
37;13;1;Floresta;10439;8849;1590;-65;-85;20
37;13;1;Glória;16609;13971;2638;-23;-139;116
37;13;1;Guarujá;3672;3203;469;-29;-31;2
37;13;1;Higienópolis;9289;7837;1452;-88;-77;-11
37;13;1;Hípica;19461;16664;2797;93;-26;119
37;13;1;Humaitá;11287;9543;1744;78;-13;91
37;13;1;Independência;6461;5400;1061;-83;-71;-12
37;13;1;Ipanema;13469;11554;1915;16;-51;67
37;13;1;Jardim Botânico;10827;9189;1638;-187;-133;-54
37;13;1;Jardim Carvalho;27076;22370;4706;173;-113;286
37;13;1;Jardim do Salso;2585;2151;434;-187;-58;-129
37;13;1;Jardim Dona Leopoldina;17057;14424;2633;-112;-172;60
37;13;1;Jardim Europa;956;703;253;18;9;9
37;13;1;Jardim Floresta;1784;1545;239;-107;5;-112
37;13;1;Jardim Isabel;1603;1326;277;-16;-27;11
37;13;1;Jardim Itu;17382;14525;2857;27;-108;135
37;13;1;Jardim Lindóia;5887;4999;888;-56;-18;-38
37;13;1;Jardim Sabará;12350;10373;1977;5;-95;100
37;13;1;Jardim São Pedro;2371;1998;373;-160;-32;-128
37;13;1;Lageado;3422;3087;335;-15;-12;-3
37;13;1;Lami;3503;3205;298;-13;-2;-11
37;13;1;Lomba do Pinheiro;65492;55650;9842;292;-14;306
37;13;1;Mário Quintana;41914;35110;6804;45;-160;205
37;13;1;Medianeira;9660;8104;1556;-116;-163;47
37;13;1;Menino Deus;34405;28451;5954;340;-116;456
37;13;1;Moinhos de Vento;10563;8888;1675;-55;-69;14
37;13;1;MontSerrat;9713;8096;1617;-32;-107;75
37;13;1;Morro Santana;19829;16488;3341;26;-136;162
37;13;1;Navegantes;3089;2460;629;-64;-33;-31
37;13;1;Nonoai;26495;21996;4499;75;-185;260
37;13;1;Parque Santa Fé;4463;3734;729;-163;-132;-31
37;13;1;Partenon;54283;44565;9718;542;-124;666
37;13;1;Passo DAreia;22767;18794;3973;197;-77;274
37;13;1;Passo das Pedras;15020;12624;2396;-34;-179;145
37;13;1;Pedra Redonda;30;27;3;-27;4;-31
37;13;1;Petrópolis;41208;33795;7413;312;-141;453
37;13;1;Pitinga;3334;2960;374;-37;-27;-10
37;13;1;Ponta Grossa;8069;7130;939;-12;-10;-2
37;13;1;Praia de Belas;1039;739;300;-65;-35;-30
37;13;1;Restinga;58591;50980;7611;193;-33;226
37;13;1;Rio Branco;16806;13994;2812;168;-92;260
37;13;1;Rubem Berta;35606;29897;5709;149;-145;294
37;13;1;Santa Cecília;3820;3107;713;-235;-125;-110
37;13;1;Santa Maria Goretti;1970;1567;403;-137;-31;-106
37;13;1;Santa Rosa de Lima;38678;32648;6030;180;-81;261
37;13;1;Santa Tereza;43654;36286;7368;215;-117;332
37;13;1;Santana;20438;17045;3393;123;-172;295
37;13;1;Santo Antônio;11855;9857;1998;-41;-173;132
37;13;1;São Caetano;536;254;282;-22;-4;-18
37;13;1;São Geraldo;7496;6198;1298;-14;-77;63
37;13;1;São João;11370;9570;1800;6;-31;37
37;13;1;São Sebastião;5517;4493;1024;-63;-27;-36
37;13;1;Sarandi;67516;56628;10888;358;-88;446
37;13;1;Serraria;5359;4586;773;6;-14;20
37;13;1;Sétimo Céu;519;380;139;-47;13;-60
37;13;1;Teresópolis;13644;11432;2212;10;-136;146
37;13;1;Três Figueiras;2344;1800;544;-262;-97;-165
37;13;1;Tristeza;16602;14257;2345;43;-13;56
37;13;1;Vila Assunção;3289;2605;684;-133;-54;-79
37;13;1;Vila Conceição;775;423;352;-36;13;-49
37;13;1;Vila Ipiranga;18321;15265;3056;18;-113;131
37;13;1;Vila Jardim;12134;10032;2102;-82;-146;64
37;13;1;Vila João Pessoa;11644;9730;1914;-75;-167;92
37;13;1;Vila Nova;35136;29766;5370;-78;-117;39
37;13;1;Vila São José;28177;23407;4770;-105;-199;94
38;14;1;Aberta dos Morros;6576;5575;1001;101;56;45
38;14;1;Agronomia;1452;1210;242;158;91;67
38;14;1;Anchieta;1222;1023;199;162;112;50
38;14;1;Arquipélago;8001;6744;1257;-23;56;-79
38;14;1;Auxiliadora;8485;7130;1355;191;98;93
38;14;1;Azenha;12673;10898;1775;68;132;-64
38;14;1;Bela Vista;10520;8842;1678;228;110;118
38;14;1;Belém Novo;10311;9035;1276;60;80;-20
38;14;1;Belém Velho;10609;8954;1655;16;84;-68
38;14;1;Boa Vista;8820;7417;1403;245;108;137
38;14;1;Boa Vista do Sul;1727;1540;187;171;102;69
38;14;1;Bom Fim;10301;8687;1614;350;190;160
38;14;1;Bom Jesus;30959;25640;5319;-320;162;-482
38;14;1;Camaquã;18166;15511;2655;-166;89;-255
38;14;1;Campo Novo;8139;6911;1228;212;109;103
38;14;1;Cascata;12647;10674;1973;32;111;-79
38;14;1;Cavalhada;31581;26850;4731;-445;191;-636
38;14;1;Centro;43985;36713;7272;-505;92;-597
38;14;1;Chácara das Pedras;5158;4353;805;266;139;127
38;14;1;Chapéu do Sol;2090;1849;241;219;113;106
38;14;1;Cidade Baixa;14833;12571;2262;166;150;16
38;14;1;Coronel Aparício Borges;19155;16161;2994;-149;146;-295
38;14;1;Costa e Silva;15069;12845;2224;14;137;-123
38;14;1;Cristal;34634;29286;5348;-439;-1;-438
38;14;1;Cristo Redentor;16332;13846;2486;398;245;153
38;14;1;Espírito Santo;4562;3917;645;208;107;101
38;14;1;Extrema;1494;1376;118;177;151;26
38;14;1;Farrapos;20087;17085;3002;-341;-5;-336
38;14;1;Farroupilha;150;150;0;-7;-7;0
38;14;1;Floresta;10677;9023;1654;238;174;64
38;14;1;Glória;16632;14033;2599;23;62;-39
38;14;1;Guarujá;3879;3323;556;207;120;87
38;14;1;Higienópolis;9555;8015;1540;266;178;88
38;14;1;Hípica;19028;16670;2358;-433;6;-439
38;14;1;Humaitá;11174;9614;1560;-113;71;-184
38;14;1;Independência;6782;5646;1136;321;246;75
38;14;1;Ipanema;13533;11672;1861;64;118;-54
38;14;1;Jardim Botânico;11144;9454;1690;317;265;52
38;14;1;Jardim Carvalho;26516;22390;4126;-560;20;-580
38;14;1;Jardim do Salso;2814;2339;475;229;188;41
38;14;1;Jardim Dona Leopoldina;17135;14611;2524;78;187;-109
38;14;1;Jardim Europa;979;799;180;23;96;-73
38;14;1;Jardim Floresta;1999;1714;285;215;169;46
38;14;1;Jardim Isabel;1829;1510;319;226;184;42
38;14;1;Jardim Itu;17325;14686;2639;-57;161;-218
38;14;1;Jardim Lindóia;6179;5249;930;292;250;42
38;14;1;Jardim Sabará;12491;10525;1966;141;152;-11
38;14;1;Jardim São Pedro;2557;2151;406;186;153;33
38;14;1;Lageado;3633;3243;390;211;156;55
38;14;1;Lami;3741;3372;369;238;167;71
38;14;1;Lomba do Pinheiro;64864;55637;9227;-628;-13;-615
38;14;1;Mário Quintana;41392;35093;6299;-522;-17;-505
38;14;1;Medianeira;9813;8239;1574;153;135;18
38;14;1;Menino Deus;33812;28397;5415;-593;-54;-539
38;14;1;Moinhos de Vento;10870;9137;1733;307;249;58
38;14;1;MontSerrat;9881;8299;1582;168;203;-35
38;14;1;Morro Santana;19429;16558;2871;-400;70;-470
38;14;1;Navegantes;3345;2664;681;256;204;52
38;14;1;Nonoai;25890;21989;3901;-605;-7;-598
38;14;1;Parque Santa Fé;4685;3918;767;222;184;38
38;14;1;Partenon;53507;44492;9015;-776;-73;-703
38;14;1;Passo DAreia;22477;18988;3489;-290;194;-484
38;14;1;Passo das Pedras;14985;12764;2221;-35;140;-175
38;14;1;Pedra Redonda;30;30;0;0;3;-3
38;14;1;Petrópolis;40642;33865;6777;-566;70;-636
38;14;1;Pitinga;3555;3094;461;221;134;87
38;14;1;Ponta Grossa;8243;7279;964;174;149;25
38;14;1;Praia de Belas;1127;933;194;88;194;-106
38;14;1;Restinga;58331;50876;7455;-260;-104;-156
38;14;1;Rio Branco;16896;14173;2723;90;179;-89
38;14;1;Rubem Berta;35170;29888;5282;-436;-9;-427
38;14;1;Santa Cecília;3998;3266;732;178;159;19
38;14;1;Santa Maria Goretti;2172;1776;396;202;209;-7
38;14;1;Santa Rosa de Lima;38246;32653;5593;-432;5;-437
38;14;1;Santa Tereza;43048;36262;6786;-606;-24;-582
38;14;1;Santana;20439;17177;3262;1;132;-131
38;14;1;Santo Antônio;12058;10030;2028;203;173;30
38;14;1;São Caetano;470;286;184;-66;32;-98
38;14;1;São Geraldo;7648;6352;1296;152;154;-2
38;14;1;São João;11653;9813;1840;283;243;40
38;14;1;São Sebastião;5752;4796;956;235;303;-68
38;14;1;Sarandi;67053;56797;10256;-463;169;-632
38;14;1;Serraria;5532;4793;739;173;207;-34
38;14;1;Sétimo Céu;515;404;111;-4;24;-28
38;14;1;Teresópolis;13756;11549;2207;112;117;-5
38;14;1;Três Figueiras;2544;2046;498;200;246;-46
38;14;1;Tristeza;16495;14342;2153;-107;85;-192
38;14;1;Vila Assunção;3486;2772;714;197;167;30
38;14;1;Vila Conceição;750;521;229;-25;98;-123
38;14;1;Vila Ipiranga;18320;15457;2863;-1;192;-193
38;14;1;Vila Jardim;12303;10187;2116;169;155;14
38;14;1;Vila João Pessoa;11803;9884;1919;159;154;5
38;14;1;Vila Nova;34964;29975;4989;-172;209;-381
38;14;1;Vila São José;28062;23549;4513;-115;142;-257
39;15;1;Aberta dos Morros;6552;5568;984;-24;-7;-17
39;15;1;Agronomia;1383;1203;180;-69;-7;-62
39;15;1;Anchieta;1142;1027;115;-80;4;-84
39;15;1;Arquipélago;8081;6755;1326;80;11;69
39;15;1;Auxiliadora;8323;7184;1139;-162;54;-216
39;15;1;Azenha;12209;10883;1326;-464;-15;-449
39;15;1;Bela Vista;10391;8918;1473;-129;76;-205
39;15;1;Belém Novo;10301;9015;1286;-10;-20;10
39;15;1;Belém Velho;10646;8952;1694;37;-2;39
39;15;1;Boa Vista;8649;7441;1208;-171;24;-195
39;15;1;Boa Vista do Sul;1707;1531;176;-20;-9;-11
39;15;1;Bom Fim;10186;8784;1402;-115;97;-212
39;15;1;Bom Jesus;31170;25644;5526;211;4;207
39;15;1;Camaquã;18174;15581;2593;8;70;-62
39;15;1;Campo Novo;8132;6921;1211;-7;10;-17
39;15;1;Cascata;12638;10675;1963;-9;1;-10
39;15;1;Cavalhada;31584;26819;4765;3;-31;34
39;15;1;Centro;44208;36816;7392;223;103;120
39;15;1;Chácara das Pedras;4984;4372;612;-174;19;-193
39;15;1;Chapéu do Sol;2046;1835;211;-44;-14;-30
39;15;1;Cidade Baixa;14876;12605;2271;43;34;9
39;15;1;Coronel Aparício Borges;19143;16132;3011;-12;-29;17
39;15;1;Costa e Silva;15035;12841;2194;-34;-4;-30
39;15;1;Cristal;34810;29189;5621;176;-97;273
39;15;1;Cristo Redentor;16026;13885;2141;-306;39;-345
39;15;1;Espírito Santo;4551;3906;645;-11;-11;0
39;15;1;Extrema;1482;1368;114;-12;-8;-4
39;15;1;Farrapos;20291;17098;3193;204;13;191
39;15;1;Farroupilha;164;164;0;14;14;0
39;15;1;Floresta;10748;9106;1642;71;83;-12
39;15;1;Glória;16639;13988;2651;7;-45;52
39;15;1;Guarujá;3850;3306;544;-29;-17;-12
39;15;1;Higienópolis;9557;8066;1491;2;51;-49
39;15;1;Hípica;19113;16642;2471;85;-28;113
39;15;1;Humaitá;11257;9616;1641;83;2;81
39;15;1;Independência;6479;5706;773;-303;60;-363
39;15;1;Ipanema;13533;11616;1917;0;-56;56
39;15;1;Jardim Botânico;10832;9480;1352;-312;26;-338
39;15;1;Jardim Carvalho;26751;22310;4441;235;-80;315
39;15;1;Jardim do Salso;2631;2316;315;-183;-23;-160
39;15;1;Jardim Dona Leopoldina;17061;14575;2486;-74;-36;-38
39;15;1;Jardim Europa;1011;821;190;32;22;10
39;15;1;Jardim Floresta;1904;1780;124;-95;66;-161
39;15;1;Jardim Isabel;1733;1494;239;-96;-16;-80
39;15;1;Jardim Itu;17330;14720;2610;5;34;-29
39;15;1;Jardim Lindóia;5890;5335;555;-289;86;-375
39;15;1;Jardim Sabará;12463;10493;1970;-28;-32;4
39;15;1;Jardim São Pedro;2456;2210;246;-101;59;-160
39;15;1;Lageado;3633;3220;413;0;-23;23
39;15;1;Lami;3718;3352;366;-23;-20;-3
39;15;1;Lomba do Pinheiro;65266;55615;9651;402;-22;424
39;15;1;Mário Quintana;41632;35009;6623;240;-84;324
39;15;1;Medianeira;9725;8214;1511;-88;-25;-63
39;15;1;Menino Deus;34013;28383;5630;201;-14;215
39;15;1;Moinhos de Vento;10649;9196;1453;-221;59;-280
39;15;1;MontSerrat;9892;8339;1553;11;40;-29
39;15;1;Morro Santana;19550;16501;3049;121;-57;178
39;15;1;Navegantes;3087;2666;421;-258;2;-260
39;15;1;Nonoai;25950;21896;4054;60;-93;153
39;15;1;Parque Santa Fé;4535;3912;623;-150;-6;-144
39;15;1;Partenon;53788;44397;9391;281;-95;376
39;15;1;Passo DAreia;22711;19030;3681;234;42;192
39;15;1;Passo das Pedras;15049;12729;2320;64;-35;99
39;15;1;Pedra Redonda;18;18;0;-12;-12;0
39;15;1;Petrópolis;41097;33848;7249;455;-17;472
39;15;1;Pitinga;3568;3093;475;13;-1;14
39;15;1;Ponta Grossa;8248;7250;998;5;-29;34
39;15;1;Praia de Belas;1082;915;167;-45;-18;-27
39;15;1;Restinga;58319;50840;7479;-12;-36;24
39;15;1;Rio Branco;17131;14236;2895;235;63;172
39;15;1;Rubem Berta;35391;29835;5556;221;-53;274
39;15;1;Santa Cecília;3808;3245;563;-190;-21;-169
39;15;1;Santa Maria Goretti;2076;1771;305;-96;-5;-91
39;15;1;Santa Rosa de Lima;38384;32628;5756;138;-25;163
39;15;1;Santa Tereza;43343;36146;7197;295;-116;411
39;15;1;Santana;20728;17229;3499;289;52;237
39;15;1;Santo Antônio;12048;10013;2035;-10;-17;7
39;15;1;São Caetano;465;269;196;-5;-17;12
39;15;1;São Geraldo;7718;6390;1328;70;38;32
39;15;1;São João;11633;9829;1804;-20;16;-36
39;15;1;São Sebastião;5488;4811;677;-264;15;-279
39;15;1;Sarandi;67280;56803;10477;227;6;221
39;15;1;Serraria;5524;4730;794;-8;-63;55
39;15;1;Sétimo Céu;465;390;75;-50;-14;-36
39;15;1;Teresópolis;13842;11483;2359;86;-66;152
39;15;1;Três Figueiras;2167;1997;170;-377;-49;-328
39;15;1;Tristeza;16567;14327;2240;72;-15;87
39;15;1;Vila Assunção;3434;2717;717;-52;-55;3
39;15;1;Vila Conceição;693;464;229;-57;-57;0
39;15;1;Vila Ipiranga;18432;15453;2979;112;-4;116
39;15;1;Vila Jardim;12272;10127;2145;-31;-60;29
39;15;1;Vila João Pessoa;11794;9815;1979;-9;-69;60
39;15;1;Vila Nova;35042;29861;5181;78;-114;192
39;15;1;Vila São José;27974;23420;4554;-88;-129;41
40;16;1;Aberta dos Morros;6521;5680;841;-31;112;-143
40;16;1;Agronomia;1434;1327;107;51;124;-73
40;16;1;Anchieta;1218;1164;54;76;137;-61
40;16;1;Arquipélago;8146;6970;1176;65;215;-150
40;16;1;Auxiliadora;8358;7493;865;35;309;-274
40;16;1;Azenha;12320;11246;1074;111;363;-252
40;16;1;Bela Vista;10443;9257;1186;52;339;-287
40;16;1;Belém Novo;10326;9077;1249;25;62;-37
40;16;1;Belém Velho;10697;9154;1543;51;202;-151
40;16;1;Boa Vista;8753;7759;994;104;318;-214
40;16;1;Boa Vista do Sul;1701;1573;128;-6;42;-48
40;16;1;Bom Fim;10230;9145;1085;44;361;-317
40;16;1;Bom Jesus;30708;25999;4709;-462;355;-817
40;16;1;Camaquã;18179;15794;2385;5;213;-208
40;16;1;Campo Novo;8227;7153;1074;95;232;-137
40;16;1;Cascata;12770;10978;1792;132;303;-171
40;16;1;Cavalhada;31210;27084;4126;-374;265;-639
40;16;1;Centro;43759;37116;6643;-449;300;-749
40;16;1;Chácara das Pedras;5122;4670;452;138;298;-160
40;16;1;Chapéu do Sol;2047;1934;113;1;99;-98
40;16;1;Cidade Baixa;14961;12961;2000;85;356;-271
40;16;1;Coronel Aparício Borges;19264;16520;2744;121;388;-267
40;16;1;Costa e Silva;15229;13220;2009;194;379;-185
40;16;1;Cristal;34427;29369;5058;-383;180;-563
40;16;1;Cristo Redentor;16014;14206;1808;-12;321;-333
40;16;1;Espírito Santo;4558;4040;518;7;134;-127
40;16;1;Extrema;1502;1399;103;20;31;-11
40;16;1;Farrapos;20116;17239;2877;-175;141;-316
40;16;1;Farroupilha;144;144;0;-20;-20;0
40;16;1;Floresta;10828;9437;1391;80;331;-251
40;16;1;Glória;16782;14364;2418;143;376;-233
40;16;1;Guarujá;3863;3426;437;13;120;-107
40;16;1;Higienópolis;9669;8436;1233;112;370;-258
40;16;1;Hípica;19160;16717;2443;47;75;-28
40;16;1;Humaitá;11394;9799;1595;137;183;-46
40;16;1;Independência;6503;6062;441;24;356;-332
40;16;1;Ipanema;13551;11683;1868;18;67;-49
40;16;1;Jardim Botânico;10955;9852;1103;123;372;-249
40;16;1;Jardim Carvalho;26419;22521;3898;-332;211;-543
40;16;1;Jardim do Salso;2807;2552;255;176;236;-60
40;16;1;Jardim Dona Leopoldina;17234;15001;2233;173;426;-253
40;16;1;Jardim Europa;1034;903;131;23;82;-59
40;16;1;Jardim Floresta;1986;1945;41;82;165;-83
40;16;1;Jardim Isabel;1772;1609;163;39;115;-76
40;16;1;Jardim Itu;17396;15030;2366;66;310;-244
40;16;1;Jardim Lindóia;5951;5571;380;61;236;-175
40;16;1;Jardim Sabará;12555;10807;1748;92;314;-222
40;16;1;Jardim São Pedro;2595;2418;177;139;208;-69
40;16;1;Lageado;3641;3282;359;8;62;-54
40;16;1;Lami;3676;3366;310;-42;14;-56
40;16;1;Lomba do Pinheiro;65224;55786;9438;-42;171;-213
40;16;1;Mário Quintana;41316;35287;6029;-316;278;-594
40;16;1;Medianeira;9929;8557;1372;204;343;-139
40;16;1;Menino Deus;33876;28846;5030;-137;463;-600
40;16;1;Moinhos de Vento;10758;9548;1210;109;352;-243
40;16;1;MontSerrat;10043;8672;1371;151;333;-182
40;16;1;Morro Santana;19537;16710;2827;-13;209;-222
40;16;1;Navegantes;3145;2832;313;58;166;-108
40;16;1;Nonoai;25823;22224;3599;-127;328;-455
40;16;1;Parque Santa Fé;4765;4232;533;230;320;-90
40;16;1;Partenon;53058;44578;8480;-730;181;-911
40;16;1;Passo DAreia;22641;19347;3294;-70;317;-387
40;16;1;Passo das Pedras;15238;13090;2148;189;361;-172
40;16;1;Pedra Redonda;36;1;35;18;-17;35
40;16;1;Petrópolis;40458;34106;6352;-639;258;-897
40;16;1;Pitinga;3597;3206;391;29;113;-84
40;16;1;Ponta Grossa;8263;7245;1018;15;-5;20
40;16;1;Praia de Belas;1086;1026;60;4;111;-107
40;16;1;Restinga;58343;51057;7286;24;217;-193
40;16;1;Rio Branco;17319;14659;2660;188;423;-235
40;16;1;Rubem Berta;34780;30100;4680;-611;265;-876
40;16;1;Santa Cecília;4012;3572;440;204;327;-123
40;16;1;Santa Maria Goretti;2249;2016;233;173;245;-72
40;16;1;Santa Rosa de Lima;37989;32746;5243;-395;118;-513
40;16;1;Santa Tereza;42982;36279;6703;-361;133;-494
40;16;1;Santana;20884;17651;3233;156;422;-266
40;16;1;Santo Antônio;12266;10322;1944;218;309;-91
40;16;1;São Caetano;547;287;260;82;18;64
40;16;1;São Geraldo;7844;6634;1210;126;244;-118
40;16;1;São João;11594;10085;1509;-39;256;-295
40;16;1;São Sebastião;5505;5053;452;17;242;-225
40;16;1;Sarandi;66926;57066;9860;-354;263;-617
40;16;1;Serraria;5565;4756;809;41;26;15
40;16;1;Sétimo Céu;511;399;112;46;9;37
40;16;1;Teresópolis;13921;11839;2082;79;356;-277
40;16;1;Três Figueiras;2479;2285;194;312;288;24
40;16;1;Tristeza;16732;14457;2275;165;130;35
40;16;1;Vila Assunção;3603;2934;669;169;217;-48
40;16;1;Vila Conceição;739;472;267;46;8;38
40;16;1;Vila Ipiranga;18617;15730;2887;185;277;-92
40;16;1;Vila Jardim;12560;10460;2100;288;333;-45
40;16;1;Vila João Pessoa;11936;10120;1816;142;305;-163
40;16;1;Vila Nova;34687;29818;4869;-355;-43;-312
40;16;1;Vila São José;27813;23608;4205;-161;188;-349
41;17;1;Aberta dos Morros;6802;6468;334;281;788;-507
41;17;1;Agronomia;1720;1708;12;286;381;-95
41;17;1;Anchieta;1485;1485;0;267;321;-54
41;17;1;Arquipélago;8293;7791;502;147;821;-674
41;17;1;Auxiliadora;8882;8639;243;524;1146;-622
41;17;1;Azenha;12936;12614;322;616;1368;-752
41;17;1;Bela Vista;10986;10607;379;543;1350;-807
41;17;1;Belém Novo;10162;9560;602;-164;483;-647
41;17;1;Belém Velho;10878;10114;764;181;960;-779
41;17;1;Boa Vista;9325;8990;335;572;1231;-659
41;17;1;Boa Vista do Sul;1906;1849;57;205;276;-71
41;17;1;Bom Fim;10858;10474;384;628;1329;-701
41;17;1;Bom Jesus;29824;27354;2470;-884;1355;-2239
41;17;1;Camaquã;18144;16929;1215;-35;1135;-1170
41;17;1;Campo Novo;8550;8023;527;323;870;-547
41;17;1;Cascata;13018;12090;928;248;1112;-864
41;17;1;Cavalhada;30309;28176;2133;-901;1092;-1993
41;17;1;Centro;41736;38202;3534;-2023;1086;-3109
41;17;1;Chácara das Pedras;5664;5597;67;542;927;-385
41;17;1;Chapéu do Sol;2347;2305;42;300;371;-71
41;17;1;Cidade Baixa;15187;14231;956;226;1270;-1044
41;17;1;Coronel Aparício Borges;19301;17930;1371;37;1410;-1373
41;17;1;Costa e Silva;15450;14554;896;221;1334;-1113
41;17;1;Cristal;33567;30494;3073;-860;1125;-1985
41;17;1;Cristo Redentor;16174;15441;733;160;1235;-1075
41;17;1;Espírito Santo;4953;4746;207;395;706;-311
41;17;1;Extrema;1672;1586;86;170;187;-17
41;17;1;Farrapos;19670;18146;1524;-446;907;-1353
41;17;1;Farroupilha;339;339;0;195;195;0
41;17;1;Floresta;11176;10603;573;348;1166;-818
41;17;1;Glória;16989;15703;1286;207;1339;-1132
41;17;1;Guarujá;4235;4063;172;372;637;-265
41;17;1;Higienópolis;10086;9626;460;417;1190;-773
41;17;1;Hípica;18897;17562;1335;-263;845;-1108
41;17;1;Humaitá;11573;10742;831;179;943;-764
41;17;1;Independência;7214;7079;135;711;1017;-306
41;17;1;Ipanema;13603;12633;970;52;950;-898
41;17;1;Jardim Botânico;11671;11276;395;716;1424;-708
41;17;1;Jardim Carvalho;26173;23890;2283;-246;1369;-1615
41;17;1;Jardim do Salso;3301;3281;20;494;729;-235
41;17;1;Jardim Dona Leopoldina;17508;16413;1095;274;1412;-1138
41;17;1;Jardim Europa;1378;1313;65;344;410;-66
41;17;1;Jardim Floresta;2476;2476;0;490;531;-41
41;17;1;Jardim Isabel;2136;2087;49;364;478;-114
41;17;1;Jardim Itu;17633;16439;1194;237;1409;-1172
41;17;1;Jardim Lindóia;6656;6526;130;705;955;-250
41;17;1;Jardim Sabará;13070;12166;904;515;1359;-844
41;17;1;Jardim São Pedro;3048;3015;33;453;597;-144
41;17;1;Lageado;3912;3770;142;271;488;-217
41;17;1;Lami;3900;3745;155;224;379;-155
41;17;1;Lomba do Pinheiro;62712;56851;5861;-2512;1065;-3577
41;17;1;Mário Quintana;40027;36448;3579;-1289;1161;-2450
41;17;1;Medianeira;10457;9868;589;528;1311;-783
41;17;1;Menino Deus;33175;30165;3010;-701;1319;-2020
41;17;1;Moinhos de Vento;11312;10836;476;554;1288;-734
41;17;1;MontSerrat;10579;9938;641;536;1266;-730
41;17;1;Morro Santana;19482;17958;1524;-55;1248;-1303
41;17;1;Navegantes;3768;3549;219;623;717;-94
41;17;1;Nonoai;25585;23496;2089;-238;1272;-1510
41;17;1;Parque Santa Fé;5219;5078;141;454;846;-392
41;17;1;Partenon;51322;46028;5294;-1736;1450;-3186
41;17;1;Passo DAreia;22374;20554;1820;-267;1207;-1474
41;17;1;Passo das Pedras;15650;14487;1163;412;1397;-985
41;17;1;Pedra Redonda;53;53;0;17;52;-35
41;17;1;Petrópolis;39142;35569;3573;-1316;1463;-2779
41;17;1;Pitinga;3889;3708;181;292;502;-210
41;17;1;Ponta Grossa;8422;7883;539;159;638;-479
41;17;1;Praia de Belas;1465;1403;62;379;377;2
41;17;1;Restinga;56402;52155;4247;-1941;1098;-3039
41;17;1;Rio Branco;17499;16079;1420;180;1420;-1240
41;17;1;Rubem Berta;34044;31360;2684;-736;1260;-1996
41;17;1;Santa Cecília;4619;4466;153;607;894;-287
41;17;1;Santa Maria Goretti;2649;2605;44;400;589;-189
41;17;1;Santa Rosa de Lima;36967;33830;3137;-1022;1084;-2106
41;17;1;Santa Tereza;41439;37501;3938;-1543;1222;-2765
41;17;1;Santana;20951;19086;1865;67;1435;-1368
41;17;1;Santo Antônio;12726;11707;1019;460;1385;-925
41;17;1;São Caetano;604;400;204;57;113;-56
41;17;1;São Geraldo;8233;7626;607;389;992;-603
41;17;1;São João;12027;11201;826;433;1116;-683
41;17;1;São Sebastião;6203;6033;170;698;980;-282
41;17;1;Sarandi;64289;58142;6147;-2637;1076;-3713
41;17;1;Serraria;5827;5403;424;262;647;-385
41;17;1;Sétimo Céu;676;637;39;165;238;-73
41;17;1;Teresópolis;14432;13207;1225;511;1368;-857
41;17;1;Três Figueiras;2960;2938;22;481;653;-172
41;17;1;Tristeza;16654;15432;1222;-78;975;-1053
41;17;1;Vila Assunção;3768;3585;183;165;651;-486
41;17;1;Vila Conceição;856;709;147;117;237;-120
41;17;1;Vila Ipiranga;18665;17047;1618;48;1317;-1269
41;17;1;Vila Jardim;12822;11740;1082;262;1280;-1018
41;17;1;Vila João Pessoa;12377;11430;947;441;1310;-869
41;17;1;Vila Nova;33279;30816;2463;-1408;998;-2406
41;17;1;Vila São José;26977;24754;2223;-836;1146;-1982
42;18;1;Aberta dos Morros;6859;6431;428;57;-37;94
42;18;1;Agronomia;1849;1785;64;129;77;52
42;18;1;Anchieta;1533;1515;18;48;30;18
42;18;1;Arquipélago;8242;7734;508;-51;-57;6
42;18;1;Auxiliadora;9016;8592;424;134;-47;181
42;18;1;Azenha;13190;12529;661;254;-85;339
42;18;1;Bela Vista;11090;10544;546;104;-63;167
42;18;1;Belém Novo;10202;9466;736;40;-94;134
42;18;1;Belém Velho;10806;10051;755;-72;-63;-9
42;18;1;Boa Vista;9420;8960;460;95;-30;125
42;18;1;Boa Vista do Sul;2101;1934;167;195;85;110
42;18;1;Bom Fim;10943;10399;544;85;-75;160
42;18;1;Bom Jesus;29270;27223;2047;-554;-131;-423
42;18;1;Camaquã;17950;16773;1177;-194;-156;-38
42;18;1;Campo Novo;8512;7950;562;-38;-73;35
42;18;1;Cascata;12934;12049;885;-84;-41;-43
42;18;1;Cavalhada;30162;28081;2081;-147;-95;-52
42;18;1;Centro;41035;37973;3062;-701;-229;-472
42;18;1;Chácara das Pedras;5859;5598;261;195;1;194
42;18;1;Chapéu do Sol;2449;2330;119;102;25;77
42;18;1;Cidade Baixa;15123;14150;973;-64;-81;17
42;18;1;Coronel Aparício Borges;19244;17900;1344;-57;-30;-27
42;18;1;Costa e Silva;15408;14479;929;-42;-75;33
42;18;1;Cristal;32824;30255;2569;-743;-239;-504
42;18;1;Cristo Redentor;16311;15430;881;137;-11;148
42;18;1;Espírito Santo;5052;4749;303;99;3;96
42;18;1;Extrema;1813;1701;112;141;115;26
42;18;1;Farrapos;19446;17999;1447;-224;-147;-77
42;18;1;Farroupilha;326;326;0;-13;-13;0
42;18;1;Floresta;11195;10534;661;19;-69;88
42;18;1;Glória;16858;15680;1178;-131;-23;-108
42;18;1;Guarujá;4366;4070;296;131;7;124
42;18;1;Higienópolis;10160;9601;559;74;-25;99
42;18;1;Hípica;18889;17478;1411;-8;-84;76
42;18;1;Humaitá;11496;10669;827;-77;-73;-4
42;18;1;Independência;7436;7053;383;222;-26;248
42;18;1;Ipanema;13707;12663;1044;104;30;74
42;18;1;Jardim Botânico;11921;11304;617;250;28;222
42;18;1;Jardim Carvalho;25878;23833;2045;-295;-57;-238
42;18;1;Jardim do Salso;3469;3335;134;168;54;114
42;18;1;Jardim Dona Leopoldina;17464;16387;1077;-44;-26;-18
42;18;1;Jardim Europa;1360;1359;1;-18;46;-64
42;18;1;Jardim Floresta;2576;2506;70;100;30;70
42;18;1;Jardim Isabel;2254;2146;108;118;59;59
42;18;1;Jardim Itu;17514;16346;1168;-119;-93;-26
42;18;1;Jardim Lindóia;6894;6563;331;238;37;201
42;18;1;Jardim Sabará;13000;12151;849;-70;-15;-55
42;18;1;Jardim São Pedro;3195;3054;141;147;39;108
42;18;1;Lageado;4163;3858;305;251;88;163
42;18;1;Lami;4124;3862;262;224;117;107
42;18;1;Lomba do Pinheiro;62176;56775;5401;-536;-76;-460
42;18;1;Mário Quintana;39175;36137;3038;-852;-311;-541
42;18;1;Medianeira;10489;9811;678;32;-57;89
42;18;1;Menino Deus;32614;29930;2684;-561;-235;-326
42;18;1;Moinhos de Vento;11462;10822;640;150;-14;164
42;18;1;MontSerrat;10580;9893;687;1;-45;46
42;18;1;Morro Santana;19506;18004;1502;24;46;-22
42;18;1;Navegantes;3814;3625;189;46;76;-30
42;18;1;Nonoai;25358;23402;1956;-227;-94;-133
42;18;1;Parque Santa Fé;5391;5114;277;172;36;136
42;18;1;Partenon;50114;45558;4556;-1208;-470;-738
42;18;1;Passo DAreia;22227;20432;1795;-147;-122;-25
42;18;1;Passo das Pedras;15610;14464;1146;-40;-23;-17
42;18;1;Pedra Redonda;79;34;45;26;-19;45
42;18;1;Petrópolis;38762;35449;3313;-380;-120;-260
42;18;1;Pitinga;4083;3807;276;194;99;95
42;18;1;Ponta Grossa;8564;7972;592;142;89;53
42;18;1;Praia de Belas;1569;1487;82;104;84;20
42;18;1;Restinga;56258;52117;4141;-144;-38;-106
42;18;1;Rio Branco;17402;15935;1467;-97;-144;47
42;18;1;Rubem Berta;34152;31216;2936;108;-144;252
42;18;1;Santa Cecília;4794;4427;367;175;-39;214
42;18;1;Santa Maria Goretti;2876;2626;250;227;21;206
42;18;1;Santa Rosa de Lima;36555;33633;2922;-412;-197;-215
42;18;1;Santa Tereza;40761;37250;3511;-678;-251;-427
42;18;1;Santana;20995;19051;1944;44;-35;79
42;18;1;Santo Antônio;12957;11744;1213;231;37;194
42;18;1;São Caetano;561;465;96;-43;65;-108
42;18;1;São Geraldo;8394;7669;725;161;43;118
42;18;1;São João;12301;11307;994;274;106;168
42;18;1;São Sebastião;6518;6119;399;315;86;229
42;18;1;Sarandi;63877;58074;5803;-412;-68;-344
42;18;1;Serraria;5987;5545;442;160;142;18
42;18;1;Sétimo Céu;723;652;71;47;15;32
42;18;1;Teresópolis;14630;13233;1397;198;26;172
42;18;1;Três Figueiras;3352;3042;310;392;104;288
42;18;1;Tristeza;16740;15389;1351;86;-43;129
42;18;1;Vila Assunção;4032;3650;382;264;65;199
42;18;1;Vila Conceição;932;799;133;76;90;-14
42;18;1;Vila Ipiranga;18996;17157;1839;331;110;221
42;18;1;Vila Jardim;13135;11852;1283;313;112;201
42;18;1;Vila João Pessoa;12670;11516;1154;293;86;207
42;18;1;Vila Nova;33827;30838;2989;548;22;526
42;18;1;Vila São José;27465;24981;2484;488;227;261
43;19;1;Aberta dos Morros;6850;6436;414;-9;5;-14
43;19;1;Agronomia;1836;1793;43;-13;8;-21
43;19;1;Anchieta;1549;1547;2;16;32;-16
43;19;1;Arquipélago;8280;7763;517;38;29;9
43;19;1;Auxiliadora;8994;8646;348;-22;54;-76
43;19;1;Azenha;13045;12569;476;-145;40;-185
43;19;1;Bela Vista;11050;10597;453;-40;53;-93
43;19;1;Belém Novo;10242;9492;750;40;26;14
43;19;1;Belém Velho;10844;10063;781;38;12;26
43;19;1;Boa Vista;9367;8982;385;-53;22;-75
43;19;1;Boa Vista do Sul;2118;1957;161;17;23;-6
43;19;1;Bom Fim;10920;10483;437;-23;84;-107
43;19;1;Bom Jesus;29448;27310;2138;178;87;91
43;19;1;Camaquã;18018;16843;1175;68;70;-2
43;19;1;Campo Novo;8522;7967;555;10;17;-7
43;19;1;Cascata;12976;12068;908;42;19;23
43;19;1;Cavalhada;30096;28090;2006;-66;9;-75
43;19;1;Centro;41102;38073;3029;67;100;-33
43;19;1;Chácara das Pedras;5812;5643;169;-47;45;-92
43;19;1;Chapéu do Sol;2426;2334;92;-23;4;-27
43;19;1;Cidade Baixa;15148;14199;949;25;49;-24
43;19;1;Coronel Aparício Borges;19247;17959;1288;3;59;-56
43;19;1;Costa e Silva;15506;14561;945;98;82;16
43;19;1;Cristal;33075;30362;2713;251;107;144
43;19;1;Cristo Redentor;16258;15465;793;-53;35;-88
43;19;1;Espírito Santo;5053;4773;280;1;24;-23
43;19;1;Extrema;1816;1705;111;3;4;-1
43;19;1;Farrapos;19603;18094;1509;157;95;62
43;19;1;Farroupilha;386;386;0;60;60;0
43;19;1;Floresta;11177;10575;602;-18;41;-59
43;19;1;Glória;16937;15724;1213;79;44;35
43;19;1;Guarujá;4377;4097;280;11;27;-16
43;19;1;Higienópolis;10195;9659;536;35;58;-23
43;19;1;Hípica;18983;17501;1482;94;23;71
43;19;1;Humaitá;11526;10724;802;30;55;-25
43;19;1;Independência;7332;7079;253;-104;26;-130
43;19;1;Ipanema;13793;12699;1094;86;36;50
43;19;1;Jardim Botânico;11802;11319;483;-119;15;-134
43;19;1;Jardim Carvalho;26056;23918;2138;178;85;93
43;19;1;Jardim do Salso;3403;3365;38;-66;30;-96
43;19;1;Jardim Dona Leopoldina;17533;16445;1088;69;58;11
43;19;1;Jardim Europa;1417;1416;1;57;57;0
43;19;1;Jardim Floresta;2555;2554;1;-21;48;-69
43;19;1;Jardim Isabel;2206;2155;51;-48;9;-57
43;19;1;Jardim Itu;17673;16463;1210;159;117;42
43;19;1;Jardim Lindóia;6833;6602;231;-61;39;-100
43;19;1;Jardim Sabará;13106;12208;898;106;57;49
43;19;1;Jardim São Pedro;3151;3091;60;-44;37;-81
43;19;1;Lageado;4179;3884;295;16;26;-10
43;19;1;Lami;4137;3872;265;13;10;3
43;19;1;Lomba do Pinheiro;62044;56776;5268;-132;1;-133
43;19;1;Mário Quintana;39421;36259;3162;246;122;124
43;19;1;Medianeira;10523;9871;652;34;60;-26
43;19;1;Menino Deus;32760;30028;2732;146;98;48
43;19;1;Moinhos de Vento;11470;10854;616;8;32;-24
43;19;1;MontSerrat;10585;9955;630;5;62;-57
43;19;1;Morro Santana;19611;18018;1593;105;14;91
43;19;1;Navegantes;3735;3643;92;-79;18;-97
43;19;1;Nonoai;25423;23401;2022;65;-1;66
43;19;1;Parque Santa Fé;5384;5177;207;-7;63;-70
43;19;1;Partenon;50412;45726;4686;298;168;130
43;19;1;Passo DAreia;22364;20516;1848;137;84;53
43;19;1;Passo das Pedras;15639;14556;1083;29;92;-63
43;19;1;Pedra Redonda;63;57;6;-16;23;-39
43;19;1;Petrópolis;38912;35543;3369;150;94;56
43;19;1;Pitinga;4103;3812;291;20;5;15
43;19;1;Ponta Grossa;8582;7960;622;18;-12;30
43;19;1;Praia de Belas;1514;1514;0;-55;27;-82
43;19;1;Restinga;55947;52101;3846;-311;-16;-295
43;19;1;Rio Branco;17470;16025;1445;68;90;-22
43;19;1;Rubem Berta;33990;31201;2789;-162;-15;-147
43;19;1;Santa Cecília;4724;4474;250;-70;47;-117
43;19;1;Santa Maria Goretti;2808;2665;143;-68;39;-107
43;19;1;Santa Rosa de Lima;36517;33703;2814;-38;70;-108
43;19;1;Santa Tereza;40820;37344;3476;59;94;-35
43;19;1;Santana;21024;19106;1918;29;55;-26
43;19;1;Santo Antônio;12906;11772;1134;-51;28;-79
43;19;1;São Caetano;567;470;97;6;5;1
43;19;1;São Geraldo;8377;7701;676;-17;32;-49
43;19;1;São João;12262;11328;934;-39;21;-60
43;19;1;São Sebastião;6456;6152;304;-62;33;-95
43;19;1;Sarandi;63471;58082;5389;-406;8;-414
43;19;1;Serraria;5985;5510;475;-2;-35;33
43;19;1;Sétimo Céu;726;672;54;3;20;-17
43;19;1;Teresópolis;14546;13240;1306;-84;7;-91
43;19;1;Três Figueiras;3226;3063;163;-126;21;-147
43;19;1;Tristeza;16736;15364;1372;-4;-25;21
43;19;1;Vila Assunção;4031;3655;376;-1;5;-6
43;19;1;Vila Conceição;934;795;139;2;-4;6
43;19;1;Vila Ipiranga;18813;17085;1728;-183;-72;-111
43;19;1;Vila Jardim;12969;11786;1183;-166;-66;-100
43;19;1;Vila João Pessoa;12705;11545;1160;35;29;6
43;19;1;Vila Nova;33535;30795;2740;-292;-43;-249
43;19;1;Vila São José;27303;24889;2414;-162;-92;-70
44;20;1;Aberta dos Morros;7126;6905;221;276;469;-193
44;20;1;Agronomia;2524;2220;304;688;427;261
44;20;1;Anchieta;2151;1942;209;602;395;207
44;20;1;Arquipélago;8501;8241;260;221;478;-257
44;20;1;Auxiliadora;9491;9440;51;497;794;-297
44;20;1;Azenha;13473;13473;0;428;904;-476
44;20;1;Bela Vista;11569;11525;44;519;928;-409
44;20;1;Belém Novo;10283;9923;360;41;431;-390
44;20;1;Belém Velho;10944;10629;315;100;566;-466
44;20;1;Boa Vista;9882;9812;70;515;830;-315
44;20;1;Boa Vista do Sul;2444;2123;321;326;166;160
44;20;1;Bom Fim;11419;11372;47;499;889;-390
44;20;1;Bom Jesus;28580;28354;226;-868;1044;-1912
44;20;1;Camaquã;17798;17588;210;-220;745;-965
44;20;1;Campo Novo;8739;8512;227;217;545;-328
44;20;1;Cascata;13029;12765;264;53;697;-644
44;20;1;Cavalhada;29148;28967;181;-948;877;-1825
44;20;1;Centro;39186;38962;224;-1916;889;-2805
44;20;1;Chácara das Pedras;6514;6425;89;702;782;-80
44;20;1;Chapéu do Sol;2923;2678;245;497;344;153
44;20;1;Cidade Baixa;15298;15152;146;150;953;-803
44;20;1;Coronel Aparício Borges;19214;18980;234;-33;1021;-1054
44;20;1;Costa e Silva;15703;15542;161;197;981;-784
44;20;1;Cristal;32158;31520;638;-917;1158;-2075
44;20;1;Cristo Redentor;16197;16189;8;-61;724;-785
44;20;1;Espírito Santo;5452;5276;176;399;503;-104
44;20;1;Extrema;2145;1848;297;329;143;186
44;20;1;Farrapos;19248;18817;431;-355;723;-1078
44;20;1;Farroupilha;979;815;164;593;429;164
44;20;1;Floresta;11499;11382;117;322;807;-485
44;20;1;Glória;16927;16731;196;-10;1007;-1017
44;20;1;Guarujá;4803;4557;246;426;460;-34
44;20;1;Higienópolis;10559;10453;106;364;794;-430
44;20;1;Hípica;18614;18181;433;-369;680;-1049
44;20;1;Humaitá;11658;11347;311;132;623;-491
44;20;1;Independência;7968;7890;78;636;811;-175
44;20;1;Ipanema;13692;13352;340;-101;653;-754
44;20;1;Jardim Botânico;12242;12217;25;440;898;-458
44;20;1;Jardim Carvalho;25466;25039;427;-590;1121;-1711
44;20;1;Jardim do Salso;4358;4161;197;955;796;159
44;20;1;Jardim Dona Leopoldina;17789;17601;188;256;1156;-900
44;20;1;Jardim Europa;2202;2071;131;785;655;130
44;20;1;Jardim Floresta;3255;3090;165;700;536;164
44;20;1;Jardim Isabel;2787;2579;208;581;424;157
44;20;1;Jardim Itu;17662;17494;168;-11;1031;-1042
44;20;1;Jardim Lindóia;7283;7195;88;450;593;-143
44;20;1;Jardim Sabará;13338;13179;159;232;971;-739
44;20;1;Jardim São Pedro;3930;3731;199;779;640;139
44;20;1;Lageado;4541;4234;307;362;350;12
44;20;1;Lami;4364;4080;284;227;208;19
44;20;1;Lomba do Pinheiro;59017;57830;1187;-3027;1054;-4081
44;20;1;Mário Quintana;38302;37606;696;-1119;1347;-2466
44;20;1;Medianeira;10992;10872;120;469;1001;-532
44;20;1;Menino Deus;31545;31202;343;-1215;1174;-2389
44;20;1;Moinhos de Vento;11759;11667;92;289;813;-524
44;20;1;MontSerrat;11090;10919;171;505;964;-459
44;20;1;Morro Santana;19406;18958;448;-205;940;-1145
44;20;1;Navegantes;4349;4155;194;614;512;102
44;20;1;Nonoai;25118;24649;469;-305;1248;-1553
44;20;1;Parque Santa Fé;6235;6048;187;851;871;-20
44;20;1;Partenon;48469;47364;1105;-1943;1638;-3581
44;20;1;Passo DAreia;21867;21548;319;-497;1032;-1529
44;20;1;Passo das Pedras;15802;15540;262;163;984;-821
44;20;1;Pedra Redonda;354;117;237;291;60;231
44;20;1;Petrópolis;37563;36906;657;-1349;1363;-2712
44;20;1;Pitinga;4531;4178;353;428;366;62
44;20;1;Ponta Grossa;8747;8348;399;165;388;-223
44;20;1;Praia de Belas;2397;2132;265;883;618;265
44;20;1;Restinga;53653;52857;796;-2294;756;-3050
44;20;1;Rio Branco;17338;17113;225;-132;1088;-1220
44;20;1;Rubem Berta;33451;32657;794;-539;1456;-1995
44;20;1;Santa Cecília;5701;5405;296;977;931;46
44;20;1;Santa Maria Goretti;3546;3256;290;738;591;147
44;20;1;Santa Rosa de Lima;35743;34859;884;-774;1156;-1930
44;20;1;Santa Tereza;39847;38816;1031;-973;1472;-2445
44;20;1;Santana;20543;20222;321;-481;1116;-1597
44;20;1;Santo Antônio;13025;12720;305;119;948;-829
44;20;1;São Caetano;886;592;294;319;122;197
44;20;1;São Geraldo;8737;8421;316;360;720;-360
44;20;1;São João;12159;11952;207;-103;624;-727
44;20;1;São Sebastião;6991;6810;181;535;658;-123
44;20;1;Sarandi;60264;59103;1161;-3207;1021;-4228
44;20;1;Serraria;6279;5862;417;294;352;-58
44;20;1;Sétimo Céu;1209;1006;203;483;334;149
44;20;1;Teresópolis;14636;14216;420;90;976;-886
44;20;1;Três Figueiras;4025;3764;261;799;701;98
44;20;1;Tristeza;16586;16109;477;-150;745;-895
44;20;1;Vila Assunção;4593;4133;460;562;478;84
44;20;1;Vila Conceição;1481;1116;365;547;321;226
44;20;1;Vila Ipiranga;18662;18171;491;-151;1086;-1237
44;20;1;Vila Jardim;13196;12743;453;227;957;-730
44;20;1;Vila João Pessoa;12915;12549;366;210;1004;-794
44;20;1;Vila Nova;32519;31649;870;-1016;854;-1870
44;20;1;Vila São José;26768;25927;841;-535;1038;-1573
45;21;1;Aberta dos Morros;7118;6959;159;-8;54;-62
45;21;1;Agronomia;2484;2247;237;-40;27;-67
45;21;1;Anchieta;2131;1977;154;-20;35;-55
45;21;1;Arquipélago;8449;8274;175;-52;33;-85
45;21;1;Auxiliadora;9542;9532;10;51;92;-41
45;21;1;Azenha;13582;13582;0;109;109;0
45;21;1;Bela Vista;11635;11619;16;66;94;-28
45;21;1;Belém Novo;10197;9967;230;-86;44;-130
45;21;1;Belém Velho;10872;10675;197;-72;46;-118
45;21;1;Boa Vista;9907;9896;11;25;84;-59
45;21;1;Boa Vista do Sul;2441;2155;286;-3;32;-35
45;21;1;Bom Fim;11455;11445;10;36;73;-37
45;21;1;Bom Jesus;28753;28457;296;173;103;70
45;21;1;Camaquã;17822;17673;149;24;85;-61
45;21;1;Campo Novo;8729;8567;162;-10;55;-65
45;21;1;Cascata;13023;12846;177;-6;81;-87
45;21;1;Cavalhada;29180;29065;115;32;98;-66
45;21;1;Centro;39372;39037;335;186;75;111
45;21;1;Chácara das Pedras;6525;6516;9;11;91;-80
45;21;1;Chapéu do Sol;2921;2732;189;-2;54;-56
45;21;1;Cidade Baixa;15294;15227;67;-4;75;-79
45;21;1;Coronel Aparício Borges;19259;19077;182;45;97;-52
45;21;1;Costa e Silva;15710;15641;69;7;99;-92
45;21;1;Cristal;32007;31680;327;-151;160;-311
45;21;1;Cristo Redentor;16345;16313;32;148;124;24
45;21;1;Espírito Santo;5513;5369;144;61;93;-32
45;21;1;Extrema;2165;1870;295;20;22;-2
45;21;1;Farrapos;19141;18898;243;-107;81;-188
45;21;1;Farroupilha;909;844;65;-70;29;-99
45;21;1;Floresta;11493;11468;25;-6;86;-92
45;21;1;Glória;16997;16837;160;70;106;-36
45;21;1;Guarujá;4825;4627;198;22;70;-48
45;21;1;Higienópolis;10603;10565;38;44;112;-68
45;21;1;Hípica;18579;18310;269;-35;129;-164
45;21;1;Humaitá;11589;11411;178;-69;64;-133
45;21;1;Independência;7970;7968;2;2;78;-76
45;21;1;Ipanema;13720;13467;253;28;115;-87
45;21;1;Jardim Botânico;12316;12313;3;74;96;-22
45;21;1;Jardim Carvalho;25462;25158;304;-4;119;-123
45;21;1;Jardim do Salso;4328;4229;99;-30;68;-98
45;21;1;Jardim Dona Leopoldina;17835;17741;94;46;140;-94
45;21;1;Jardim Europa;2244;2166;78;42;95;-53
45;21;1;Jardim Floresta;3284;3185;99;29;95;-66
45;21;1;Jardim Isabel;2788;2635;153;1;56;-55
45;21;1;Jardim Itu;17771;17639;132;109;145;-36
45;21;1;Jardim Lindóia;7299;7287;12;16;92;-76
45;21;1;Jardim Sabará;13461;13340;121;123;161;-38
45;21;1;Jardim São Pedro;3928;3824;104;-2;93;-95
45;21;1;Lageado;4534;4290;244;-7;56;-63
45;21;1;Lami;4375;4116;259;11;36;-25
45;21;1;Lomba do Pinheiro;58712;57906;806;-305;76;-381
45;21;1;Mário Quintana;38305;37817;488;3;211;-208
45;21;1;Medianeira;11054;10986;68;62;114;-52
45;21;1;Menino Deus;31786;31387;399;241;185;56
45;21;1;Moinhos de Vento;11801;11759;42;42;92;-50
45;21;1;MontSerrat;11082;11039;43;-8;120;-128
45;21;1;Morro Santana;19400;19138;262;-6;180;-186
45;21;1;Navegantes;4323;4227;96;-26;72;-98
45;21;1;Nonoai;25105;24833;272;-13;184;-197
45;21;1;Parque Santa Fé;6289;6183;106;54;135;-81
45;21;1;Partenon;48436;47712;724;-33;348;-381
45;21;1;Passo DAreia;21983;21750;233;116;202;-86
45;21;1;Passo das Pedras;15833;15692;141;31;152;-121
45;21;1;Pedra Redonda;327;132;195;-27;15;-42
45;21;1;Petrópolis;37592;37153;439;29;247;-218
45;21;1;Pitinga;4518;4214;304;-13;36;-49
45;21;1;Ponta Grossa;8724;8458;266;-23;110;-133
45;21;1;Praia de Belas;2282;2168;114;-115;36;-151
45;21;1;Restinga;53609;53084;525;-44;227;-271
45;21;1;Rio Branco;17530;17280;250;192;167;25
45;21;1;Rubem Berta;33340;32860;480;-111;203;-314
45;21;1;Santa Cecília;5628;5545;83;-73;140;-213
45;21;1;Santa Maria Goretti;3518;3360;158;-28;104;-132
45;21;1;Santa Rosa de Lima;35547;35050;497;-196;191;-387
45;21;1;Santa Tereza;39795;39111;684;-52;295;-347
45;21;1;Santana;20754;20450;304;211;228;-17
45;21;1;Santo Antônio;12997;12881;116;-28;161;-189
45;21;1;São Caetano;909;613;296;23;21;2
45;21;1;São Geraldo;8660;8516;144;-77;95;-172
45;21;1;São João;12120;12067;53;-39;115;-154
45;21;1;São Sebastião;6922;6886;36;-69;76;-145
45;21;1;Sarandi;59988;59382;606;-276;279;-555
45;21;1;Serraria;6301;5962;339;22;100;-78
45;21;1;Sétimo Céu;1225;1059;166;16;53;-37
45;21;1;Teresópolis;14629;14403;226;-7;187;-194
45;21;1;Três Figueiras;3974;3886;88;-51;122;-173
45;21;1;Tristeza;16636;16312;324;50;203;-153
45;21;1;Vila Assunção;4535;4202;333;-58;69;-127
45;21;1;Vila Conceição;1508;1159;349;27;43;-16
45;21;1;Vila Ipiranga;18633;18376;257;-29;205;-234
45;21;1;Vila Jardim;13155;12933;222;-41;190;-231
45;21;1;Vila João Pessoa;12878;12711;167;-37;162;-199
45;21;1;Vila Nova;32450;31923;527;-69;274;-343
45;21;1;Vila São José;26676;26137;539;-92;210;-302
46;22;1;Aberta dos Morros;7144;6958;186;26;-1;27
46;22;1;Agronomia;2552;2262;290;68;15;53
46;22;1;Anchieta;2169;1952;217;38;-25;63
46;22;1;Arquipélago;8421;8247;174;-28;-27;-1
46;22;1;Auxiliadora;9623;9466;157;81;-66;147
46;22;1;Azenha;13694;13533;161;112;-49;161
46;22;1;Bela Vista;11717;11555;162;82;-64;146
46;22;1;Belém Novo;10204;9966;238;7;-1;8
46;22;1;Belém Velho;10871;10679;192;-1;4;-5
46;22;1;Boa Vista;9998;9840;158;91;-56;147
46;22;1;Boa Vista do Sul;2479;2156;323;38;1;37
46;22;1;Bom Fim;11509;11368;141;54;-77;131
46;22;1;Bom Jesus;28616;28445;171;-137;-12;-125
46;22;1;Camaquã;17819;17656;163;-3;-17;14
46;22;1;Campo Novo;8735;8568;167;6;1;5
46;22;1;Cascata;13008;12840;168;-15;-6;-9
46;22;1;Cavalhada;29255;29050;205;75;-15;90
46;22;1;Centro;39297;38978;319;-75;-59;-16
46;22;1;Chácara das Pedras;6631;6478;153;106;-38;144
46;22;1;Chapéu do Sol;2969;2750;219;48;18;30
46;22;1;Cidade Baixa;15372;15185;187;78;-42;120
46;22;1;Coronel Aparício Borges;19254;19081;173;-5;4;-9
46;22;1;Costa e Silva;15808;15647;161;98;6;92
46;22;1;Cristal;31948;31706;242;-59;26;-85
46;22;1;Cristo Redentor;16420;16242;178;75;-71;146
46;22;1;Espírito Santo;5535;5379;156;22;10;12
46;22;1;Extrema;2177;1862;315;12;-8;20
46;22;1;Farrapos;19054;18853;201;-87;-45;-42
46;22;1;Farroupilha;926;774;152;17;-70;87
46;22;1;Floresta;11574;11410;164;81;-58;139
46;22;1;Glória;17053;16849;204;56;12;44
46;22;1;Guarujá;4847;4635;212;22;8;14
46;22;1;Higienópolis;10681;10513;168;78;-52;130
46;22;1;Hípica;18602;18374;228;23;64;-41
46;22;1;Humaitá;11577;11386;191;-12;-25;13
46;22;1;Independência;8067;7901;166;97;-67;164
46;22;1;Ipanema;13674;13474;200;-46;7;-53
46;22;1;Jardim Botânico;12481;12304;177;165;-9;174
46;22;1;Jardim Carvalho;25405;25170;235;-57;12;-69
46;22;1;Jardim do Salso;4366;4217;149;38;-12;50
46;22;1;Jardim Dona Leopoldina;17930;17786;144;95;45;50
46;22;1;Jardim Europa;2268;2118;150;24;-48;72
46;22;1;Jardim Floresta;3299;3150;149;15;-35;50
46;22;1;Jardim Isabel;2801;2621;180;13;-14;27
46;22;1;Jardim Itu;17797;17627;170;26;-12;38
46;22;1;Jardim Lindóia;7407;7259;148;108;-28;136
46;22;1;Jardim Sabará;13497;13331;166;36;-9;45
46;22;1;Jardim São Pedro;3932;3787;145;4;-37;41
46;22;1;Lageado;4551;4303;248;17;13;4
46;22;1;Lami;4377;4103;274;2;-13;15
46;22;1;Lomba do Pinheiro;58460;57942;518;-252;36;-288
46;22;1;Mário Quintana;38161;37875;286;-144;58;-202
46;22;1;Medianeira;11151;10985;166;97;-1;98
46;22;1;Menino Deus;31619;31358;261;-167;-29;-138
46;22;1;Moinhos de Vento;11874;11697;177;73;-62;135
46;22;1;MontSerrat;11146;10981;165;64;-58;122
46;22;1;Morro Santana;19366;19154;212;-34;16;-50
46;22;1;Navegantes;4338;4192;146;15;-35;50
46;22;1;Nonoai;25082;24865;217;-23;32;-55
46;22;1;Parque Santa Fé;6354;6216;138;65;33;32
46;22;1;Partenon;48155;47728;427;-281;16;-297
46;22;1;Passo DAreia;21901;21705;196;-82;-45;-37
46;22;1;Passo das Pedras;15888;15709;179;55;17;38
46;22;1;Pedra Redonda;400;142;258;73;10;63
46;22;1;Petrópolis;37410;37133;277;-182;-20;-162
46;22;1;Pitinga;4540;4236;304;22;22;0
46;22;1;Ponta Grossa;8755;8486;269;31;28;3
46;22;1;Praia de Belas;2326;2162;164;44;-6;50
46;22;1;Restinga;53343;53105;238;-266;21;-287
46;22;1;Rio Branco;17412;17188;224;-118;-92;-26
46;22;1;Rubem Berta;33218;32910;308;-122;50;-172
46;22;1;Santa Cecília;5673;5512;161;45;-33;78
46;22;1;Santa Maria Goretti;3497;3329;168;-21;-31;10
46;22;1;Santa Rosa de Lima;35408;35082;326;-139;32;-171
46;22;1;Santa Tereza;39621;39150;471;-174;39;-213
46;22;1;Santana;20643;20391;252;-111;-59;-52
46;22;1;Santo Antônio;13094;12909;185;97;28;69
46;22;1;São Caetano;890;581;309;-19;-32;13
46;22;1;São Geraldo;8636;8480;156;-24;-36;12
46;22;1;São João;12214;12037;177;94;-30;124
46;22;1;São Sebastião;7009;6870;139;87;-16;103
46;22;1;Sarandi;59807;59417;390;-181;35;-216
46;22;1;Serraria;6317;5987;330;16;25;-9
46;22;1;Sétimo Céu;1258;1072;186;33;13;20
46;22;1;Teresópolis;14669;14434;235;40;31;9
46;22;1;Três Figueiras;4031;3876;155;57;-10;67
46;22;1;Tristeza;16628;16317;311;-8;5;-13
46;22;1;Vila Assunção;4475;4215;260;-60;13;-73
46;22;1;Vila Conceição;1510;1154;356;2;-5;7
46;22;1;Vila Ipiranga;18579;18355;224;-54;-21;-33
46;22;1;Vila Jardim;13149;12948;201;-6;15;-21
46;22;1;Vila João Pessoa;12943;12763;180;65;52;13
46;22;1;Vila Nova;32349;31967;382;-101;44;-145
46;22;1;Vila São José;26661;26199;462;-15;62;-77
47;23;1;Aberta dos Morros;7146;7146;0;2;188;-186
47;23;1;Agronomia;2330;2330;0;-222;68;-290
47;23;1;Anchieta;2024;2024;0;-145;72;-217
47;23;1;Arquipélago;8331;8330;1;-90;83;-173
47;23;1;Auxiliadora;9683;9683;0;60;217;-157
47;23;1;Azenha;13793;13793;0;99;260;-161
47;23;1;Bela Vista;11787;11787;0;70;232;-162
47;23;1;Belém Novo;10100;10100;0;-104;134;-238
47;23;1;Belém Velho;10835;10835;0;-36;156;-192
47;23;1;Boa Vista;10053;10053;0;55;213;-158
47;23;1;Boa Vista do Sul;2309;2309;0;-170;153;-323
47;23;1;Bom Fim;11594;11593;1;85;225;-140
47;23;1;Bom Jesus;28677;28675;2;61;230;-169
47;23;1;Camaquã;17937;17937;0;118;281;-163
47;23;1;Campo Novo;8766;8766;0;31;198;-167
47;23;1;Cascata;13013;13013;0;5;173;-168
47;23;1;Cavalhada;29298;29297;1;43;247;-204
47;23;1;Centro;39154;39154;0;-143;176;-319
47;23;1;Chácara das Pedras;6668;6668;0;37;190;-153
47;23;1;Chapéu do Sol;2909;2909;0;-60;159;-219
47;23;1;Cidade Baixa;15380;15379;1;8;194;-186
47;23;1;Coronel Aparício Borges;19303;19303;0;49;222;-173
47;23;1;Costa e Silva;15842;15841;1;34;194;-160
47;23;1;Cristal;31949;31946;3;1;240;-239
47;23;1;Cristo Redentor;16455;16455;0;35;213;-178
47;23;1;Espírito Santo;5606;5606;0;71;227;-156
47;23;1;Extrema;1981;1981;0;-196;119;-315
47;23;1;Farrapos;18985;18985;0;-69;132;-201
47;23;1;Farroupilha;960;960;0;34;186;-152
47;23;1;Floresta;11596;11596;0;22;186;-164
47;23;1;Glória;17065;17065;0;12;216;-204
47;23;1;Guarujá;4810;4810;0;-37;175;-212
47;23;1;Higienópolis;10724;10724;0;43;211;-168
47;23;1;Hípica;18645;18645;0;43;271;-228
47;23;1;Humaitá;11503;11502;1;-74;116;-190
47;23;1;Independência;8112;8112;0;45;211;-166
47;23;1;Ipanema;13729;13728;1;55;254;-199
47;23;1;Jardim Botânico;12523;12521;2;42;217;-175
47;23;1;Jardim Carvalho;25387;25386;1;-18;216;-234
47;23;1;Jardim do Salso;4405;4405;0;39;188;-149
47;23;1;Jardim Dona Leopoldina;18016;18016;0;86;230;-144
47;23;1;Jardim Europa;2298;2298;0;30;180;-150
47;23;1;Jardim Floresta;3307;3307;0;8;157;-149
47;23;1;Jardim Isabel;2834;2834;0;33;213;-180
47;23;1;Jardim Itu;17854;17853;1;57;226;-169
47;23;1;Jardim Lindóia;7417;7417;0;10;158;-148
47;23;1;Jardim Sabará;13530;13530;0;33;199;-166
47;23;1;Jardim São Pedro;3967;3967;0;35;180;-145
47;23;1;Lageado;4481;4481;0;-70;178;-248
47;23;1;Lami;4289;4289;0;-88;186;-274
47;23;1;Lomba do Pinheiro;58106;58106;0;-354;164;-518
47;23;1;Mário Quintana;38116;38116;0;-45;241;-286
47;23;1;Medianeira;11223;11222;1;72;237;-165
47;23;1;Menino Deus;31651;31650;1;32;292;-260
47;23;1;Moinhos de Vento;11937;11937;0;63;240;-177
47;23;1;MontSerrat;11236;11236;0;90;255;-165
47;23;1;Morro Santana;19338;19338;0;-28;184;-212
47;23;1;Navegantes;4327;4327;0;-11;135;-146
47;23;1;Nonoai;25161;25160;1;79;295;-216
47;23;1;Parque Santa Fé;6375;6375;0;21;159;-138
47;23;1;Partenon;48160;48160;0;5;432;-427
47;23;1;Passo DAreia;21967;21967;0;66;262;-196
47;23;1;Passo das Pedras;15903;15902;1;15;193;-178
47;23;1;Pedra Redonda;274;274;0;-126;132;-258
47;23;1;Petrópolis;37496;37495;1;86;362;-276
47;23;1;Pitinga;4352;4352;0;-188;116;-304
47;23;1;Ponta Grossa;8722;8722;0;-33;236;-269
47;23;1;Praia de Belas;2281;2281;0;-45;119;-164
47;23;1;Restinga;53512;53508;4;169;403;-234
47;23;1;Rio Branco;17531;17531;0;119;343;-224
47;23;1;Rubem Berta;33168;33168;0;-50;258;-308
47;23;1;Santa Cecília;5768;5768;0;95;256;-161
47;23;1;Santa Maria Goretti;3509;3509;0;12;180;-168
47;23;1;Santa Rosa de Lima;35333;35333;0;-75;251;-326
47;23;1;Santa Tereza;39580;39577;3;-41;427;-468
47;23;1;Santana;20724;20723;1;81;332;-251
47;23;1;Santo Antônio;13161;13161;0;67;252;-185
47;23;1;São Caetano;757;757;0;-133;176;-309
47;23;1;São Geraldo;8680;8680;0;44;200;-156
47;23;1;São João;12226;12226;0;12;189;-177
47;23;1;São Sebastião;7019;7019;0;10;149;-139
47;23;1;Sarandi;59711;59711;0;-96;294;-390
47;23;1;Serraria;6239;6239;0;-78;252;-330
47;23;1;Sétimo Céu;1328;1328;0;70;256;-186
47;23;1;Teresópolis;14708;14707;1;39;273;-234
47;23;1;Três Figueiras;4070;4070;0;39;194;-155
47;23;1;Tristeza;16693;16692;1;65;375;-310
47;23;1;Vila Assunção;4418;4418;0;-57;203;-260
47;23;1;Vila Conceição;1349;1349;0;-161;195;-356
47;23;1;Vila Ipiranga;18659;18658;1;80;303;-223
47;23;1;Vila Jardim;13189;13189;0;40;241;-201
47;23;1;Vila João Pessoa;13041;13041;0;98;278;-180
47;23;1;Vila Nova;32470;32469;1;121;502;-381
47;23;1;Vila São José;26523;26522;1;-138;323;-461
48;0;2;Aberta dos Morros;7124;7084;40;-22;-62;40
48;0;2;Agronomia;2345;2299;46;15;-31;46
48;0;2;Anchieta;2029;1976;53;5;-48;53
48;0;2;Arquipélago;8346;8295;51;15;-35;50
48;0;2;Auxiliadora;9619;9556;63;-64;-127;63
48;0;2;Azenha;13728;13628;100;-65;-165;100
48;0;2;Bela Vista;11712;11649;63;-75;-138;63
48;0;2;Belém Novo;10084;10069;15;-16;-31;15
48;0;2;Belém Velho;10832;10790;42;-3;-45;42
48;0;2;Boa Vista;10000;9936;64;-53;-117;64
48;0;2;Boa Vista do Sul;2284;2269;15;-25;-40;15
48;0;2;Bom Fim;11471;11428;43;-123;-165;42
48;0;2;Bom Jesus;28648;28589;59;-29;-86;57
48;0;2;Camaquã;17903;17855;48;-34;-82;48
48;0;2;Campo Novo;8751;8709;42;-15;-57;42
48;0;2;Cascata;13009;12958;51;-4;-55;51
48;0;2;Cavalhada;29267;29215;52;-31;-82;51
48;0;2;Centro;39192;39073;119;38;-81;119
48;0;2;Chácara das Pedras;6635;6571;64;-33;-97;64
48;0;2;Chapéu do Sol;2898;2868;30;-11;-41;30
48;0;2;Cidade Baixa;15305;15244;61;-75;-135;60
48;0;2;Coronel Aparício Borges;19272;19213;59;-31;-90;59
48;0;2;Costa e Silva;15840;15777;63;-2;-64;62
48;0;2;Cristal;31928;31878;50;-21;-68;47
48;0;2;Cristo Redentor;16466;16318;148;11;-137;148
48;0;2;Espírito Santo;5583;5536;47;-23;-70;47
48;0;2;Extrema;1977;1968;9;-4;-13;9
48;0;2;Farrapos;18999;18946;53;14;-39;53
48;0;2;Farroupilha;951;808;143;-9;-152;143
48;0;2;Floresta;11540;11476;64;-56;-120;64
48;0;2;Glória;17107;16979;128;42;-86;128
48;0;2;Guarujá;4793;4746;47;-17;-64;47
48;0;2;Higienópolis;10693;10628;65;-31;-96;65
48;0;2;Hípica;18638;18594;44;-7;-51;44
48;0;2;Humaitá;11522;11462;60;19;-40;59
48;0;2;Independência;8140;7982;158;28;-130;158
48;0;2;Ipanema;13709;13662;47;-20;-66;46
48;0;2;Jardim Botânico;12555;12406;149;32;-115;147
48;0;2;Jardim Carvalho;25468;25326;142;81;-60;141
48;0;2;Jardim do Salso;4391;4326;65;-14;-79;65
48;0;2;Jardim Dona Leopoldina;18005;17947;58;-11;-69;58
48;0;2;Jardim Europa;2271;2203;68;-27;-95;68
48;0;2;Jardim Floresta;3296;3231;65;-11;-76;65
48;0;2;Jardim Isabel;2806;2754;52;-28;-80;52
48;0;2;Jardim Itu;17838;17774;64;-16;-79;63
48;0;2;Jardim Lindóia;7398;7330;68;-19;-87;68
48;0;2;Jardim Sabará;13522;13455;67;-8;-75;67
48;0;2;Jardim São Pedro;3943;3874;69;-24;-93;69
48;0;2;Lageado;4484;4452;32;3;-29;32
48;0;2;Lami;4283;4262;21;-6;-27;21
48;0;2;Lomba do Pinheiro;58135;58088;47;29;-18;47
48;0;2;Mário Quintana;38124;38068;56;8;-48;56
48;0;2;Medianeira;11181;11118;63;-42;-104;62
48;0;2;Menino Deus;31710;31548;162;59;-102;161
48;0;2;Moinhos de Vento;11994;11822;172;57;-115;172
48;0;2;MontSerrat;11187;11117;70;-49;-119;70
48;0;2;Morro Santana;19353;19291;62;15;-47;62
48;0;2;Navegantes;4337;4269;68;10;-58;68
48;0;2;Nonoai;25139;25080;59;-22;-80;58
48;0;2;Parque Santa Fé;6373;6310;63;-2;-65;63
48;0;2;Partenon;48146;48079;67;-14;-81;67
48;0;2;Passo DAreia;21942;21871;71;-25;-96;71
48;0;2;Passo das Pedras;15908;15842;66;5;-60;65
48;0;2;Pedra Redonda;252;196;56;-22;-78;56
48;0;2;Petrópolis;37466;37395;71;-30;-100;70
48;0;2;Pitinga;4373;4337;36;21;-15;36
48;0;2;Ponta Grossa;8735;8695;40;13;-27;40
48;0;2;Praia de Belas;2272;2201;71;-9;-80;71
48;0;2;Restinga;53595;53489;106;83;-19;102
48;0;2;Rio Branco;17585;17399;186;54;-132;186
48;0;2;Rubem Berta;33185;33116;69;17;-52;69
48;0;2;Santa Cecília;5836;5648;188;68;-120;188
48;0;2;Santa Maria Goretti;3510;3438;72;1;-71;72
48;0;2;Santa Rosa de Lima;35367;35308;59;34;-25;59
48;0;2;Santa Tereza;39574;39510;64;-6;-67;61
48;0;2;Santana;20804;20609;195;80;-114;194
48;0;2;Santo Antônio;13149;13072;77;-12;-89;77
48;0;2;São Caetano;773;739;34;16;-18;34
48;0;2;São Geraldo;8689;8611;78;9;-69;78
48;0;2;São João;12242;12160;82;16;-66;82
48;0;2;São Sebastião;7028;6953;75;9;-66;75
48;0;2;Sarandi;59732;59662;70;21;-49;70
48;0;2;Serraria;6255;6202;53;16;-37;53
48;0;2;Sétimo Céu;1306;1250;56;-22;-78;56
48;0;2;Teresópolis;14817;14641;176;109;-66;175
48;0;2;Três Figueiras;4067;3988;79;-3;-82;79
48;0;2;Tristeza;16671;16615;56;-22;-77;55
48;0;2;Vila Assunção;4531;4381;150;113;-37;150
48;0;2;Vila Conceição;1367;1305;62;18;-44;62
48;0;2;Vila Ipiranga;18662;18582;80;3;-76;79
48;0;2;Vila Jardim;13195;13115;80;6;-74;80
48;0;2;Vila João Pessoa;13053;12981;72;12;-60;72
48;0;2;Vila Nova;32583;32427;156;113;-42;155
48;0;2;Vila São José;26548;26474;74;25;-48;73
49;1;2;Aberta dos Morros;7120;7074;46;-4;-10;6
49;1;2;Agronomia;2333;2285;48;-12;-14;2
49;1;2;Anchieta;2026;1972;54;-3;-4;1
49;1;2;Arquipélago;8352;8289;63;6;-6;12
49;1;2;Auxiliadora;9605;9537;68;-14;-19;5
49;1;2;Azenha;13734;13598;136;6;-30;36
49;1;2;Bela Vista;11704;11631;73;-8;-18;10
49;1;2;Belém Novo;10084;10065;19;0;-4;4
49;1;2;Belém Velho;10831;10776;55;-1;-14;13
49;1;2;Boa Vista;9994;9920;74;-6;-16;10
49;1;2;Boa Vista do Sul;2281;2264;17;-3;-5;2
49;1;2;Bom Fim;11444;11402;42;-27;-26;-1
49;1;2;Bom Jesus;28665;28569;96;17;-20;37
49;1;2;Camaquã;17907;17834;73;4;-21;25
49;1;2;Campo Novo;8746;8697;49;-5;-12;7
49;1;2;Cascata;13005;12937;68;-4;-21;17
49;1;2;Cavalhada;29278;29193;85;11;-22;33
49;1;2;Centro;39284;39069;215;92;-4;96
49;1;2;Chácara das Pedras;6613;6543;70;-22;-28;6
49;1;2;Chapéu do Sol;2888;2855;33;-10;-13;3
49;1;2;Cidade Baixa;15299;15227;72;-6;-17;11
49;1;2;Coronel Aparício Borges;19259;19184;75;-13;-29;16
49;1;2;Costa e Silva;15826;15747;79;-14;-30;16
49;1;2;Cristal;31953;31866;87;25;-12;37
49;1;2;Cristo Redentor;16492;16303;189;26;-15;41
49;1;2;Espírito Santo;5566;5514;52;-17;-22;5
49;1;2;Extrema;1975;1965;10;-2;-3;1
49;1;2;Farrapos;19018;18940;78;19;-6;25
49;1;2;Farroupilha;901;774;127;-50;-34;-16
49;1;2;Floresta;11528;11456;72;-12;-20;8
49;1;2;Glória;17095;16946;149;-12;-33;21
49;1;2;Guarujá;4789;4737;52;-4;-9;5
49;1;2;Higienópolis;10694;10612;82;1;-16;17
49;1;2;Hípica;18636;18577;59;-2;-17;15
49;1;2;Humaitá;11525;11453;72;3;-9;12
49;1;2;Independência;8116;7956;160;-24;-26;2
49;1;2;Ipanema;13711;13649;62;2;-13;15
49;1;2;Jardim Botânico;12544;12375;169;-11;-31;20
49;1;2;Jardim Carvalho;25502;25307;195;34;-19;53
49;1;2;Jardim do Salso;4364;4296;68;-27;-30;3
49;1;2;Jardim Dona Leopoldina;17996;17911;85;-9;-36;27
49;1;2;Jardim Europa;2246;2177;69;-25;-26;1
49;1;2;Jardim Floresta;3282;3213;69;-14;-18;4
49;1;2;Jardim Isabel;2795;2740;55;-11;-14;3
49;1;2;Jardim Itu;17825;17738;87;-13;-36;23
49;1;2;Jardim Lindóia;7387;7309;78;-11;-21;10
49;1;2;Jardim Sabará;13514;13426;88;-8;-29;21
49;1;2;Jardim São Pedro;3925;3851;74;-18;-23;5
49;1;2;Lageado;4479;4445;34;-5;-7;2
49;1;2;Lami;4280;4258;22;-3;-4;1
49;1;2;Lomba do Pinheiro;58181;58083;98;46;-5;51
49;1;2;Mário Quintana;38150;38049;101;26;-19;45
49;1;2;Medianeira;11159;11087;72;-22;-31;9
49;1;2;Menino Deus;31763;31524;239;53;-24;77
49;1;2;Moinhos de Vento;11995;11799;196;1;-23;24
49;1;2;MontSerrat;11175;11093;82;-12;-24;12
49;1;2;Morro Santana;19357;19271;86;4;-20;24
49;1;2;Navegantes;4328;4255;73;-9;-14;5
49;1;2;Nonoai;25141;25055;86;2;-25;27
49;1;2;Parque Santa Fé;6343;6275;68;-30;-35;5
49;1;2;Partenon;48198;48056;142;52;-23;75
49;1;2;Passo DAreia;21963;21856;107;21;-15;36
49;1;2;Passo das Pedras;15903;15816;87;-5;-26;21
49;1;2;Pedra Redonda;237;183;54;-15;-13;-2
49;1;2;Petrópolis;37508;37380;128;42;-15;57
49;1;2;Pitinga;4366;4328;38;-7;-9;2
49;1;2;Ponta Grossa;8730;8687;43;-5;-8;3
49;1;2;Praia de Belas;2242;2174;68;-30;-27;-3
49;1;2;Restinga;53673;53484;189;78;-5;83
49;1;2;Rio Branco;17590;17368;222;5;-31;36
49;1;2;Rubem Berta;33199;33087;112;14;-29;43
49;1;2;Santa Cecília;5808;5619;189;-28;-29;1
49;1;2;Santa Maria Goretti;3495;3419;76;-15;-19;4
49;1;2;Santa Rosa de Lima;35388;35294;94;21;-14;35
49;1;2;Santa Tereza;39602;39491;111;28;-19;47
49;1;2;Santana;20817;20581;236;13;-28;41
49;1;2;Santo Antônio;13125;13034;91;-24;-38;14
49;1;2;São Caetano;767;733;34;-6;-6;0
49;1;2;São Geraldo;8679;8589;90;-10;-22;12
49;1;2;São João;12247;12144;103;5;-16;21
49;1;2;São Sebastião;7014;6929;85;-14;-24;10
49;1;2;Sarandi;59792;59646;146;60;-16;76
49;1;2;Serraria;6247;6189;58;-8;-13;5
49;1;2;Sétimo Céu;1290;1235;55;-16;-15;-1
49;1;2;Teresópolis;14809;14615;194;-8;-26;18
49;1;2;Três Figueiras;4053;3968;85;-14;-20;6
49;1;2;Tristeza;16676;16600;76;5;-15;20
49;1;2;Vila Assunção;4517;4367;150;-14;-14;0
49;1;2;Vila Conceição;1361;1299;62;-6;-6;0
49;1;2;Vila Ipiranga;18655;18548;107;-7;-34;27
49;1;2;Vila Jardim;13178;13083;95;-17;-32;15
49;1;2;Vila João Pessoa;13031;12944;87;-22;-37;15
49;1;2;Vila Nova;32629;32414;215;46;-13;59
49;1;2;Vila São José;26554;26449;105;6;-25;31
50;2;2;Aberta dos Morros;7117;7071;46;-3;-3;0
50;2;2;Agronomia;2345;2297;48;12;12;0
50;2;2;Anchieta;2032;1977;55;6;5;1
50;2;2;Arquipélago;8351;8289;62;-1;0;-1
50;2;2;Auxiliadora;9609;9552;57;4;15;-11
50;2;2;Azenha;13770;13639;131;36;41;-5
50;2;2;Bela Vista;11698;11641;57;-6;10;-16
50;2;2;Belém Novo;10087;10066;21;3;1;2
50;2;2;Belém Velho;10831;10779;52;0;3;-3
50;2;2;Boa Vista;10003;9936;67;9;16;-7
50;2;2;Boa Vista do Sul;2281;2265;16;0;1;-1
50;2;2;Bom Fim;11451;11428;23;7;26;-19
50;2;2;Bom Jesus;28663;28585;78;-2;16;-18
50;2;2;Camaquã;17919;17851;68;12;17;-5
50;2;2;Campo Novo;8748;8697;51;2;0;2
50;2;2;Cascata;13001;12939;62;-4;2;-6
50;2;2;Cavalhada;29281;29207;74;3;14;-11
50;2;2;Centro;39312;39087;225;28;18;10
50;2;2;Chácara das Pedras;6618;6560;58;5;17;-12
50;2;2;Chapéu do Sol;2897;2864;33;9;9;0
50;2;2;Cidade Baixa;15305;15250;55;6;23;-17
50;2;2;Coronel Aparício Borges;19263;19197;66;4;13;-9
50;2;2;Costa e Silva;15844;15769;75;18;22;-4
50;2;2;Cristal;31957;31872;85;4;6;-2
50;2;2;Cristo Redentor;16468;16315;153;-24;12;-36
50;2;2;Espírito Santo;5568;5516;52;2;2;0
50;2;2;Extrema;1974;1963;11;-1;-2;1
50;2;2;Farrapos;19017;18939;78;-1;-1;0
50;2;2;Farroupilha;921;806;115;20;32;-12
50;2;2;Floresta;11527;11470;57;-1;14;-15
50;2;2;Glória;17105;16943;162;10;-3;13
50;2;2;Guarujá;4787;4736;51;-2;-1;-1
50;2;2;Higienópolis;10688;10612;76;-6;0;-6
50;2;2;Hípica;18647;18588;59;11;11;0
50;2;2;Humaitá;11526;11454;72;1;1;0
50;2;2;Independência;8121;7972;149;5;16;-11
50;2;2;Ipanema;13714;13650;64;3;1;2
50;2;2;Jardim Botânico;12551;12401;150;7;26;-19
50;2;2;Jardim Carvalho;25483;25307;176;-19;0;-19
50;2;2;Jardim do Salso;4371;4308;63;7;12;-5
50;2;2;Jardim Dona Leopoldina;18010;17943;67;14;32;-18
50;2;2;Jardim Europa;2253;2189;64;7;12;-5
50;2;2;Jardim Floresta;3293;3221;72;11;8;3
50;2;2;Jardim Isabel;2794;2740;54;-1;0;-1
50;2;2;Jardim Itu;17833;17756;77;8;18;-10
50;2;2;Jardim Lindóia;7389;7322;67;2;13;-11
50;2;2;Jardim Sabará;13517;13439;78;3;13;-10
50;2;2;Jardim São Pedro;3934;3865;69;9;14;-5
50;2;2;Lageado;4482;4448;34;3;3;0
50;2;2;Lami;4283;4259;24;3;1;2
50;2;2;Lomba do Pinheiro;58160;58083;77;-21;0;-21
50;2;2;Mário Quintana;38147;38061;86;-3;12;-15
50;2;2;Medianeira;11156;11098;58;-3;11;-14
50;2;2;Menino Deus;31751;31544;207;-12;20;-32
50;2;2;Moinhos de Vento;11981;11812;169;-14;13;-27
50;2;2;MontSerrat;11184;11111;73;9;18;-9
50;2;2;Morro Santana;19359;19272;87;2;1;1
50;2;2;Navegantes;4326;4254;72;-2;-1;-1
50;2;2;Nonoai;25149;25067;82;8;12;-4
50;2;2;Parque Santa Fé;6352;6294;58;9;19;-10
50;2;2;Partenon;48173;48067;106;-25;11;-36
50;2;2;Passo DAreia;21967;21863;104;4;7;-3
50;2;2;Passo das Pedras;15901;15823;78;-2;7;-9
50;2;2;Pedra Redonda;237;186;51;0;3;-3
50;2;2;Petrópolis;37485;37380;105;-23;0;-23
50;2;2;Pitinga;4374;4333;41;8;5;3
50;2;2;Ponta Grossa;8733;8686;47;3;-1;4
50;2;2;Praia de Belas;2244;2185;59;2;11;-9
50;2;2;Restinga;53655;53482;173;-18;-2;-16
50;2;2;Rio Branco;17570;17375;195;-20;7;-27
50;2;2;Rubem Berta;33181;33100;81;-18;13;-31
50;2;2;Santa Cecília;5802;5628;174;-6;9;-15
50;2;2;Santa Maria Goretti;3497;3421;76;2;2;0
50;2;2;Santa Rosa de Lima;35390;35295;95;2;1;1
50;2;2;Santa Tereza;39584;39490;94;-18;-1;-17
50;2;2;Santana;20808;20584;224;-9;3;-12
50;2;2;Santo Antônio;13114;13045;69;-11;11;-22
50;2;2;São Caetano;764;730;34;-3;-3;0
50;2;2;São Geraldo;8681;8596;85;2;7;-5
50;2;2;São João;12238;12143;95;-9;-1;-8
50;2;2;São Sebastião;7017;6939;78;3;10;-7
50;2;2;Sarandi;59763;59651;112;-29;5;-34
50;2;2;Serraria;6248;6190;58;1;1;0
50;2;2;Sétimo Céu;1298;1243;55;8;8;0
50;2;2;Teresópolis;14802;14614;188;-7;-1;-6
50;2;2;Três Figueiras;4058;3973;85;5;5;0
50;2;2;Tristeza;16678;16605;73;2;5;-3
50;2;2;Vila Assunção;4506;4361;145;-11;-6;-5
50;2;2;Vila Conceição;1362;1299;63;1;0;1
50;2;2;Vila Ipiranga;18653;18559;94;-2;11;-13
50;2;2;Vila Jardim;13173;13084;89;-5;1;-6
50;2;2;Vila João Pessoa;13032;12958;74;1;14;-13
50;2;2;Vila Nova;32609;32414;195;-20;0;-20
50;2;2;Vila São José;26550;26450;100;-4;1;-5
51;3;2;Aberta dos Morros;7118;7071;47;1;0;1
51;3;2;Agronomia;2345;2298;47;0;1;-1
51;3;2;Anchieta;2035;1981;54;3;4;-1
51;3;2;Arquipélago;8351;8290;61;0;1;-1
51;3;2;Auxiliadora;9615;9573;42;6;21;-15
51;3;2;Azenha;13796;13676;120;26;37;-11
51;3;2;Bela Vista;11700;11663;37;2;22;-20
51;3;2;Belém Novo;10087;10067;20;0;1;-1
51;3;2;Belém Velho;10839;10786;53;8;7;1
51;3;2;Boa Vista;10010;9958;52;7;22;-15
51;3;2;Boa Vista do Sul;2281;2266;15;0;1;-1
51;3;2;Bom Fim;11468;11450;18;17;22;-5
51;3;2;Bom Jesus;28674;28606;68;11;21;-10
51;3;2;Camaquã;17923;17870;53;4;19;-15
51;3;2;Campo Novo;8749;8700;49;1;3;-2
51;3;2;Cascata;13005;12953;52;4;14;-10
51;3;2;Cavalhada;29288;29220;68;7;13;-6
51;3;2;Centro;39286;39086;200;-26;-1;-25
51;3;2;Chácara das Pedras;6633;6584;49;15;24;-9
51;3;2;Chapéu do Sol;2902;2869;33;5;5;0
51;3;2;Cidade Baixa;15289;15258;31;-16;8;-24
51;3;2;Coronel Aparício Borges;19254;19219;35;-9;22;-31
51;3;2;Costa e Silva;15838;15790;48;-6;21;-27
51;3;2;Cristal;31938;31880;58;-19;8;-27
51;3;2;Cristo Redentor;16498;16354;144;30;39;-9
51;3;2;Espírito Santo;5572;5524;48;4;8;-4
51;3;2;Extrema;1975;1963;12;1;0;1
51;3;2;Farrapos;19017;18943;74;0;4;-4
51;3;2;Farroupilha;942;834;108;21;28;-7
51;3;2;Floresta;11534;11491;43;7;21;-14
51;3;2;Glória;17123;16976;147;18;33;-15
51;3;2;Guarujá;4788;4738;50;1;2;-1
51;3;2;Higienópolis;10689;10624;65;1;12;-11
51;3;2;Hípica;18643;18592;51;-4;4;-8
51;3;2;Humaitá;11527;11457;70;1;3;-2
51;3;2;Independência;8133;7993;140;12;21;-9
51;3;2;Ipanema;13719;13658;61;5;8;-3
51;3;2;Jardim Botânico;12552;12420;132;1;19;-18
51;3;2;Jardim Carvalho;25519;25329;190;36;22;14
51;3;2;Jardim do Salso;4374;4325;49;3;17;-14
51;3;2;Jardim Dona Leopoldina;18009;17967;42;-1;24;-25
51;3;2;Jardim Europa;2258;2207;51;5;18;-13
51;3;2;Jardim Floresta;3300;3235;65;7;14;-7
51;3;2;Jardim Isabel;2796;2742;54;2;2;0
51;3;2;Jardim Itu;17818;17769;49;-15;13;-28
51;3;2;Jardim Lindóia;7397;7335;62;8;13;-5
51;3;2;Jardim Sabará;13509;13454;55;-8;15;-23
51;3;2;Jardim São Pedro;3942;3880;62;8;15;-7
51;3;2;Lageado;4485;4451;34;3;3;0
51;3;2;Lami;4281;4258;23;-2;-1;-1
51;3;2;Lomba do Pinheiro;58166;58083;83;6;0;6
51;3;2;Mário Quintana;38141;38077;64;-6;16;-22
51;3;2;Medianeira;11152;11116;36;-4;18;-22
51;3;2;Menino Deus;31758;31556;202;7;12;-5
51;3;2;Moinhos de Vento;11981;11820;161;0;8;-8
51;3;2;MontSerrat;11180;11127;53;-4;16;-20
51;3;2;Morro Santana;19351;19283;68;-8;11;-19
51;3;2;Navegantes;4327;4256;71;1;2;-1
51;3;2;Nonoai;25127;25079;48;-22;12;-34
51;3;2;Parque Santa Fé;6373;6326;47;21;32;-11
51;3;2;Partenon;48165;48077;88;-8;10;-18
51;3;2;Passo DAreia;21962;21879;83;-5;16;-21
51;3;2;Passo das Pedras;15896;15842;54;-5;19;-24
51;3;2;Pedra Redonda;234;187;47;-3;1;-4
51;3;2;Petrópolis;37479;37394;85;-6;14;-20
51;3;2;Pitinga;4380;4337;43;6;4;2
51;3;2;Ponta Grossa;8732;8685;47;-1;-1;0
51;3;2;Praia de Belas;2257;2210;47;13;25;-12
51;3;2;Restinga;53656;53482;174;1;0;1
51;3;2;Rio Branco;17578;17395;183;8;20;-12
51;3;2;Rubem Berta;33164;33118;46;-17;18;-35
51;3;2;Santa Cecília;5798;5648;150;-4;20;-24
51;3;2;Santa Maria Goretti;3496;3426;70;-1;5;-6
51;3;2;Santa Rosa de Lima;35371;35302;69;-19;7;-26
51;3;2;Santa Tereza;39569;39500;69;-15;10;-25
51;3;2;Santana;20794;20595;199;-14;11;-25
51;3;2;Santo Antônio;13100;13058;42;-14;13;-27
51;3;2;São Caetano;767;733;34;3;3;0
51;3;2;São Geraldo;8679;8609;70;-2;13;-15
51;3;2;São João;12239;12154;85;1;11;-10
51;3;2;São Sebastião;7013;6950;63;-4;11;-15
51;3;2;Sarandi;59753;59660;93;-10;9;-19
51;3;2;Serraria;6248;6190;58;0;0;0
51;3;2;Sétimo Céu;1305;1250;55;7;7;0
51;3;2;Teresópolis;14795;14623;172;-7;9;-16
51;3;2;Três Figueiras;4053;3977;76;-5;4;-9
51;3;2;Tristeza;16673;16615;58;-5;10;-15
51;3;2;Vila Assunção;4509;4368;141;3;7;-4
51;3;2;Vila Conceição;1362;1298;64;0;-1;1
51;3;2;Vila Ipiranga;18634;18571;63;-19;12;-31
51;3;2;Vila Jardim;13174;13105;69;1;21;-20
51;3;2;Vila João Pessoa;13020;12966;54;-12;8;-20
51;3;2;Vila Nova;32594;32417;177;-15;3;-18
51;3;2;Vila São José;26522;26457;65;-28;7;-35
52;4;2;Aberta dos Morros;6820;6454;366;-298;-617;319
52;4;2;Agronomia;1746;1680;66;-599;-618;19
52;4;2;Anchieta;1400;1365;35;-635;-616;-19
52;4;2;Arquipélago;8163;7676;487;-188;-614;426
52;4;2;Auxiliadora;9159;8628;531;-456;-945;489
52;4;2;Azenha;13449;12661;788;-347;-1015;668
52;4;2;Bela Vista;11310;10627;683;-390;-1036;646
52;4;2;Belém Novo;10044;9569;475;-43;-498;455
52;4;2;Belém Velho;10699;10066;633;-140;-720;580
52;4;2;Boa Vista;9552;8986;566;-458;-972;514
52;4;2;Boa Vista do Sul;1811;1772;39;-470;-494;24
52;4;2;Bom Fim;11005;10379;626;-463;-1071;608
52;4;2;Bom Jesus;29333;27561;1772;659;-1045;1704
52;4;2;Camaquã;17975;16979;996;52;-891;943
52;4;2;Campo Novo;8428;7982;446;-321;-718;397
52;4;2;Cascata;12866;12130;736;-139;-823;684
52;4;2;Cavalhada;30019;28317;1702;731;-903;1634
52;4;2;Centro;40523;38249;2274;1237;-837;2074
52;4;2;Chácara das Pedras;5851;5541;310;-782;-1043;261
52;4;2;Chapéu do Sol;2326;2271;55;-576;-598;22
52;4;2;Cidade Baixa;15146;14244;902;-143;-1014;871
52;4;2;Coronel Aparício Borges;19328;18200;1128;74;-1019;1093
52;4;2;Costa e Silva;15627;14791;836;-211;-999;788
52;4;2;Cristal;32932;31073;1859;994;-807;1801
52;4;2;Cristo Redentor;16258;15304;954;-240;-1050;810
52;4;2;Espírito Santo;5051;4803;248;-521;-721;200
52;4;2;Extrema;1580;1546;34;-395;-417;22
52;4;2;Farrapos;19326;18269;1057;309;-674;983
52;4;2;Farroupilha;442;442;0;-500;-392;-108
52;4;2;Floresta;11220;10550;670;-314;-941;627
52;4;2;Glória;16978;15955;1023;-145;-1021;876
52;4;2;Guarujá;4264;4066;198;-524;-672;148
52;4;2;Higienópolis;10271;9641;630;-418;-983;565
52;4;2;Hípica;18934;17938;996;291;-654;945
52;4;2;Humaitá;11407;10769;638;-120;-688;568
52;4;2;Independência;7394;6945;449;-739;-1048;309
52;4;2;Ipanema;13694;12944;750;-25;-714;689
52;4;2;Jardim Botânico;12025;11285;740;-527;-1135;608
52;4;2;Jardim Carvalho;25978;24395;1583;459;-934;1393
52;4;2;Jardim do Salso;3485;3303;182;-889;-1022;133
52;4;2;Jardim Dona Leopoldina;17931;16899;1032;-78;-1068;990
52;4;2;Jardim Europa;1312;1289;23;-946;-918;-28
52;4;2;Jardim Floresta;2486;2393;93;-814;-842;28
52;4;2;Jardim Isabel;2060;2027;33;-736;-715;-21
52;4;2;Jardim Itu;17865;16786;1079;47;-983;1030
52;4;2;Jardim Lindóia;6812;6412;400;-585;-923;338
52;4;2;Jardim Sabará;13296;12487;809;-213;-967;754
52;4;2;Jardim São Pedro;3155;2980;175;-787;-900;113
52;4;2;Lageado;4052;3856;196;-433;-595;162
52;4;2;Lami;3996;3792;204;-285;-466;181
52;4;2;Lomba do Pinheiro;60709;57423;3286;2543;-660;3203
52;4;2;Mário Quintana;39425;37260;2165;1284;-817;2101
52;4;2;Medianeira;10759;10118;641;-393;-998;605
52;4;2;Menino Deus;32658;30638;2020;900;-918;1818
52;4;2;Moinhos de Vento;11563;10824;739;-418;-996;578
52;4;2;MontSerrat;10782;10110;672;-398;-1017;619
52;4;2;Morro Santana;19621;18476;1145;270;-807;1077
52;4;2;Navegantes;3669;3470;199;-658;-786;128
52;4;2;Nonoai;25659;24179;1480;532;-900;1432
52;4;2;Parque Santa Fé;5682;5369;313;-691;-957;266
52;4;2;Partenon;49906;47075;2831;1741;-1002;2743
52;4;2;Passo DAreia;22317;20963;1354;355;-916;1271
52;4;2;Passo das Pedras;15837;14922;915;-59;-920;861
52;4;2;Pedra Redonda;154;127;27;-80;-60;-20
52;4;2;Petrópolis;38768;36408;2360;1289;-986;2275
52;4;2;Pitinga;3957;3747;210;-423;-590;167
52;4;2;Ponta Grossa;8602;8166;436;-130;-519;389
52;4;2;Praia de Belas;1524;1402;122;-733;-808;75
52;4;2;Restinga;55932;52994;2938;2276;-488;2764
52;4;2;Rio Branco;17505;16379;1126;-73;-1016;943
52;4;2;Rubem Berta;34192;32281;1911;1028;-837;1865
52;4;2;Santa Cecília;4899;4587;312;-899;-1061;162
52;4;2;Santa Maria Goretti;2820;2593;227;-676;-833;157
52;4;2;Santa Rosa de Lima;36625;34599;2026;1254;-703;1957
52;4;2;Santa Tereza;40970;38635;2335;1401;-865;2266
52;4;2;Santana;21031;19634;1397;237;-961;1198
52;4;2;Santo Antônio;12997;12125;872;-103;-933;830
52;4;2;São Caetano;605;420;185;-162;-313;151
52;4;2;São Geraldo;8410;7817;593;-269;-792;523
52;4;2;São João;12251;11367;884;12;-787;799
52;4;2;São Sebastião;6497;6071;426;-516;-879;363
52;4;2;Sarandi;62647;58992;3655;2894;-668;3562
52;4;2;Serraria;6098;5715;383;-150;-475;325
52;4;2;Sétimo Céu;761;669;92;-544;-581;37
52;4;2;Teresópolis;14804;13743;1061;9;-880;889
52;4;2;Três Figueiras;3426;3039;387;-627;-938;311
52;4;2;Tristeza;16922;15907;1015;249;-708;957
52;4;2;Vila Assunção;4074;3707;367;-435;-661;226
52;4;2;Vila Conceição;937;766;171;-425;-532;107
52;4;2;Vila Ipiranga;19011;17705;1306;377;-866;1243
52;4;2;Vila Jardim;13216;12225;991;42;-880;922
52;4;2;Vila João Pessoa;12903;12017;886;-117;-949;832
52;4;2;Vila Nova;33904;31864;2040;1310;-553;1863
52;4;2;Vila São José;27538;25772;1766;1016;-685;1701
53;5;2;Aberta dos Morros;6818;6448;370;-2;-6;4
53;5;2;Agronomia;1740;1678;62;-6;-2;-4
53;5;2;Anchieta;1391;1359;32;-9;-6;-3
53;5;2;Arquipélago;8174;7674;500;11;-2;13
53;5;2;Auxiliadora;9160;8625;535;1;-3;4
53;5;2;Azenha;13430;12633;797;-19;-28;9
53;5;2;Bela Vista;11305;10623;682;-5;-4;-1
53;5;2;Belém Novo;10051;9568;483;7;-1;8
53;5;2;Belém Velho;10698;10052;646;-1;-14;13
53;5;2;Boa Vista;9558;8986;572;6;0;6
53;5;2;Boa Vista do Sul;1811;1774;37;0;2;-2
53;5;2;Bom Fim;10987;10373;614;-18;-6;-12
53;5;2;Bom Jesus;29359;27534;1825;26;-27;53
53;5;2;Camaquã;17981;16961;1020;6;-18;24
53;5;2;Campo Novo;8421;7966;455;-7;-16;9
53;5;2;Cascata;12878;12116;762;12;-14;26
53;5;2;Cavalhada;30069;28305;1764;50;-12;62
53;5;2;Centro;40582;38240;2342;59;-9;68
53;5;2;Chácara das Pedras;5837;5536;301;-14;-5;-9
53;5;2;Chapéu do Sol;2314;2266;48;-12;-5;-7
53;5;2;Cidade Baixa;15153;14228;925;7;-16;23
53;5;2;Coronel Aparício Borges;19338;18176;1162;10;-24;34
53;5;2;Costa e Silva;15618;14762;856;-9;-29;20
53;5;2;Cristal;32975;31058;1917;43;-15;58
53;5;2;Cristo Redentor;16249;15282;967;-9;-22;13
53;5;2;Espírito Santo;5050;4804;246;-1;1;-2
53;5;2;Extrema;1581;1547;34;1;1;0
53;5;2;Farrapos;19349;18263;1086;23;-6;29
53;5;2;Farroupilha;443;443;0;1;1;0
53;5;2;Floresta;11222;10537;685;2;-13;15
53;5;2;Glória;16984;15919;1065;6;-36;42
53;5;2;Guarujá;4264;4064;200;0;-2;2
53;5;2;Higienópolis;10270;9626;644;-1;-15;14
53;5;2;Hípica;18944;17925;1019;10;-13;23
53;5;2;Humaitá;11421;10762;659;14;-7;21
53;5;2;Independência;7382;6941;441;-12;-4;-8
53;5;2;Ipanema;13705;12940;765;11;-4;15
53;5;2;Jardim Botânico;12032;11264;768;7;-21;28
53;5;2;Jardim Carvalho;26015;24380;1635;37;-15;52
53;5;2;Jardim do Salso;3466;3292;174;-19;-11;-8
53;5;2;Jardim Dona Leopoldina;17925;16867;1058;-6;-32;26
53;5;2;Jardim Europa;1287;1279;8;-25;-10;-15
53;5;2;Jardim Floresta;2476;2390;86;-10;-3;-7
53;5;2;Jardim Isabel;2052;2025;27;-8;-2;-6
53;5;2;Jardim Itu;17878;16763;1115;13;-23;36
53;5;2;Jardim Lindóia;6818;6416;402;6;4;2
53;5;2;Jardim Sabará;13300;12474;826;4;-13;17
53;5;2;Jardim São Pedro;3153;2978;175;-2;-2;0
53;5;2;Lageado;4048;3856;192;-4;0;-4
53;5;2;Lami;3998;3795;203;2;3;-1
53;5;2;Lomba do Pinheiro;60775;57421;3354;66;-2;68
53;5;2;Mário Quintana;39468;37243;2225;43;-17;60
53;5;2;Medianeira;10750;10092;658;-9;-26;17
53;5;2;Menino Deus;32687;30611;2076;29;-27;56
53;5;2;Moinhos de Vento;11540;10797;743;-23;-27;4
53;5;2;MontSerrat;10778;10089;689;-4;-21;17
53;5;2;Morro Santana;19637;18455;1182;16;-21;37
53;5;2;Navegantes;3666;3471;195;-3;1;-4
53;5;2;Nonoai;25681;24161;1520;22;-18;40
53;5;2;Parque Santa Fé;5664;5347;317;-18;-22;4
53;5;2;Partenon;49974;47049;2925;68;-26;94
53;5;2;Passo DAreia;22344;20950;1394;27;-13;40
53;5;2;Passo das Pedras;15839;14902;937;2;-20;22
53;5;2;Pedra Redonda;141;122;19;-13;-5;-8
53;5;2;Petrópolis;38822;36389;2433;54;-19;73
53;5;2;Pitinga;3945;3741;204;-12;-6;-6
53;5;2;Ponta Grossa;8587;8149;438;-15;-17;2
53;5;2;Praia de Belas;1483;1394;89;-41;-8;-33
53;5;2;Restinga;55955;52986;2969;23;-8;31
53;5;2;Rio Branco;17497;16339;1158;-8;-40;32
53;5;2;Rubem Berta;34200;32261;1939;8;-20;28
53;5;2;Santa Cecília;4878;4582;296;-21;-5;-16
53;5;2;Santa Maria Goretti;2808;2588;220;-12;-5;-7
53;5;2;Santa Rosa de Lima;36637;34586;2051;12;-13;25
53;5;2;Santa Tereza;40987;38618;2369;17;-17;34
53;5;2;Santana;21014;19600;1414;-17;-34;17
53;5;2;Santo Antônio;12953;12086;867;-44;-39;-5
53;5;2;São Caetano;600;418;182;-5;-2;-3
53;5;2;São Geraldo;8396;7795;601;-14;-22;8
53;5;2;São João;12233;11345;888;-18;-22;4
53;5;2;São Sebastião;6480;6058;422;-17;-13;-4
53;5;2;Sarandi;62644;58970;3674;-3;-22;19
53;5;2;Serraria;6089;5702;387;-9;-13;4
53;5;2;Sétimo Céu;749;665;84;-12;-4;-8
53;5;2;Teresópolis;14770;13712;1058;-34;-31;-3
53;5;2;Três Figueiras;3393;3019;374;-33;-20;-13
53;5;2;Tristeza;16923;15895;1028;1;-12;13
53;5;2;Vila Assunção;4040;3694;346;-34;-13;-21
53;5;2;Vila Conceição;927;756;171;-10;-10;0
53;5;2;Vila Ipiranga;18976;17656;1320;-35;-49;14
53;5;2;Vila Jardim;13175;12173;1002;-41;-52;11
53;5;2;Vila João Pessoa;12876;11980;896;-27;-37;10
53;5;2;Vila Nova;33894;31841;2053;-10;-23;13
53;5;2;Vila São José;27516;25737;1779;-22;-35;13
54;6;2;Aberta dos Morros;6643;5882;761;-175;-566;391
54;6;2;Agronomia;1346;1169;177;-394;-509;115
54;6;2;Anchieta;1123;1002;121;-268;-357;89
54;6;2;Arquipélago;8082;7111;971;-92;-563;471
54;6;2;Auxiliadora;8813;7691;1122;-347;-934;587
54;6;2;Azenha;13215;11618;1597;-215;-1015;800
54;6;2;Bela Vista;10977;9592;1385;-328;-1031;703
54;6;2;Belém Novo;10133;9162;971;82;-406;488
54;6;2;Belém Velho;10613;9397;1216;-85;-655;570
54;6;2;Boa Vista;9182;8023;1159;-376;-963;587
54;6;2;Boa Vista do Sul;1494;1402;92;-317;-372;55
54;6;2;Bom Fim;10636;9351;1285;-351;-1022;671
54;6;2;Bom Jesus;30065;26581;3484;706;-953;1659
54;6;2;Camaquã;18095;16138;1957;114;-823;937
54;6;2;Campo Novo;8205;7320;885;-216;-646;430
54;6;2;Cascata;12811;11351;1460;-67;-765;698
54;6;2;Cavalhada;30718;27435;3283;649;-870;1519
54;6;2;Centro;41721;37405;4316;1139;-835;1974
54;6;2;Chácara das Pedras;5177;4532;645;-660;-1004;344
54;6;2;Chapéu do Sol;1881;1750;131;-433;-516;83
54;6;2;Cidade Baixa;15077;13281;1796;-76;-947;871
54;6;2;Coronel Aparício Borges;19434;17197;2237;96;-979;1075
54;6;2;Costa e Silva;15550;13828;1722;-68;-934;866
54;6;2;Cristal;33882;30273;3609;907;-785;1692
54;6;2;Cristo Redentor;16212;14314;1898;-37;-968;931
54;6;2;Espírito Santo;4670;4178;492;-380;-626;246
54;6;2;Extrema;1224;1174;50;-357;-373;16
54;6;2;Farrapos;19751;17639;2112;402;-624;1026
54;6;2;Farroupilha;445;442;3;2;-1;3
54;6;2;Floresta;10939;9649;1290;-283;-888;605
54;6;2;Glória;16966;14980;1986;-18;-939;921
54;6;2;Guarujá;3866;3498;368;-398;-566;168
54;6;2;Higienópolis;9917;8701;1216;-353;-925;572
54;6;2;Hípica;19301;17346;1955;357;-579;936
54;6;2;Humaitá;11341;10108;1233;-80;-654;574
54;6;2;Independência;6788;5957;831;-594;-984;390
54;6;2;Ipanema;13705;12251;1454;0;-689;689
54;6;2;Jardim Botânico;11628;10214;1414;-404;-1050;646
54;6;2;Jardim Carvalho;26467;23443;3024;452;-937;1389
54;6;2;Jardim do Salso;2641;2274;367;-825;-1018;193
54;6;2;Jardim Dona Leopoldina;17861;15829;2032;-64;-1038;974
54;6;2;Jardim Europa;1211;1124;87;-76;-155;79
54;6;2;Jardim Floresta;1871;1663;208;-605;-727;122
54;6;2;Jardim Isabel;1532;1441;91;-520;-584;64
54;6;2;Jardim Itu;17874;15773;2101;-4;-990;986
54;6;2;Jardim Lindóia;6303;5547;756;-515;-869;354
54;6;2;Jardim Sabará;13051;11508;1543;-249;-966;717
54;6;2;Jardim São Pedro;2425;2097;328;-728;-881;153
54;6;2;Lageado;3688;3371;317;-360;-485;125
54;6;2;Lami;3693;3397;296;-305;-398;93
54;6;2;Lomba do Pinheiro;62960;56734;6226;2185;-687;2872
54;6;2;Mário Quintana;40720;36405;4315;1252;-838;2090
54;6;2;Medianeira;10381;9125;1256;-369;-967;598
54;6;2;Menino Deus;33449;29634;3815;762;-977;1739
54;6;2;Moinhos de Vento;11239;9865;1374;-301;-932;631
54;6;2;MontSerrat;10381;9085;1296;-397;-1004;607
54;6;2;Morro Santana;19867;17618;2249;230;-837;1067
54;6;2;Navegantes;3093;2719;374;-573;-752;179
54;6;2;Nonoai;26134;23242;2892;453;-919;1372
54;6;2;Parque Santa Fé;4991;4399;592;-673;-948;275
54;6;2;Partenon;51580;45988;5592;1606;-1061;2667
54;6;2;Passo DAreia;22690;20004;2686;346;-946;1292
54;6;2;Passo das Pedras;15742;13928;1814;-97;-974;877
54;6;2;Pedra Redonda;125;124;1;-16;2;-18
54;6;2;Petrópolis;39999;35368;4631;1177;-1021;2198
54;6;2;Pitinga;3542;3201;341;-403;-540;137
54;6;2;Ponta Grossa;8407;7608;799;-180;-541;361
54;6;2;Praia de Belas;1250;1124;126;-233;-270;37
54;6;2;Restinga;57529;52227;5302;1574;-759;2333
54;6;2;Rio Branco;17435;15306;2129;-62;-1033;971
54;6;2;Rubem Berta;35009;31355;3654;809;-906;1715
54;6;2;Santa Cecília;4105;3579;526;-773;-1003;230
54;6;2;Santa Maria Goretti;2095;1805;290;-713;-783;70
54;6;2;Santa Rosa de Lima;37647;33821;3826;1010;-765;1775
54;6;2;Santa Tereza;42247;37706;4541;1260;-912;2172
54;6;2;Santana;21080;18537;2543;66;-1063;1129
54;6;2;Santo Antônio;12626;11069;1557;-327;-1017;690
54;6;2;São Caetano;528;373;155;-72;-45;-27
54;6;2;São Geraldo;7992;6984;1008;-404;-811;407
54;6;2;São João;11989;10505;1484;-244;-840;596
54;6;2;São Sebastião;5897;5175;722;-583;-883;300
54;6;2;Sarandi;64716;58113;6603;2072;-857;2929
54;6;2;Serraria;5678;5086;592;-411;-616;205
54;6;2;Sétimo Céu;714;653;61;-35;-12;-23
54;6;2;Teresópolis;14454;12704;1750;-316;-1008;692
54;6;2;Três Figueiras;2553;2110;443;-840;-909;69
54;6;2;Tristeza;17000;15171;1829;77;-724;801
54;6;2;Vila Assunção;3362;2960;402;-678;-734;56
54;6;2;Vila Conceição;834;670;164;-93;-86;-7
54;6;2;Vila Ipiranga;18970;16665;2305;-6;-991;985
54;6;2;Vila Jardim;12823;11174;1649;-352;-999;647
54;6;2;Vila João Pessoa;12517;10950;1567;-359;-1030;671
54;6;2;Vila Nova;34753;31076;3677;859;-765;1624
54;6;2;Vila São José;28005;24850;3155;489;-887;1376
55;7;2;Aberta dos Morros;6266;4897;1369;-377;-985;608
55;7;2;Agronomia;1270;932;338;-76;-237;161
55;7;2;Anchieta;1025;772;253;-98;-230;132
55;7;2;Arquipélago;7635;5926;1709;-447;-1185;738
55;7;2;Auxiliadora;8183;6118;2065;-630;-1573;943
55;7;2;Azenha;12547;9430;3117;-668;-2188;1520
55;7;2;Bela Vista;10258;7681;2577;-719;-1911;1192
55;7;2;Belém Novo;10058;8416;1642;-75;-746;671
55;7;2;Belém Velho;10066;7901;2165;-547;-1496;949
55;7;2;Boa Vista;8586;6398;2188;-596;-1625;1029
55;7;2;Boa Vista do Sul;1446;1251;195;-48;-151;103
55;7;2;Bom Fim;9913;7467;2446;-723;-1884;1161
55;7;2;Bom Jesus;30703;24183;6520;638;-2398;3036
55;7;2;Camaquã;17930;14215;3715;-165;-1923;1758
55;7;2;Campo Novo;7735;6107;1628;-470;-1213;743
55;7;2;Cascata;12209;9534;2675;-602;-1817;1215
55;7;2;Cavalhada;31711;25528;6183;993;-1907;2900
55;7;2;Centro;43969;35607;8362;2248;-1798;4046
55;7;2;Chácara das Pedras;4779;3518;1261;-398;-1014;616
55;7;2;Chapéu do Sol;1792;1478;314;-89;-272;183
55;7;2;Cidade Baixa;14362;11117;3245;-715;-2164;1449
55;7;2;Coronel Aparício Borges;19020;14813;4207;-414;-2384;1970
55;7;2;Costa e Silva;14846;11582;3264;-704;-2246;1542
55;7;2;Cristal;35145;28559;6586;1263;-1714;2977
55;7;2;Cristo Redentor;15722;11994;3728;-490;-2320;1830
55;7;2;Espírito Santo;4403;3455;948;-267;-723;456
55;7;2;Extrema;1210;1052;158;-14;-122;108
55;7;2;Farrapos;20067;16228;3839;316;-1411;1727
55;7;2;Farroupilha;332;232;100;-113;-210;97
55;7;2;Floresta;10276;7898;2378;-663;-1751;1088
55;7;2;Glória;16440;12769;3671;-526;-2211;1685
55;7;2;Guarujá;3660;2919;741;-206;-579;373
55;7;2;Higienópolis;9340;7031;2309;-577;-1670;1093
55;7;2;Hípica;19554;16120;3434;253;-1226;1479
55;7;2;Humaitá;10880;8647;2233;-461;-1461;1000
55;7;2;Independência;6608;4767;1841;-180;-1190;1010
55;7;2;Ipanema;13498;10864;2634;-207;-1387;1180
55;7;2;Jardim Botânico;11051;8237;2814;-577;-1977;1400
55;7;2;Jardim Carvalho;26854;21362;5492;387;-2081;2468
55;7;2;Jardim do Salso;2476;1584;892;-165;-690;525
55;7;2;Jardim Dona Leopoldina;17104;13388;3716;-757;-2441;1684
55;7;2;Jardim Europa;1228;676;552;17;-448;465
55;7;2;Jardim Floresta;1728;1149;579;-143;-514;371
55;7;2;Jardim Isabel;1454;1008;446;-78;-433;355
55;7;2;Jardim Itu;17182;13425;3757;-692;-2348;1656
55;7;2;Jardim Lindóia;6084;4450;1634;-219;-1097;878
55;7;2;Jardim Sabará;12280;9468;2812;-771;-2040;1269
55;7;2;Jardim São Pedro;2210;1418;792;-215;-679;464
55;7;2;Lageado;3467;2897;570;-221;-474;253
55;7;2;Lami;3531;3037;494;-162;-360;198
55;7;2;Lomba do Pinheiro;66392;55446;10946;3432;-1288;4720
55;7;2;Mário Quintana;42484;34547;7937;1764;-1858;3622
55;7;2;Medianeira;9751;7406;2345;-630;-1719;1089
55;7;2;Menino Deus;34365;27469;6896;916;-2165;3081
55;7;2;Moinhos de Vento;10770;7990;2780;-469;-1875;1406
55;7;2;MontSerrat;9777;7399;2378;-604;-1686;1082
55;7;2;Morro Santana;19678;15679;3999;-189;-1939;1750
55;7;2;Navegantes;3122;1982;1140;29;-737;766
55;7;2;Nonoai;26499;21209;5290;365;-2033;2398
55;7;2;Parque Santa Fé;4675;3289;1386;-316;-1110;794
55;7;2;Partenon;54110;43605;10505;2530;-2383;4913
55;7;2;Passo DAreia;22733;17770;4963;43;-2234;2277
55;7;2;Passo das Pedras;15022;11697;3325;-720;-2231;1511
55;7;2;Pedra Redonda;88;60;28;-37;-64;27
55;7;2;Petrópolis;41337;33002;8335;1338;-2366;3704
55;7;2;Pitinga;3365;2601;764;-177;-600;423
55;7;2;Ponta Grossa;8026;6680;1346;-381;-928;547
55;7;2;Praia de Belas;1321;694;627;71;-430;501
55;7;2;Restinga;60056;51130;8926;2527;-1097;3624
55;7;2;Rio Branco;16765;12899;3866;-670;-2407;1737
55;7;2;Rubem Berta;36069;29340;6729;1060;-2015;3075
55;7;2;Santa Cecília;3853;2582;1271;-252;-997;745
55;7;2;Santa Maria Goretti;1946;1220;726;-149;-585;436
55;7;2;Santa Rosa de Lima;38795;32208;6587;1148;-1613;2761
55;7;2;Santa Tereza;44024;35750;8274;1777;-1956;3733
55;7;2;Santana;20762;16134;4628;-318;-2403;2085
55;7;2;Santo Antônio;11905;9121;2784;-721;-1948;1227
55;7;2;São Caetano;503;261;242;-25;-112;87
55;7;2;São Geraldo;7471;5426;2045;-521;-1558;1037
55;7;2;São João;11521;8825;2696;-468;-1680;1212
55;7;2;São Sebastião;5714;3889;1825;-183;-1286;1103
55;7;2;Sarandi;67562;56287;11275;2846;-1826;4672
55;7;2;Serraria;5406;4187;1219;-272;-899;627
55;7;2;Sétimo Céu;584;392;192;-130;-261;131
55;7;2;Teresópolis;13651;10647;3004;-803;-2057;1254
55;7;2;Três Figueiras;2590;1431;1159;37;-679;716
55;7;2;Tristeza;16668;13635;3033;-332;-1536;1204
55;7;2;Vila Assunção;3203;2228;975;-159;-732;573
55;7;2;Vila Conceição;742;429;313;-92;-241;149
55;7;2;Vila Ipiranga;18255;14353;3902;-715;-2312;1597
55;7;2;Vila Jardim;12124;8996;3128;-699;-2178;1479
55;7;2;Vila João Pessoa;11808;8806;3002;-709;-2144;1435
55;7;2;Vila Nova;35602;29488;6114;849;-1588;2437
55;7;2;Vila São José;28164;22698;5466;159;-2152;2311
56;8;2;Aberta dos Morros;6279;5073;1206;13;176;-163
56;8;2;Agronomia;1311;1110;201;41;178;-137
56;8;2;Anchieta;1062;897;165;37;125;-88
56;8;2;Arquipélago;7768;6134;1634;133;208;-75
56;8;2;Auxiliadora;8174;6355;1819;-9;237;-246
56;8;2;Azenha;12365;9753;2612;-182;323;-505
56;8;2;Bela Vista;10253;7944;2309;-5;263;-268
56;8;2;Belém Novo;10110;8448;1662;52;32;20
56;8;2;Belém Velho;10156;8044;2112;90;143;-53
56;8;2;Boa Vista;8589;6660;1929;3;262;-259
56;8;2;Boa Vista do Sul;1446;1312;134;0;61;-61
56;8;2;Bom Fim;9974;7814;2160;61;347;-286
56;8;2;Bom Jesus;30949;24381;6568;246;198;48
56;8;2;Camaquã;18057;14388;3669;127;173;-46
56;8;2;Campo Novo;7728;6205;1523;-7;98;-105
56;8;2;Cascata;12267;9655;2612;58;121;-63
56;8;2;Cavalhada;31650;25649;6001;-61;121;-182
56;8;2;Centro;44174;35863;8311;205;256;-51
56;8;2;Chácara das Pedras;4786;3792;994;7;274;-267
56;8;2;Chapéu do Sol;1777;1572;205;-15;94;-109
56;8;2;Cidade Baixa;14536;11413;3123;174;296;-122
56;8;2;Coronel Aparício Borges;19182;14996;4186;162;183;-21
56;8;2;Costa e Silva;14970;11771;3199;124;189;-65
56;8;2;Cristal;35266;28665;6601;121;106;15
56;8;2;Cristo Redentor;15609;12258;3351;-113;264;-377
56;8;2;Espírito Santo;4278;3568;710;-125;113;-238
56;8;2;Extrema;1332;1170;162;122;118;4
56;8;2;Farrapos;20293;16437;3856;226;209;17
56;8;2;Farroupilha;208;179;29;-124;-53;-71
56;8;2;Floresta;10333;8118;2215;57;220;-163
56;8;2;Glória;16503;13015;3488;63;246;-183
56;8;2;Guarujá;3576;3018;558;-84;99;-183
56;8;2;Higienópolis;9377;7263;2114;37;232;-195
56;8;2;Hípica;19551;16171;3380;-3;51;-54
56;8;2;Humaitá;11019;8827;2192;139;180;-41
56;8;2;Independência;6323;5009;1314;-285;242;-527
56;8;2;Ipanema;13477;10906;2571;-21;42;-63
56;8;2;Jardim Botânico;10772;8421;2351;-279;184;-463
56;8;2;Jardim Carvalho;27006;21561;5445;152;199;-47
56;8;2;Jardim do Salso;2477;1854;623;1;270;-269
56;8;2;Jardim Dona Leopoldina;17116;13533;3583;12;145;-133
56;8;2;Jardim Europa;874;637;237;-354;-39;-315
56;8;2;Jardim Floresta;1719;1289;430;-9;140;-149
56;8;2;Jardim Isabel;1487;1151;336;33;143;-110
56;8;2;Jardim Itu;17233;13613;3620;51;188;-137
56;8;2;Jardim Lindóia;5772;4600;1172;-312;150;-462
56;8;2;Jardim Sabará;12300;9609;2691;20;141;-121
56;8;2;Jardim São Pedro;2256;1688;568;46;270;-224
56;8;2;Lageado;3362;2917;445;-105;20;-125
56;8;2;Lami;3424;3062;362;-107;25;-132
56;8;2;Lomba do Pinheiro;66168;55416;10752;-224;-30;-194
56;8;2;Mário Quintana;42542;34616;7926;58;69;-11
56;8;2;Medianeira;9725;7598;2127;-26;192;-218
56;8;2;Menino Deus;34493;27677;6816;128;208;-80
56;8;2;Moinhos de Vento;10482;8154;2328;-288;164;-452
56;8;2;MontSerrat;9750;7598;2152;-27;199;-226
56;8;2;Morro Santana;19747;15802;3945;69;123;-54
56;8;2;Navegantes;2881;2181;700;-241;199;-440
56;8;2;Nonoai;26528;21304;5224;29;95;-66
56;8;2;Parque Santa Fé;4594;3524;1070;-81;235;-316
56;8;2;Partenon;54198;43721;10477;88;116;-28
56;8;2;Passo DAreia;22770;17903;4867;37;133;-96
56;8;2;Passo das Pedras;15003;11808;3195;-19;111;-130
56;8;2;Pedra Redonda;58;36;22;-30;-24;-6
56;8;2;Petrópolis;41362;33088;8274;25;86;-61
56;8;2;Pitinga;3311;2696;615;-54;95;-149
56;8;2;Ponta Grossa;7987;6702;1285;-39;22;-61
56;8;2;Praia de Belas;1036;712;324;-285;18;-303
56;8;2;Restinga;60269;51157;9112;213;27;186
56;8;2;Rio Branco;16716;13063;3653;-49;164;-213
56;8;2;Rubem Berta;36007;29408;6599;-62;68;-130
56;8;2;Santa Cecília;3809;2870;939;-44;288;-332
56;8;2;Santa Maria Goretti;2017;1436;581;71;216;-145
56;8;2;Santa Rosa de Lima;38920;32301;6619;125;93;32
56;8;2;Santa Tereza;44007;35844;8163;-17;94;-111
56;8;2;Santana;20710;16320;4390;-52;186;-238
56;8;2;Santo Antônio;11883;9292;2591;-22;171;-193
56;8;2;São Caetano;602;275;327;99;14;85
56;8;2;São Geraldo;7494;5558;1936;23;132;-109
56;8;2;São João;11384;8877;2507;-137;52;-189
56;8;2;São Sebastião;5353;4010;1343;-361;121;-482
56;8;2;Sarandi;67717;56236;11481;155;-51;206
56;8;2;Serraria;5380;4229;1151;-26;42;-68
56;8;2;Sétimo Céu;573;359;214;-11;-33;22
56;8;2;Teresópolis;13660;10759;2901;9;112;-103
56;8;2;Três Figueiras;2517;1718;799;-73;287;-360
56;8;2;Tristeza;16656;13664;2992;-12;29;-41
56;8;2;Vila Assunção;3260;2395;865;57;167;-110
56;8;2;Vila Conceição;873;444;429;131;15;116
56;8;2;Vila Ipiranga;18255;14422;3833;0;69;-69
56;8;2;Vila Jardim;12251;9142;3109;127;146;-19
56;8;2;Vila João Pessoa;11803;8890;2913;-5;84;-89
56;8;2;Vila Nova;35693;29440;6253;91;-48;139
56;8;2;Vila São José;28401;22758;5643;237;60;177
57;9;2;Aberta dos Morros;6254;5060;1194;-25;-13;-12
57;9;2;Agronomia;1279;1097;182;-32;-13;-19
57;9;2;Anchieta;1072;900;172;10;3;7
57;9;2;Arquipélago;7757;6103;1654;-11;-31;20
57;9;2;Auxiliadora;8137;6334;1803;-37;-21;-16
57;9;2;Azenha;12311;9649;2662;-54;-104;50
57;9;2;Bela Vista;10173;7892;2281;-80;-52;-28
57;9;2;Belém Novo;10096;8450;1646;-14;2;-16
57;9;2;Belém Velho;10182;8048;2134;26;4;22
57;9;2;Boa Vista;8546;6628;1918;-43;-32;-11
57;9;2;Boa Vista do Sul;1462;1320;142;16;8;8
57;9;2;Bom Fim;9873;7740;2133;-101;-74;-27
57;9;2;Bom Jesus;31031;24286;6745;82;-95;177
57;9;2;Camaquã;18073;14355;3718;16;-33;49
57;9;2;Campo Novo;7717;6185;1532;-11;-20;9
57;9;2;Cascata;12323;9638;2685;56;-17;73
57;9;2;Cavalhada;31688;25607;6081;38;-42;80
57;9;2;Centro;44418;35815;8603;244;-48;292
57;9;2;Chácara das Pedras;4736;3769;967;-50;-23;-27
57;9;2;Chapéu do Sol;1751;1551;200;-26;-21;-5
57;9;2;Cidade Baixa;14511;11343;3168;-25;-70;45
57;9;2;Coronel Aparício Borges;19243;14941;4302;61;-55;116
57;9;2;Costa e Silva;14963;11679;3284;-7;-92;85
57;9;2;Cristal;35309;28612;6697;43;-53;96
57;9;2;Cristo Redentor;15739;12266;3473;130;8;122
57;9;2;Espírito Santo;4294;3575;719;16;7;9
57;9;2;Extrema;1351;1182;169;19;12;7
57;9;2;Farrapos;20310;16416;3894;17;-21;38
57;9;2;Farroupilha;194;194;0;-14;15;-29
57;9;2;Floresta;10361;8063;2298;28;-55;83
57;9;2;Glória;16617;12973;3644;114;-42;156
57;9;2;Guarujá;3593;3014;579;17;-4;21
57;9;2;Higienópolis;9374;7226;2148;-3;-37;34
57;9;2;Hípica;19594;16147;3447;43;-24;67
57;9;2;Humaitá;11067;8814;2253;48;-13;61
57;9;2;Independência;6285;4944;1341;-38;-65;27
57;9;2;Ipanema;13537;10908;2629;60;2;58
57;9;2;Jardim Botânico;10786;8367;2419;14;-54;68
57;9;2;Jardim Carvalho;27169;21521;5648;163;-40;203
57;9;2;Jardim do Salso;2361;1832;529;-116;-22;-94
57;9;2;Jardim Dona Leopoldina;17093;13439;3654;-23;-94;71
57;9;2;Jardim Europa;845;658;187;-29;21;-50
57;9;2;Jardim Floresta;1671;1306;365;-48;17;-65
57;9;2;Jardim Isabel;1496;1175;321;9;24;-15
57;9;2;Jardim Itu;17273;13543;3730;40;-70;110
57;9;2;Jardim Lindóia;5783;4588;1195;11;-12;23
57;9;2;Jardim Sabará;12285;9564;2721;-15;-45;30
57;9;2;Jardim São Pedro;2201;1670;531;-55;-18;-37
57;9;2;Lageado;3359;2926;433;-3;9;-12
57;9;2;Lami;3416;3061;355;-8;-1;-7
57;9;2;Lomba do Pinheiro;66350;55404;10946;182;-12;194
57;9;2;Mário Quintana;42576;34538;8038;34;-78;112
57;9;2;Medianeira;9719;7558;2161;-6;-40;34
57;9;2;Menino Deus;34555;27568;6987;62;-109;171
57;9;2;Moinhos de Vento;10476;8081;2395;-6;-73;67
57;9;2;MontSerrat;9726;7527;2199;-24;-71;47
57;9;2;Morro Santana;19734;15703;4031;-13;-99;86
57;9;2;Navegantes;2871;2182;689;-10;1;-11
57;9;2;Nonoai;26586;21232;5354;58;-72;130
57;9;2;Parque Santa Fé;4460;3485;975;-134;-39;-95
57;9;2;Partenon;54441;43629;10812;243;-92;335
57;9;2;Passo DAreia;22820;17862;4958;50;-41;91
57;9;2;Passo das Pedras;15057;11720;3337;54;-88;142
57;9;2;Pedra Redonda;52;44;8;-6;8;-14
57;9;2;Petrópolis;41549;32988;8561;187;-100;287
57;9;2;Pitinga;3307;2686;621;-4;-10;6
57;9;2;Ponta Grossa;7982;6691;1291;-5;-11;6
57;9;2;Praia de Belas;935;677;258;-101;-35;-66
57;9;2;Restinga;60192;51146;9046;-77;-11;-66
57;9;2;Rio Branco;16751;12960;3791;35;-103;138
57;9;2;Rubem Berta;36156;29327;6829;149;-81;230
57;9;2;Santa Cecília;3700;2827;873;-109;-43;-66
57;9;2;Santa Maria Goretti;1960;1411;549;-57;-25;-32
57;9;2;Santa Rosa de Lima;38990;32253;6737;70;-48;118
57;9;2;Santa Tereza;44090;35756;8334;83;-88;171
57;9;2;Santana;20730;16178;4552;20;-142;162
57;9;2;Santo Antônio;11853;9210;2643;-30;-82;52
57;9;2;São Caetano;592;282;310;-10;7;-17
57;9;2;São Geraldo;7435;5514;1921;-59;-44;-15
57;9;2;São João;11386;8855;2531;2;-22;24
57;9;2;São Sebastião;5266;3973;1293;-87;-37;-50
57;9;2;Sarandi;67695;56165;11530;-22;-71;49
57;9;2;Serraria;5367;4202;1165;-13;-27;14
57;9;2;Sétimo Céu;532;371;161;-41;12;-53
57;9;2;Teresópolis;13582;10669;2913;-78;-90;12
57;9;2;Três Figueiras;2425;1660;765;-92;-58;-34
57;9;2;Tristeza;16691;13698;2993;35;34;1
57;9;2;Vila Assunção;3161;2364;797;-99;-31;-68
57;9;2;Vila Conceição;821;451;370;-52;7;-59
57;9;2;Vila Ipiranga;18128;14296;3832;-127;-126;-1
57;9;2;Vila Jardim;12152;9062;3090;-99;-80;-19
57;9;2;Vila João Pessoa;11773;8853;2920;-30;-37;7
57;9;2;Vila Nova;35554;29375;6179;-139;-65;-74
57;9;2;Vila São José;28214;22642;5572;-187;-116;-71
58;10;2;Aberta dos Morros;6294;5239;1055;40;179;-139
58;10;2;Agronomia;1466;1183;283;187;86;101
58;10;2;Anchieta;1225;980;245;153;80;73
58;10;2;Arquipélago;7803;6289;1514;46;186;-140
58;10;2;Auxiliadora;8188;6614;1574;51;280;-229
58;10;2;Azenha;12337;9930;2407;26;281;-255
58;10;2;Bela Vista;10238;8212;2026;65;320;-255
58;10;2;Belém Novo;10071;8635;1436;-25;185;-210
58;10;2;Belém Velho;10205;8260;1945;23;212;-189
58;10;2;Boa Vista;8650;6945;1705;104;317;-213
58;10;2;Boa Vista do Sul;1732;1521;211;270;201;69
58;10;2;Bom Fim;9939;8042;1897;66;302;-236
58;10;2;Bom Jesus;30987;24610;6377;-44;324;-368
58;10;2;Camaquã;18016;14581;3435;-57;226;-283
58;10;2;Campo Novo;7786;6455;1331;69;270;-201
58;10;2;Cascata;12266;9874;2392;-57;236;-293
58;10;2;Cavalhada;31767;25764;6003;79;157;-78
58;10;2;Centro;44295;35747;8548;-123;-68;-55
58;10;2;Chácara das Pedras;5146;4170;976;410;401;9
58;10;2;Chapéu do Sol;2061;1760;301;310;209;101
58;10;2;Cidade Baixa;14450;11628;2822;-61;285;-346
58;10;2;Coronel Aparício Borges;19082;15201;3881;-161;260;-421
58;10;2;Costa e Silva;14832;11932;2900;-131;253;-384
58;10;2;Cristal;35154;28724;6430;-155;112;-267
58;10;2;Cristo Redentor;15675;12555;3120;-64;289;-353
58;10;2;Espírito Santo;4532;3799;733;238;224;14
58;10;2;Extrema;1491;1303;188;140;121;19
58;10;2;Farrapos;20241;16532;3709;-69;116;-185
58;10;2;Farroupilha;184;184;0;-10;-10;0
58;10;2;Floresta;10311;8382;1929;-50;319;-369
58;10;2;Glória;16392;13189;3203;-225;216;-441
58;10;2;Guarujá;3865;3254;611;272;240;32
58;10;2;Higienópolis;9371;7555;1816;-3;329;-332
58;10;2;Hípica;19383;16203;3180;-211;56;-267
58;10;2;Humaitá;11011;8988;2023;-56;174;-230
58;10;2;Independência;6706;5272;1434;421;328;93
58;10;2;Ipanema;13408;11096;2312;-129;188;-317
58;10;2;Jardim Botânico;10871;8723;2148;85;356;-271
58;10;2;Jardim Carvalho;26821;21640;5181;-348;119;-467
58;10;2;Jardim do Salso;2766;2202;564;405;370;35
58;10;2;Jardim Dona Leopoldina;16888;13693;3195;-205;254;-459
58;10;2;Jardim Europa;997;672;325;152;14;138
58;10;2;Jardim Floresta;1966;1562;404;295;256;39
58;10;2;Jardim Isabel;1764;1398;366;268;223;45
58;10;2;Jardim Itu;17140;13784;3356;-133;241;-374
58;10;2;Jardim Lindóia;6096;4845;1251;313;257;56
58;10;2;Jardim Sabará;12264;9883;2381;-21;319;-340
58;10;2;Jardim São Pedro;2495;1963;532;294;293;1
58;10;2;Lageado;3562;3118;444;203;192;11
58;10;2;Lami;3639;3240;399;223;179;44
58;10;2;Lomba do Pinheiro;66001;55343;10658;-349;-61;-288
58;10;2;Mário Quintana;42136;34645;7491;-440;107;-547
58;10;2;Medianeira;9678;7884;1794;-41;326;-367
58;10;2;Menino Deus;34186;27661;6525;-369;93;-462
58;10;2;Moinhos de Vento;10450;8336;2114;-26;255;-281
58;10;2;MontSerrat;9708;7855;1853;-18;328;-346
58;10;2;Morro Santana;19582;15846;3736;-152;143;-295
58;10;2;Navegantes;3287;2436;851;416;254;162
58;10;2;Nonoai;26387;21376;5011;-199;144;-343
58;10;2;Parque Santa Fé;4644;3731;913;184;246;-62
58;10;2;Partenon;54209;43780;10429;-232;151;-383
58;10;2;Passo DAreia;22673;18084;4589;-147;222;-369
58;10;2;Passo das Pedras;14896;11938;2958;-161;218;-379
58;10;2;Pedra Redonda;44;41;3;-8;-3;-5
58;10;2;Petrópolis;41307;33137;8170;-242;149;-391
58;10;2;Pitinga;3484;2835;649;177;149;28
58;10;2;Ponta Grossa;7914;6866;1048;-68;175;-243
58;10;2;Praia de Belas;1162;762;400;227;85;142
58;10;2;Restinga;59269;50997;8272;-923;-149;-774
58;10;2;Rio Branco;16607;13284;3323;-144;324;-468
58;10;2;Rubem Berta;35792;29366;6426;-364;39;-403
58;10;2;Santa Cecília;4078;3202;876;378;375;3
58;10;2;Santa Maria Goretti;2218;1709;509;258;298;-40
58;10;2;Santa Rosa de Lima;38703;32233;6470;-287;-20;-267
58;10;2;Santa Tereza;43785;35813;7972;-305;57;-362
58;10;2;Santana;20487;16400;4087;-243;222;-465
58;10;2;Santo Antônio;11824;9484;2340;-29;274;-303
58;10;2;São Caetano;492;274;218;-100;-8;-92
58;10;2;São Geraldo;7409;5820;1589;-26;306;-332
58;10;2;São João;11531;9164;2367;145;309;-164
58;10;2;São Sebastião;5581;4277;1304;315;304;11
58;10;2;Sarandi;67614;56209;11405;-81;44;-125
58;10;2;Serraria;5417;4413;1004;50;211;-161
58;10;2;Sétimo Céu;501;363;138;-31;-8;-23
58;10;2;Teresópolis;13447;10906;2541;-135;237;-372
58;10;2;Três Figueiras;2824;1987;837;399;327;72
58;10;2;Tristeza;16588;13878;2710;-103;180;-283
58;10;2;Vila Assunção;3409;2635;774;248;271;-23
58;10;2;Vila Conceição;734;480;254;-87;29;-116
58;10;2;Vila Ipiranga;18081;14537;3544;-47;241;-288
58;10;2;Vila Jardim;12170;9477;2693;18;415;-397
58;10;2;Vila João Pessoa;11689;9211;2478;-84;358;-442
58;10;2;Vila Nova;35335;29504;5831;-219;129;-348
58;10;2;Vila São José;28189;22890;5299;-25;248;-273
59;11;2;Aberta dos Morros;6632;6087;545;338;848;-510
59;11;2;Agronomia;1424;1305;119;-42;122;-164
59;11;2;Anchieta;1161;1073;88;-64;93;-157
59;11;2;Arquipélago;8214;7297;917;411;1008;-597
59;11;2;Auxiliadora;8570;7913;657;382;1299;-917
59;11;2;Azenha;12966;11841;1125;629;1911;-1282
59;11;2;Bela Vista;10751;9778;973;513;1566;-1053
59;11;2;Belém Novo;10136;9307;829;65;672;-607
59;11;2;Belém Velho;10706;9565;1141;501;1305;-804
59;11;2;Boa Vista;8939;8234;705;289;1289;-1000
59;11;2;Boa Vista do Sul;1718;1612;106;-14;91;-105
59;11;2;Bom Fim;10319;9550;769;380;1508;-1128
59;11;2;Bom Jesus;30522;26580;3942;-465;1970;-2435
59;11;2;Camaquã;18172;16176;1996;156;1595;-1439
59;11;2;Campo Novo;8167;7478;689;381;1023;-642
59;11;2;Cascata;12847;11433;1414;581;1559;-978
59;11;2;Cavalhada;31101;27385;3716;-666;1621;-2287
59;11;2;Centro;42553;37281;5272;-1742;1534;-3276
59;11;2;Chácara das Pedras;5228;4856;372;82;686;-604
59;11;2;Chapéu do Sol;2065;1935;130;4;175;-171
59;11;2;Cidade Baixa;14944;13401;1543;494;1773;-1279
59;11;2;Coronel Aparício Borges;19384;17125;2259;302;1924;-1622
59;11;2;Costa e Silva;15422;13790;1632;590;1858;-1268
59;11;2;Cristal;34260;30151;4109;-894;1427;-2321
59;11;2;Cristo Redentor;16213;14449;1764;538;1894;-1356
59;11;2;Espírito Santo;4695;4342;353;163;543;-380
59;11;2;Extrema;1484;1396;88;-7;93;-100
59;11;2;Farrapos;20058;17757;2301;-183;1225;-1408
59;11;2;Farroupilha;263;263;0;79;79;0
59;11;2;Floresta;10801;9761;1040;490;1379;-889
59;11;2;Glória;16837;15032;1805;445;1843;-1398
59;11;2;Guarujá;3980;3686;294;115;432;-317
59;11;2;Higienópolis;9720;8841;879;349;1286;-937
59;11;2;Hípica;19285;17235;2050;-98;1032;-1130
59;11;2;Humaitá;11400;10208;1192;389;1220;-831
59;11;2;Independência;6886;6162;724;180;890;-710
59;11;2;Ipanema;13567;12251;1316;159;1155;-996
59;11;2;Jardim Botânico;11359;10320;1039;488;1597;-1109
59;11;2;Jardim Carvalho;26619;23341;3278;-202;1701;-1903
59;11;2;Jardim do Salso;2751;2553;198;-15;351;-366
59;11;2;Jardim Dona Leopoldina;17468;15610;1858;580;1917;-1337
59;11;2;Jardim Europa;1171;854;317;174;182;-8
59;11;2;Jardim Floresta;1948;1848;100;-18;286;-304
59;11;2;Jardim Isabel;1783;1675;108;19;277;-258
59;11;2;Jardim Itu;17727;15681;2046;587;1897;-1310
59;11;2;Jardim Lindóia;6316;5649;667;220;804;-584
59;11;2;Jardim Sabará;12869;11486;1383;605;1603;-998
59;11;2;Jardim São Pedro;2540;2358;182;45;395;-350
59;11;2;Lageado;3694;3474;220;132;356;-224
59;11;2;Lami;3768;3552;216;129;312;-183
59;11;2;Lomba do Pinheiro;63410;56510;6900;-2591;1167;-3758
59;11;2;Mário Quintana;40862;36163;4699;-1274;1518;-2792
59;11;2;Medianeira;10110;9195;915;432;1311;-879
59;11;2;Menino Deus;33519;29393;4126;-667;1732;-2399
59;11;2;Moinhos de Vento;10947;9818;1129;497;1482;-985
59;11;2;MontSerrat;10086;9120;966;378;1265;-887
59;11;2;Morro Santana;19819;17436;2383;237;1590;-1353
59;11;2;Navegantes;3415;2919;496;128;483;-355
59;11;2;Nonoai;26095;23024;3071;-292;1648;-1940
59;11;2;Parque Santa Fé;4816;4466;350;172;735;-563
59;11;2;Partenon;52294;45771;6523;-1915;1991;-3906
59;11;2;Passo DAreia;22581;19818;2763;-92;1734;-1826
59;11;2;Passo das Pedras;15476;13725;1751;580;1787;-1207
59;11;2;Pedra Redonda;64;64;0;20;23;-3
59;11;2;Petrópolis;40196;35039;5157;-1111;1902;-3013
59;11;2;Pitinga;3585;3327;258;101;492;-391
59;11;2;Ponta Grossa;8227;7646;581;313;780;-467
59;11;2;Praia de Belas;1327;956;371;165;194;-29
59;11;2;Restinga;57334;51946;5388;-1935;949;-2884
59;11;2;Rio Branco;17061;15140;1921;454;1856;-1402
59;11;2;Rubem Berta;35019;30966;4053;-773;1600;-2373
59;11;2;Santa Cecília;4156;3780;376;78;578;-500
59;11;2;Santa Maria Goretti;2186;1992;194;-32;283;-315
59;11;2;Santa Rosa de Lima;37841;33560;4281;-862;1327;-2189
59;11;2;Santa Tereza;42483;37422;5061;-1302;1609;-2911
59;11;2;Santana;20757;18285;2472;270;1885;-1615
59;11;2;Santo Antônio;12335;10992;1343;511;1508;-997
59;11;2;São Caetano;502;334;168;10;60;-50
59;11;2;São Geraldo;7740;7000;740;331;1180;-849
59;11;2;São João;11997;10431;1566;466;1267;-801
59;11;2;São Sebastião;5877;5214;663;296;937;-641
59;11;2;Sarandi;65346;57579;7767;-2268;1370;-3638
59;11;2;Serraria;5600;5151;449;183;738;-555
59;11;2;Sétimo Céu;548;493;55;47;130;-83
59;11;2;Teresópolis;14130;12565;1565;683;1659;-976
59;11;2;Três Figueiras;2870;2270;600;46;283;-237
59;11;2;Tristeza;16790;15036;1754;202;1158;-956
59;11;2;Vila Assunção;3533;3148;385;124;513;-389
59;11;2;Vila Conceição;765;591;174;31;111;-80
59;11;2;Vila Ipiranga;18625;16321;2304;544;1784;-1240
59;11;2;Vila Jardim;12732;11176;1556;562;1699;-1137
59;11;2;Vila João Pessoa;12288;10927;1361;599;1716;-1117
59;11;2;Vila Nova;34663;30757;3906;-672;1253;-1925
59;11;2;Vila São José;27941;24576;3365;-248;1686;-1934
60;12;2;Aberta dos Morros;6530;5557;973;-102;-530;428
60;12;2;Agronomia;1352;1129;223;-72;-176;104
60;12;2;Anchieta;1107;931;176;-54;-142;88
60;12;2;Arquipélago;8040;6697;1343;-174;-600;426
60;12;2;Auxiliadora;8363;7007;1356;-207;-906;699
60;12;2;Azenha;12840;10854;1986;-126;-987;861
60;12;2;Bela Vista;10470;8781;1689;-281;-997;716
60;12;2;Belém Novo;10213;8939;1274;77;-368;445
60;12;2;Belém Velho;10602;8920;1682;-104;-645;541
60;12;2;Boa Vista;8738;7361;1377;-201;-873;672
60;12;2;Boa Vista do Sul;1544;1441;103;-174;-171;-3
60;12;2;Bom Fim;10172;8594;1578;-147;-956;809
60;12;2;Bom Jesus;31165;25608;5557;643;-972;1615
60;12;2;Camaquã;18305;15505;2800;133;-671;804
60;12;2;Campo Novo;7984;6863;1121;-183;-615;432
60;12;2;Cascata;12647;10638;2009;-200;-795;595
60;12;2;Cavalhada;31811;26759;5052;710;-626;1336
60;12;2;Centro;44050;36648;7402;1497;-633;2130
60;12;2;Chácara das Pedras;5059;4272;787;-169;-584;415
60;12;2;Chapéu do Sol;1913;1760;153;-152;-175;23
60;12;2;Cidade Baixa;14744;12562;2182;-200;-839;639
60;12;2;Coronel Aparício Borges;19365;16160;3205;-19;-965;946
60;12;2;Costa e Silva;15147;12832;2315;-275;-958;683
60;12;2;Cristal;34939;29387;5552;679;-764;1443
60;12;2;Cristo Redentor;15923;13610;2313;-290;-839;549
60;12;2;Espírito Santo;4392;3846;546;-303;-496;193
60;12;2;Extrema;1307;1217;90;-177;-179;2
60;12;2;Farrapos;20365;17127;3238;307;-630;937
60;12;2;Farroupilha;227;176;51;-36;-87;51
60;12;2;Floresta;10514;8935;1579;-287;-826;539
60;12;2;Glória;16649;14117;2532;-188;-915;727
60;12;2;Guarujá;3716;3250;466;-264;-436;172
60;12;2;Higienópolis;9368;7904;1464;-352;-937;585
60;12;2;Hípica;19435;16685;2750;150;-550;700
60;12;2;Humaitá;11176;9530;1646;-224;-678;454
60;12;2;Independência;6547;5471;1076;-339;-691;352
60;12;2;Ipanema;13449;11601;1848;-118;-650;532
60;12;2;Jardim Botânico;10999;9312;1687;-360;-1008;648
60;12;2;Jardim Carvalho;26882;22498;4384;263;-843;1106
60;12;2;Jardim do Salso;2775;2211;564;24;-342;366
60;12;2;Jardim Dona Leopoldina;17219;14605;2614;-249;-1005;756
60;12;2;Jardim Europa;953;721;232;-218;-133;-85
60;12;2;Jardim Floresta;1897;1550;347;-51;-298;247
60;12;2;Jardim Isabel;1615;1351;264;-168;-324;156
60;12;2;Jardim Itu;17357;14635;2722;-370;-1046;676
60;12;2;Jardim Lindóia;5955;5029;926;-361;-620;259
60;12;2;Jardim Sabará;12323;10450;1873;-546;-1036;490
60;12;2;Jardim São Pedro;2536;2033;503;-4;-325;321
60;12;2;Lageado;3420;3083;337;-274;-391;117
60;12;2;Lami;3523;3214;309;-245;-338;93
60;12;2;Lomba do Pinheiro;65212;55680;9532;1802;-830;2632
60;12;2;Mário Quintana;41816;35240;6576;954;-923;1877
60;12;2;Medianeira;9783;8275;1508;-327;-920;593
60;12;2;Menino Deus;34082;28592;5490;563;-801;1364
60;12;2;Moinhos de Vento;10621;8958;1663;-326;-860;534
60;12;2;MontSerrat;9782;8241;1541;-304;-879;575
60;12;2;Morro Santana;19774;16605;3169;-45;-831;786
60;12;2;Navegantes;3162;2502;660;-253;-417;164
60;12;2;Nonoai;26389;22158;4231;294;-866;1160
60;12;2;Parque Santa Fé;4642;3871;771;-174;-595;421
60;12;2;Partenon;53746;44676;9070;1452;-1095;2547
60;12;2;Passo DAreia;22523;18846;3677;-58;-972;914
60;12;2;Passo das Pedras;15017;12777;2240;-459;-948;489
60;12;2;Pedra Redonda;51;20;31;-13;-44;31
60;12;2;Petrópolis;40938;33943;6995;742;-1096;1838
60;12;2;Pitinga;3353;2976;377;-232;-351;119
60;12;2;Ponta Grossa;8049;7123;926;-178;-523;345
60;12;2;Praia de Belas;1080;747;333;-247;-209;-38
60;12;2;Restinga;58660;51021;7639;1326;-925;2251
60;12;2;Rio Branco;16667;14109;2558;-394;-1031;637
60;12;2;Rubem Berta;35346;30027;5319;327;-939;1266
60;12;2;Santa Cecília;4017;3198;819;-139;-582;443
60;12;2;Santa Maria Goretti;2124;1612;512;-62;-380;318
60;12;2;Santa Rosa de Lima;38501;32713;5788;660;-847;1507
60;12;2;Santa Tereza;43440;36401;7039;957;-1021;1978
60;12;2;Santana;20337;17221;3116;-420;-1064;644
60;12;2;Santo Antônio;11863;10014;1849;-472;-978;506
60;12;2;São Caetano;569;255;314;67;-79;146
60;12;2;São Geraldo;7484;6261;1223;-256;-739;483
60;12;2;São João;11428;9647;1781;-569;-784;215
60;12;2;São Sebastião;5589;4514;1075;-288;-700;412
60;12;2;Sarandi;67079;56684;10395;1733;-895;2628
60;12;2;Serraria;5349;4598;751;-251;-553;302
60;12;2;Sétimo Céu;550;350;200;2;-143;145
60;12;2;Teresópolis;13607;11587;2020;-523;-978;455
60;12;2;Três Figueiras;2637;1919;718;-233;-351;118
60;12;2;Tristeza;16533;14232;2301;-257;-804;547
60;12;2;Vila Assunção;3415;2654;761;-118;-494;376
60;12;2;Vila Conceição;808;412;396;43;-179;222
60;12;2;Vila Ipiranga;18307;15394;2913;-318;-927;609
60;12;2;Vila Jardim;12184;10182;2002;-548;-994;446
60;12;2;Vila João Pessoa;11716;9897;1819;-572;-1030;458
60;12;2;Vila Nova;35202;29857;5345;539;-900;1439
60;12;2;Vila São José;28297;23594;4703;356;-982;1338
61;13;2;Aberta dos Morros;6470;5513;957;-60;-44;-16
61;13;2;Agronomia;1286;1111;175;-66;-18;-48
61;13;2;Anchieta;1074;925;149;-33;-6;-27
61;13;2;Arquipélago;8041;6679;1362;1;-18;19
61;13;2;Auxiliadora;8266;7002;1264;-97;-5;-92
61;13;2;Azenha;12629;10781;1848;-211;-73;-138
61;13;2;Bela Vista;10286;8730;1556;-184;-51;-133
61;13;2;Belém Novo;10229;8931;1298;16;-8;24
61;13;2;Belém Velho;10566;8854;1712;-36;-66;30
61;13;2;Boa Vista;8582;7315;1267;-156;-46;-110
61;13;2;Boa Vista do Sul;1543;1429;114;-1;-12;11
61;13;2;Bom Fim;9963;8516;1447;-209;-78;-131
61;13;2;Bom Jesus;31293;25505;5788;128;-103;231
61;13;2;Camaquã;18303;15422;2881;-2;-83;81
61;13;2;Campo Novo;7935;6808;1127;-49;-55;6
61;13;2;Cascata;12588;10539;2049;-59;-99;40
61;13;2;Cavalhada;32033;26645;5388;222;-114;336
61;13;2;Centro;44415;36600;7815;365;-48;413
61;13;2;Chácara das Pedras;4904;4220;684;-155;-52;-103
61;13;2;Chapéu do Sol;1863;1726;137;-50;-34;-16
61;13;2;Cidade Baixa;14687;12437;2250;-57;-125;68
61;13;2;Coronel Aparício Borges;19290;15985;3305;-75;-175;100
61;13;2;Costa e Silva;15073;12720;2353;-74;-112;38
61;13;2;Cristal;35138;29277;5861;199;-110;309
61;13;2;Cristo Redentor;15959;13625;2334;36;15;21
61;13;2;Espírito Santo;4348;3799;549;-44;-47;3
61;13;2;Extrema;1313;1217;96;6;0;6
61;13;2;Farrapos;20436;17094;3342;71;-33;104
61;13;2;Farroupilha;158;158;0;-69;-18;-51
61;13;2;Floresta;10453;8861;1592;-61;-74;13
61;13;2;Glória;16624;13978;2646;-25;-139;114
61;13;2;Guarujá;3691;3226;465;-25;-24;-1
61;13;2;Higienópolis;9296;7839;1457;-72;-65;-7
61;13;2;Hípica;19529;16663;2866;94;-22;116
61;13;2;Humaitá;11269;9529;1740;93;-1;94
61;13;2;Independência;6456;5401;1055;-91;-70;-21
61;13;2;Ipanema;13463;11549;1914;14;-52;66
61;13;2;Jardim Botânico;10818;9184;1634;-181;-128;-53
61;13;2;Jardim Carvalho;27062;22386;4676;180;-112;292
61;13;2;Jardim do Salso;2592;2159;433;-183;-52;-131
61;13;2;Jardim Dona Leopoldina;17092;14427;2665;-127;-178;51
61;13;2;Jardim Europa;957;712;245;4;-9;13
61;13;2;Jardim Floresta;1788;1549;239;-109;-1;-108
61;13;2;Jardim Isabel;1596;1317;279;-19;-34;15
61;13;2;Jardim Itu;17377;14518;2859;20;-117;137
61;13;2;Jardim Lindóia;5904;5010;894;-51;-19;-32
61;13;2;Jardim Sabará;12327;10350;1977;4;-100;104
61;13;2;Jardim São Pedro;2367;1996;371;-169;-37;-132
61;13;2;Lageado;3408;3068;340;-12;-15;3
61;13;2;Lami;3507;3211;296;-16;-3;-13
61;13;2;Lomba do Pinheiro;65489;55662;9827;277;-18;295
61;13;2;Mário Quintana;41874;35080;6794;58;-160;218
61;13;2;Medianeira;9671;8121;1550;-112;-154;42
61;13;2;Menino Deus;34415;28479;5936;333;-113;446
61;13;2;Moinhos de Vento;10573;8892;1681;-48;-66;18
61;13;2;MontSerrat;9746;8129;1617;-36;-112;76
61;13;2;Morro Santana;19810;16474;3336;36;-131;167
61;13;2;Navegantes;3101;2461;640;-61;-41;-20
61;13;2;Nonoai;26473;21976;4497;84;-182;266
61;13;2;Parque Santa Fé;4462;3734;728;-180;-137;-43
61;13;2;Partenon;54295;44552;9743;549;-124;673
61;13;2;Passo DAreia;22693;18736;3957;170;-110;280
61;13;2;Passo das Pedras;15003;12606;2397;-14;-171;157
61;13;2;Pedra Redonda;24;21;3;-27;1;-28
61;13;2;Petrópolis;41226;33775;7451;288;-168;456
61;13;2;Pitinga;3319;2951;368;-34;-25;-9
61;13;2;Ponta Grossa;8035;7112;923;-14;-11;-3
61;13;2;Praia de Belas;1013;722;291;-67;-25;-42
61;13;2;Restinga;58865;50992;7873;205;-29;234
61;13;2;Rio Branco;16855;14042;2813;188;-67;255
61;13;2;Rubem Berta;35523;29900;5623;177;-127;304
61;13;2;Santa Cecília;3793;3086;707;-224;-112;-112
61;13;2;Santa Maria Goretti;1982;1575;407;-142;-37;-105
61;13;2;Santa Rosa de Lima;38687;32634;6053;186;-79;265
61;13;2;Santa Tereza;43645;36264;7381;205;-137;342
61;13;2;Santana;20460;17071;3389;123;-150;273
61;13;2;Santo Antônio;11825;9831;1994;-38;-183;145
61;13;2;São Caetano;543;257;286;-26;2;-28
61;13;2;São Geraldo;7474;6188;1286;-10;-73;63
61;13;2;São João;11429;9624;1805;1;-23;24
61;13;2;São Sebastião;5515;4483;1032;-74;-31;-43
61;13;2;Sarandi;67432;56604;10828;353;-80;433
61;13;2;Serraria;5351;4575;776;2;-23;25
61;13;2;Sétimo Céu;501;362;139;-49;12;-61
61;13;2;Teresópolis;13632;11439;2193;25;-148;173
61;13;2;Três Figueiras;2391;1841;550;-246;-78;-168
61;13;2;Tristeza;16578;14226;2352;45;-6;51
61;13;2;Vila Assunção;3270;2596;674;-145;-58;-87
61;13;2;Vila Conceição;771;424;347;-37;12;-49
61;13;2;Vila Ipiranga;18315;15263;3052;8;-131;139
61;13;2;Vila Jardim;12110;10033;2077;-74;-149;75
61;13;2;Vila João Pessoa;11636;9714;1922;-80;-183;103
61;13;2;Vila Nova;35116;29732;5384;-86;-125;39
61;13;2;Vila São José;28183;23395;4788;-114;-199;85
62;14;2;Aberta dos Morros;6575;5574;1001;105;61;44
62;14;2;Agronomia;1450;1209;241;164;98;66
62;14;2;Anchieta;1249;1047;202;175;122;53
62;14;2;Arquipélago;8030;6748;1282;-11;69;-80
62;14;2;Auxiliadora;8459;7091;1368;193;89;104
62;14;2;Azenha;12691;10920;1771;62;139;-77
62;14;2;Bela Vista;10535;8857;1678;249;127;122
62;14;2;Belém Novo;10303;9021;1282;74;90;-16
62;14;2;Belém Velho;10588;8934;1654;22;80;-58
62;14;2;Boa Vista;8836;7437;1399;254;122;132
62;14;2;Boa Vista do Sul;1737;1540;197;194;111;83
62;14;2;Bom Fim;10309;8692;1617;346;176;170
62;14;2;Bom Jesus;30986;25668;5318;-307;163;-470
62;14;2;Camaquã;18153;15495;2658;-150;73;-223
62;14;2;Campo Novo;8134;6909;1225;199;101;98
62;14;2;Cascata;12624;10668;1956;36;129;-93
62;14;2;Cavalhada;31590;26847;4743;-443;202;-645
62;14;2;Centro;43975;36691;7284;-440;91;-531
62;14;2;Chácara das Pedras;5149;4350;799;245;130;115
62;14;2;Chapéu do Sol;2093;1853;240;230;127;103
62;14;2;Cidade Baixa;14857;12587;2270;170;150;20
62;14;2;Coronel Aparício Borges;19137;16156;2981;-153;171;-324
62;14;2;Costa e Silva;15075;12846;2229;2;126;-124
62;14;2;Cristal;34651;29287;5364;-487;10;-497
62;14;2;Cristo Redentor;16328;13837;2491;369;212;157
62;14;2;Espírito Santo;4550;3909;641;202;110;92
62;14;2;Extrema;1493;1371;122;180;154;26
62;14;2;Farrapos;20089;17085;3004;-347;-9;-338
62;14;2;Farroupilha;170;170;0;12;12;0
62;14;2;Floresta;10690;9035;1655;237;174;63
62;14;2;Glória;16626;14038;2588;2;60;-58
62;14;2;Guarujá;3881;3327;554;190;101;89
62;14;2;Higienópolis;9547;7998;1549;251;159;92
62;14;2;Hípica;19005;16643;2362;-524;-20;-504
62;14;2;Humaitá;11150;9593;1557;-119;64;-183
62;14;2;Independência;6772;5639;1133;316;238;78
62;14;2;Ipanema;13499;11664;1835;36;115;-79
62;14;2;Jardim Botânico;11153;9473;1680;335;289;46
62;14;2;Jardim Carvalho;26465;22403;4062;-597;17;-614
62;14;2;Jardim do Salso;2803;2331;472;211;172;39
62;14;2;Jardim Dona Leopoldina;17191;14637;2554;99;210;-111
62;14;2;Jardim Europa;973;801;172;16;89;-73
62;14;2;Jardim Floresta;1998;1715;283;210;166;44
62;14;2;Jardim Isabel;1828;1504;324;232;187;45
62;14;2;Jardim Itu;17314;14676;2638;-63;158;-221
62;14;2;Jardim Lindóia;6184;5260;924;280;250;30
62;14;2;Jardim Sabará;12472;10498;1974;145;148;-3
62;14;2;Jardim São Pedro;2555;2152;403;188;156;32
62;14;2;Lageado;3629;3230;399;221;162;59
62;14;2;Lami;3748;3383;365;241;172;69
62;14;2;Lomba do Pinheiro;64868;55645;9223;-621;-17;-604
62;14;2;Mário Quintana;41378;35080;6298;-496;0;-496
62;14;2;Medianeira;9813;8239;1574;142;118;24
62;14;2;Menino Deus;33815;28420;5395;-600;-59;-541
62;14;2;Moinhos de Vento;10877;9131;1746;304;239;65
62;14;2;MontSerrat;9878;8295;1583;132;166;-34
62;14;2;Morro Santana;19452;16562;2890;-358;88;-446
62;14;2;Navegantes;3367;2673;694;266;212;54
62;14;2;Nonoai;25870;21974;3896;-603;-2;-601
62;14;2;Parque Santa Fé;4677;3902;775;215;168;47
62;14;2;Partenon;53583;44512;9071;-712;-40;-672
62;14;2;Passo DAreia;22406;18938;3468;-287;202;-489
62;14;2;Passo das Pedras;14952;12727;2225;-51;121;-172
62;14;2;Pedra Redonda;27;27;0;3;6;-3
62;14;2;Petrópolis;40668;33862;6806;-558;87;-645
62;14;2;Pitinga;3555;3096;459;236;145;91
62;14;2;Ponta Grossa;8241;7274;967;206;162;44
62;14;2;Praia de Belas;1091;904;187;78;182;-104
62;14;2;Restinga;58411;50909;7502;-454;-83;-371
62;14;2;Rio Branco;16901;14176;2725;46;134;-88
62;14;2;Rubem Berta;35183;29910;5273;-340;10;-350
62;14;2;Santa Cecília;3966;3241;725;173;155;18
62;14;2;Santa Maria Goretti;2190;1780;410;208;205;3
62;14;2;Santa Rosa de Lima;38244;32630;5614;-443;-4;-439
62;14;2;Santa Tereza;43095;36263;6832;-550;-1;-549
62;14;2;Santana;20441;17203;3238;-19;132;-151
62;14;2;Santo Antônio;12052;10012;2040;227;181;46
62;14;2;São Caetano;495;310;185;-48;53;-101
62;14;2;São Geraldo;7627;6332;1295;153;144;9
62;14;2;São João;11723;9858;1865;294;234;60
62;14;2;São Sebastião;5744;4777;967;229;294;-65
62;14;2;Sarandi;67014;56799;10215;-418;195;-613
62;14;2;Serraria;5542;4799;743;191;224;-33
62;14;2;Sétimo Céu;499;388;111;-2;26;-28
62;14;2;Teresópolis;13713;11536;2177;81;97;-16
62;14;2;Três Figueiras;2562;2062;500;171;221;-50
62;14;2;Tristeza;16498;14319;2179;-80;93;-173
62;14;2;Vila Assunção;3473;2769;704;203;173;30
62;14;2;Vila Conceição;757;521;236;-14;97;-111
62;14;2;Vila Ipiranga;18307;15437;2870;-8;174;-182
62;14;2;Vila Jardim;12285;10188;2097;175;155;20
62;14;2;Vila João Pessoa;11804;9898;1906;168;184;-16
62;14;2;Vila Nova;34935;29965;4970;-181;233;-414
62;14;2;Vila São José;28073;23553;4520;-110;158;-268
63;15;2;Aberta dos Morros;6537;5559;978;-38;-15;-23
63;15;2;Agronomia;1378;1199;179;-72;-10;-62
63;15;2;Anchieta;1171;1051;120;-78;4;-82
63;15;2;Arquipélago;8098;6754;1344;68;6;62
63;15;2;Auxiliadora;8325;7172;1153;-134;81;-215
63;15;2;Azenha;12238;10902;1336;-453;-18;-435
63;15;2;Bela Vista;10394;8924;1470;-141;67;-208
63;15;2;Belém Novo;10286;9001;1285;-17;-20;3
63;15;2;Belém Velho;10626;8948;1678;38;14;24
63;15;2;Boa Vista;8680;7467;1213;-156;30;-186
63;15;2;Boa Vista do Sul;1720;1536;184;-17;-4;-13
63;15;2;Bom Fim;10174;8773;1401;-135;81;-216
63;15;2;Bom Jesus;31196;25669;5527;210;1;209
63;15;2;Camaquã;18148;15564;2584;-5;69;-74
63;15;2;Campo Novo;8129;6920;1209;-5;11;-16
63;15;2;Cascata;12623;10659;1964;-1;-9;8
63;15;2;Cavalhada;31608;26826;4782;18;-21;39
63;15;2;Centro;44193;36790;7403;218;99;119
63;15;2;Chácara das Pedras;4962;4358;604;-187;8;-195
63;15;2;Chapéu do Sol;2045;1832;213;-48;-21;-27
63;15;2;Cidade Baixa;14918;12634;2284;61;47;14
63;15;2;Coronel Aparício Borges;19116;16098;3018;-21;-58;37
63;15;2;Costa e Silva;15053;12859;2194;-22;13;-35
63;15;2;Cristal;34816;29209;5607;165;-78;243
63;15;2;Cristo Redentor;16065;13923;2142;-263;86;-349
63;15;2;Espírito Santo;4531;3893;638;-19;-16;-3
63;15;2;Extrema;1479;1362;117;-14;-9;-5
63;15;2;Farrapos;20280;17096;3184;191;11;180
63;15;2;Farroupilha;190;190;0;20;20;0
63;15;2;Floresta;10733;9098;1635;43;63;-20
63;15;2;Glória;16647;13991;2656;21;-47;68
63;15;2;Guarujá;3847;3307;540;-34;-20;-14
63;15;2;Higienópolis;9553;8060;1493;6;62;-56
63;15;2;Hípica;19092;16619;2473;87;-24;111
63;15;2;Humaitá;11237;9596;1641;87;3;84
63;15;2;Independência;6486;5716;770;-286;77;-363
63;15;2;Ipanema;13523;11629;1894;24;-35;59
63;15;2;Jardim Botânico;10822;9482;1340;-331;9;-340
63;15;2;Jardim Carvalho;26685;22306;4379;220;-97;317
63;15;2;Jardim do Salso;2622;2308;314;-181;-23;-158
63;15;2;Jardim Dona Leopoldina;17111;14602;2509;-80;-35;-45
63;15;2;Jardim Europa;996;817;179;23;16;7
63;15;2;Jardim Floresta;1896;1770;126;-102;55;-157
63;15;2;Jardim Isabel;1728;1487;241;-100;-17;-83
63;15;2;Jardim Itu;17328;14710;2618;14;34;-20
63;15;2;Jardim Lindóia;5895;5342;553;-289;82;-371
63;15;2;Jardim Sabará;12441;10475;1966;-31;-23;-8
63;15;2;Jardim São Pedro;2450;2205;245;-105;53;-158
63;15;2;Lageado;3631;3211;420;2;-19;21
63;15;2;Lami;3725;3361;364;-23;-22;-1
63;15;2;Lomba do Pinheiro;65273;55628;9645;405;-17;422
63;15;2;Mário Quintana;41618;35003;6615;240;-77;317
63;15;2;Medianeira;9719;8206;1513;-94;-33;-61
63;15;2;Menino Deus;34033;28418;5615;218;-2;220
63;15;2;Moinhos de Vento;10651;9185;1466;-226;54;-280
63;15;2;MontSerrat;9893;8347;1546;15;52;-37
63;15;2;Morro Santana;19544;16485;3059;92;-77;169
63;15;2;Navegantes;3109;2668;441;-258;-5;-253
63;15;2;Nonoai;25946;21883;4063;76;-91;167
63;15;2;Parque Santa Fé;4516;3895;621;-161;-7;-154
63;15;2;Partenon;53854;44411;9443;271;-101;372
63;15;2;Passo DAreia;22667;18977;3690;261;39;222
63;15;2;Passo das Pedras;15020;12700;2320;68;-27;95
63;15;2;Pedra Redonda;16;16;0;-11;-11;0
63;15;2;Petrópolis;41137;33864;7273;469;2;467
63;15;2;Pitinga;3571;3098;473;16;2;14
63;15;2;Ponta Grossa;8246;7242;1004;5;-32;37
63;15;2;Praia de Belas;1042;882;160;-49;-22;-27
63;15;2;Restinga;58400;50879;7521;-11;-30;19
63;15;2;Rio Branco;17149;14255;2894;248;79;169
63;15;2;Rubem Berta;35405;29864;5541;222;-46;268
63;15;2;Santa Cecília;3785;3225;560;-181;-16;-165
63;15;2;Santa Maria Goretti;2078;1769;309;-112;-11;-101
63;15;2;Santa Rosa de Lima;38396;32621;5775;152;-9;161
63;15;2;Santa Tereza;43343;36119;7224;248;-144;392
63;15;2;Santana;20717;17243;3474;276;40;236
63;15;2;Santo Antônio;12025;9991;2034;-27;-21;-6
63;15;2;São Caetano;485;288;197;-10;-22;12
63;15;2;São Geraldo;7703;6384;1319;76;52;24
63;15;2;São João;11686;9863;1823;-37;5;-42
63;15;2;São Sebastião;5501;4813;688;-243;36;-279
63;15;2;Sarandi;67226;56804;10422;212;5;207
63;15;2;Serraria;5538;4743;795;-4;-56;52
63;15;2;Sétimo Céu;456;379;77;-43;-9;-34
63;15;2;Teresópolis;13812;11468;2344;99;-68;167
63;15;2;Três Figueiras;2183;2004;179;-379;-58;-321
63;15;2;Tristeza;16576;14310;2266;78;-9;87
63;15;2;Vila Assunção;3443;2729;714;-30;-40;10
63;15;2;Vila Conceição;687;454;233;-70;-67;-3
63;15;2;Vila Ipiranga;18411;15426;2985;104;-11;115
63;15;2;Vila Jardim;12246;10115;2131;-39;-73;34
63;15;2;Vila João Pessoa;11810;9835;1975;6;-63;69
63;15;2;Vila Nova;35019;29857;5162;84;-108;192
63;15;2;Vila São José;27989;23418;4571;-84;-135;51
64;16;2;Aberta dos Morros;6529;5680;849;-8;121;-129
64;16;2;Agronomia;1439;1330;109;61;131;-70
64;16;2;Anchieta;1225;1170;55;54;119;-65
64;16;2;Arquipélago;8162;6970;1192;64;216;-152
64;16;2;Auxiliadora;8343;7475;868;18;303;-285
64;16;2;Azenha;12338;11252;1086;100;350;-250
64;16;2;Bela Vista;10435;9252;1183;41;328;-287
64;16;2;Belém Novo;10302;9059;1243;16;58;-42
64;16;2;Belém Velho;10664;9151;1513;38;203;-165
64;16;2;Boa Vista;8793;7786;1007;113;319;-206
64;16;2;Boa Vista do Sul;1695;1568;127;-25;32;-57
64;16;2;Bom Fim;10213;9134;1079;39;361;-322
64;16;2;Bom Jesus;30693;26009;4684;-503;340;-843
64;16;2;Camaquã;18172;15788;2384;24;224;-200
64;16;2;Campo Novo;8233;7158;1075;104;238;-134
64;16;2;Cascata;12750;10938;1812;127;279;-152
64;16;2;Cavalhada;31181;27053;4128;-427;227;-654
64;16;2;Centro;43755;37086;6669;-438;296;-734
64;16;2;Chácara das Pedras;5141;4687;454;179;329;-150
64;16;2;Chapéu do Sol;2052;1938;114;7;106;-99
64;16;2;Cidade Baixa;15009;13006;2003;91;372;-281
64;16;2;Coronel Aparício Borges;19234;16506;2728;118;408;-290
64;16;2;Costa e Silva;15224;13210;2014;171;351;-180
64;16;2;Cristal;34424;29366;5058;-392;157;-549
64;16;2;Cristo Redentor;16007;14218;1789;-58;295;-353
64;16;2;Espírito Santo;4548;4033;515;17;140;-123
64;16;2;Extrema;1497;1390;107;18;28;-10
64;16;2;Farrapos;20136;17259;2877;-144;163;-307
64;16;2;Farroupilha;163;163;0;-27;-27;0
64;16;2;Floresta;10812;9424;1388;79;326;-247
64;16;2;Glória;16798;14382;2416;151;391;-240
64;16;2;Guarujá;3884;3442;442;37;135;-98
64;16;2;Higienópolis;9659;8420;1239;106;360;-254
64;16;2;Hípica;19205;16712;2493;113;93;20
64;16;2;Humaitá;11371;9786;1585;134;190;-56
64;16;2;Independência;6504;6057;447;18;341;-323
64;16;2;Ipanema;13538;11669;1869;15;40;-25
64;16;2;Jardim Botânico;10951;9846;1105;129;364;-235
64;16;2;Jardim Carvalho;26453;22548;3905;-232;242;-474
64;16;2;Jardim do Salso;2809;2549;260;187;241;-54
64;16;2;Jardim Dona Leopoldina;17243;14996;2247;132;394;-262
64;16;2;Jardim Europa;1026;906;120;30;89;-59
64;16;2;Jardim Floresta;1971;1930;41;75;160;-85
64;16;2;Jardim Isabel;1771;1610;161;43;123;-80
64;16;2;Jardim Itu;17344;14979;2365;16;269;-253
64;16;2;Jardim Lindóia;5921;5549;372;26;207;-181
64;16;2;Jardim Sabará;12570;10807;1763;129;332;-203
64;16;2;Jardim São Pedro;2602;2424;178;152;219;-67
64;16;2;Lageado;3650;3280;370;19;69;-50
64;16;2;Lami;3679;3373;306;-46;12;-58
64;16;2;Lomba do Pinheiro;65204;55800;9404;-69;172;-241
64;16;2;Mário Quintana;41291;35261;6030;-327;258;-585
64;16;2;Medianeira;9929;8568;1361;210;362;-152
64;16;2;Menino Deus;33873;28840;5033;-160;422;-582
64;16;2;Moinhos de Vento;10790;9588;1202;139;403;-264
64;16;2;MontSerrat;10088;8718;1370;195;371;-176
64;16;2;Morro Santana;19557;16714;2843;13;229;-216
64;16;2;Navegantes;3153;2836;317;44;168;-124
64;16;2;Nonoai;25864;22258;3606;-82;375;-457
64;16;2;Parque Santa Fé;4774;4232;542;258;337;-79
64;16;2;Partenon;53143;44642;8501;-711;231;-942
64;16;2;Passo DAreia;22603;19305;3298;-64;328;-392
64;16;2;Passo das Pedras;15188;13049;2139;168;349;-181
64;16;2;Pedra Redonda;35;1;34;19;-15;34
64;16;2;Petrópolis;40481;34144;6337;-656;280;-936
64;16;2;Pitinga;3588;3199;389;17;101;-84
64;16;2;Ponta Grossa;8270;7249;1021;24;7;17
64;16;2;Praia de Belas;1077;1026;51;35;144;-109
64;16;2;Restinga;58367;51070;7297;-33;191;-224
64;16;2;Rio Branco;17329;14680;2649;180;425;-245
64;16;2;Rubem Berta;34773;30088;4685;-632;224;-856
64;16;2;Santa Cecília;3995;3552;443;210;327;-117
64;16;2;Santa Maria Goretti;2193;1955;238;115;186;-71
64;16;2;Santa Rosa de Lima;37932;32708;5224;-464;87;-551
64;16;2;Santa Tereza;42990;36249;6741;-353;130;-483
64;16;2;Santana;20879;17633;3246;162;390;-228
64;16;2;Santo Antônio;12276;10319;1957;251;328;-77
64;16;2;São Caetano;563;295;268;78;7;71
64;16;2;São Geraldo;7874;6653;1221;171;269;-98
64;16;2;São João;11680;10132;1548;-6;269;-275
64;16;2;São Sebastião;5476;5020;456;-25;207;-232
64;16;2;Sarandi;66887;57047;9840;-339;243;-582
64;16;2;Serraria;5581;4774;807;43;31;12
64;16;2;Sétimo Céu;505;393;112;49;14;35
64;16;2;Teresópolis;13897;11828;2069;85;360;-275
64;16;2;Três Figueiras;2493;2295;198;310;291;19
64;16;2;Tristeza;16703;14420;2283;127;110;17
64;16;2;Vila Assunção;3600;2935;665;157;206;-49
64;16;2;Vila Conceição;743;471;272;56;17;39
64;16;2;Vila Ipiranga;18609;15726;2883;198;300;-102
64;16;2;Vila Jardim;12534;10443;2091;288;328;-40
64;16;2;Vila João Pessoa;11929;10100;1829;119;265;-146
64;16;2;Vila Nova;34675;29809;4866;-344;-48;-296
64;16;2;Vila São José;27842;23615;4227;-147;197;-344
65;17;2;Aberta dos Morros;6800;6460;340;271;780;-509
65;17;2;Agronomia;1726;1713;13;287;383;-96
65;17;2;Anchieta;1490;1490;0;265;320;-55
65;17;2;Arquipélago;8309;7804;505;147;834;-687
65;17;2;Auxiliadora;8854;8615;239;511;1140;-629
65;17;2;Azenha;12941;12623;318;603;1371;-768
65;17;2;Bela Vista;11004;10611;393;569;1359;-790
65;17;2;Belém Novo;10162;9552;610;-140;493;-633
65;17;2;Belém Velho;10841;10086;755;177;935;-758
65;17;2;Boa Vista;9337;8997;340;544;1211;-667
65;17;2;Boa Vista do Sul;1918;1861;57;223;293;-70
65;17;2;Bom Fim;10852;10462;390;639;1328;-689
65;17;2;Bom Jesus;29834;27382;2452;-859;1373;-2232
65;17;2;Camaquã;18127;16906;1221;-45;1118;-1163
65;17;2;Campo Novo;8542;8016;526;309;858;-549
65;17;2;Cascata;12986;12066;920;236;1128;-892
65;17;2;Cavalhada;30329;28182;2147;-852;1129;-1981
65;17;2;Centro;41723;38198;3525;-2032;1112;-3144
65;17;2;Chácara das Pedras;5675;5613;62;534;926;-392
65;17;2;Chapéu do Sol;2349;2309;40;297;371;-74
65;17;2;Cidade Baixa;15161;14214;947;152;1208;-1056
65;17;2;Coronel Aparício Borges;19289;17922;1367;55;1416;-1361
65;17;2;Costa e Silva;15456;14552;904;232;1342;-1110
65;17;2;Cristal;33590;30531;3059;-834;1165;-1999
65;17;2;Cristo Redentor;16192;15461;731;185;1243;-1058
65;17;2;Espírito Santo;4946;4750;196;398;717;-319
65;17;2;Extrema;1677;1587;90;180;197;-17
65;17;2;Farrapos;19673;18157;1516;-463;898;-1361
65;17;2;Farroupilha;353;353;0;190;190;0
65;17;2;Floresta;11161;10588;573;349;1164;-815
65;17;2;Glória;17037;15754;1283;239;1372;-1133
65;17;2;Guarujá;4220;4047;173;336;605;-269
65;17;2;Higienópolis;10087;9624;463;428;1204;-776
65;17;2;Hípica;18908;17559;1349;-297;847;-1144
65;17;2;Humaitá;11554;10723;831;183;937;-754
65;17;2;Independência;7228;7079;149;724;1022;-298
65;17;2;Ipanema;13616;12626;990;78;957;-879
65;17;2;Jardim Botânico;11682;11291;391;731;1445;-714
65;17;2;Jardim Carvalho;26172;23894;2278;-281;1346;-1627
65;17;2;Jardim do Salso;3295;3278;17;486;729;-243
65;17;2;Jardim Dona Leopoldina;17473;16383;1090;230;1387;-1157
65;17;2;Jardim Europa;1370;1311;59;344;405;-61
65;17;2;Jardim Floresta;2471;2469;2;500;539;-39
65;17;2;Jardim Isabel;2130;2082;48;359;472;-113
65;17;2;Jardim Itu;17554;16365;1189;210;1386;-1176
65;17;2;Jardim Lindóia;6632;6496;136;711;947;-236
65;17;2;Jardim Sabará;13088;12186;902;518;1379;-861
65;17;2;Jardim São Pedro;3056;3027;29;454;603;-149
65;17;2;Lageado;3922;3778;144;272;498;-226
65;17;2;Lami;3899;3746;153;220;373;-153
65;17;2;Lomba do Pinheiro;62787;56852;5935;-2417;1052;-3469
65;17;2;Mário Quintana;39980;36434;3546;-1311;1173;-2484
65;17;2;Medianeira;10479;9882;597;550;1314;-764
65;17;2;Menino Deus;33144;30133;3011;-729;1293;-2022
65;17;2;Moinhos de Vento;11324;10836;488;534;1248;-714
65;17;2;MontSerrat;10615;9974;641;527;1256;-729
65;17;2;Morro Santana;19492;17960;1532;-65;1246;-1311
65;17;2;Navegantes;3788;3566;222;635;730;-95
65;17;2;Nonoai;25627;23537;2090;-237;1279;-1516
65;17;2;Parque Santa Fé;5247;5097;150;473;865;-392
65;17;2;Partenon;51362;46050;5312;-1781;1408;-3189
65;17;2;Passo DAreia;22340;20521;1819;-263;1216;-1479
65;17;2;Passo das Pedras;15598;14440;1158;410;1391;-981
65;17;2;Pedra Redonda;50;50;0;15;49;-34
65;17;2;Petrópolis;39139;35572;3567;-1342;1428;-2770
65;17;2;Pitinga;3887;3709;178;299;510;-211
65;17;2;Ponta Grossa;8408;7872;536;138;623;-485
65;17;2;Praia de Belas;1483;1422;61;406;396;10
65;17;2;Restinga;56422;52156;4266;-1945;1086;-3031
65;17;2;Rio Branco;17493;16079;1414;164;1399;-1235
65;17;2;Rubem Berta;34014;31335;2679;-759;1247;-2006
65;17;2;Santa Cecília;4611;4455;156;616;903;-287
65;17;2;Santa Maria Goretti;2610;2564;46;417;609;-192
65;17;2;Santa Rosa de Lima;36954;33821;3133;-978;1113;-2091
65;17;2;Santa Tereza;41471;37501;3970;-1519;1252;-2771
65;17;2;Santana;20963;19088;1875;84;1455;-1371
65;17;2;Santo Antônio;12740;11715;1025;464;1396;-932
65;17;2;São Caetano;611;397;214;48;102;-54
65;17;2;São Geraldo;8264;7656;608;390;1003;-613
65;17;2;São João;12074;11245;829;394;1113;-719
65;17;2;São Sebastião;6185;6013;172;709;993;-284
65;17;2;Sarandi;64283;58135;6148;-2604;1088;-3692
65;17;2;Serraria;5825;5396;429;244;622;-378
65;17;2;Sétimo Céu;684;647;37;179;254;-75
65;17;2;Teresópolis;14399;13184;1215;502;1356;-854
65;17;2;Três Figueiras;2964;2945;19;471;650;-179
65;17;2;Tristeza;16627;15410;1217;-76;990;-1066
65;17;2;Vila Assunção;3766;3580;186;166;645;-479
65;17;2;Vila Conceição;852;703;149;109;232;-123
65;17;2;Vila Ipiranga;18635;17030;1605;26;1304;-1278
65;17;2;Vila Jardim;12785;11719;1066;251;1276;-1025
65;17;2;Vila João Pessoa;12365;11428;937;436;1328;-892
65;17;2;Vila Nova;33278;30816;2462;-1397;1007;-2404
65;17;2;Vila São José;27035;24791;2244;-807;1176;-1983
66;18;2;Aberta dos Morros;6830;6405;425;30;-55;85
66;18;2;Agronomia;1851;1784;67;125;71;54
66;18;2;Anchieta;1523;1506;17;33;16;17
66;18;2;Arquipélago;8273;7745;528;-36;-59;23
66;18;2;Auxiliadora;9024;8598;426;170;-17;187
66;18;2;Azenha;13206;12547;659;265;-76;341
66;18;2;Bela Vista;11081;10533;548;77;-78;155
66;18;2;Belém Novo;10212;9482;730;50;-70;120
66;18;2;Belém Velho;10781;10031;750;-60;-55;-5
66;18;2;Boa Vista;9424;8967;457;87;-30;117
66;18;2;Boa Vista do Sul;2105;1938;167;187;77;110
66;18;2;Bom Fim;10911;10367;544;59;-95;154
66;18;2;Bom Jesus;29254;27218;2036;-580;-164;-416
66;18;2;Camaquã;17958;16761;1197;-169;-145;-24
66;18;2;Campo Novo;8537;7963;574;-5;-53;48
66;18;2;Cascata;12940;12051;889;-46;-15;-31
66;18;2;Cavalhada;30155;28089;2066;-174;-93;-81
66;18;2;Centro;41029;37953;3076;-694;-245;-449
66;18;2;Chácara das Pedras;5847;5586;261;172;-27;199
66;18;2;Chapéu do Sol;2456;2338;118;107;29;78
66;18;2;Cidade Baixa;15094;14128;966;-67;-86;19
66;18;2;Coronel Aparício Borges;19254;17905;1349;-35;-17;-18
66;18;2;Costa e Silva;15398;14497;901;-58;-55;-3
66;18;2;Cristal;32801;30256;2545;-789;-275;-514
66;18;2;Cristo Redentor;16331;15446;885;139;-15;154
66;18;2;Espírito Santo;5067;4766;301;121;16;105
66;18;2;Extrema;1802;1686;116;125;99;26
66;18;2;Farrapos;19492;18029;1463;-181;-128;-53
66;18;2;Farroupilha;326;326;0;-27;-27;0
66;18;2;Floresta;11201;10530;671;40;-58;98
66;18;2;Glória;16904;15712;1192;-133;-42;-91
66;18;2;Guarujá;4341;4043;298;121;-4;125
66;18;2;Higienópolis;10139;9580;559;52;-44;96
66;18;2;Hípica;18863;17449;1414;-45;-110;65
66;18;2;Humaitá;11476;10649;827;-78;-74;-4
66;18;2;Independência;7431;7049;382;203;-30;233
66;18;2;Ipanema;13711;12661;1050;95;35;60
66;18;2;Jardim Botânico;11937;11316;621;255;25;230
66;18;2;Jardim Carvalho;25911;23847;2064;-261;-47;-214
66;18;2;Jardim do Salso;3469;3337;132;174;59;115
66;18;2;Jardim Dona Leopoldina;17415;16331;1084;-58;-52;-6
66;18;2;Jardim Europa;1369;1369;0;-1;58;-59
66;18;2;Jardim Floresta;2582;2512;70;111;43;68
66;18;2;Jardim Isabel;2256;2146;110;126;64;62
66;18;2;Jardim Itu;17498;16322;1176;-56;-43;-13
66;18;2;Jardim Lindóia;6896;6566;330;264;70;194
66;18;2;Jardim Sabará;13026;12174;852;-62;-12;-50
66;18;2;Jardim São Pedro;3173;3034;139;117;7;110
66;18;2;Lageado;4147;3848;299;225;70;155
66;18;2;Lami;4122;3858;264;223;112;111
66;18;2;Lomba do Pinheiro;62241;56785;5456;-546;-67;-479
66;18;2;Mário Quintana;39169;36119;3050;-811;-315;-496
66;18;2;Medianeira;10474;9810;664;-5;-72;67
66;18;2;Menino Deus;32608;29926;2682;-536;-207;-329
66;18;2;Moinhos de Vento;11468;10818;650;144;-18;162
66;18;2;MontSerrat;10602;9915;687;-13;-59;46
66;18;2;Morro Santana;19505;18000;1505;13;40;-27
66;18;2;Navegantes;3780;3585;195;-8;19;-27
66;18;2;Nonoai;25394;23411;1983;-233;-126;-107
66;18;2;Parque Santa Fé;5410;5130;280;163;33;130
66;18;2;Partenon;50099;45579;4520;-1263;-471;-792
66;18;2;Passo DAreia;22220;20430;1790;-120;-91;-29
66;18;2;Passo das Pedras;15578;14431;1147;-20;-9;-11
66;18;2;Pedra Redonda;76;32;44;26;-18;44
66;18;2;Petrópolis;38773;35468;3305;-366;-104;-262
66;18;2;Pitinga;4075;3804;271;188;95;93
66;18;2;Ponta Grossa;8556;7964;592;148;92;56
66;18;2;Praia de Belas;1565;1482;83;82;60;22
66;18;2;Restinga;56263;52128;4135;-159;-28;-131
66;18;2;Rio Branco;17373;15934;1439;-120;-145;25
66;18;2;Rubem Berta;34143;31228;2915;129;-107;236
66;18;2;Santa Cecília;4790;4425;365;179;-30;209
66;18;2;Santa Maria Goretti;2861;2618;243;251;54;197
66;18;2;Santa Rosa de Lima;36588;33654;2934;-366;-167;-199
66;18;2;Santa Tereza;40779;37267;3512;-692;-234;-458
66;18;2;Santana;20996;19056;1940;33;-32;65
66;18;2;Santo Antônio;12962;11739;1223;222;24;198
66;18;2;São Caetano;558;461;97;-53;64;-117
66;18;2;São Geraldo;8415;7677;738;151;21;130
66;18;2;São João;12326;11326;1000;252;81;171
66;18;2;São Sebastião;6495;6104;391;310;91;219
66;18;2;Sarandi;63872;58072;5800;-411;-63;-348
66;18;2;Serraria;5988;5549;439;163;153;10
66;18;2;Sétimo Céu;737;662;75;53;15;38
66;18;2;Teresópolis;14627;13221;1406;228;37;191
66;18;2;Três Figueiras;3360;3050;310;396;105;291
66;18;2;Tristeza;16733;15383;1350;106;-27;133
66;18;2;Vila Assunção;4004;3624;380;238;44;194
66;18;2;Vila Conceição;938;804;134;86;101;-15
66;18;2;Vila Ipiranga;18982;17150;1832;347;120;227
66;18;2;Vila Jardim;13112;11828;1284;327;109;218
66;18;2;Vila João Pessoa;12669;11523;1146;304;95;209
66;18;2;Vila Nova;33853;30884;2969;575;68;507
66;18;2;Vila São José;27505;25004;2501;470;213;257
67;19;2;Aberta dos Morros;6831;6421;410;1;16;-15
67;19;2;Agronomia;1840;1800;40;-11;16;-27
67;19;2;Anchieta;1532;1529;3;9;23;-14
67;19;2;Arquipélago;8285;7770;515;12;25;-13
67;19;2;Auxiliadora;9009;8657;352;-15;59;-74
67;19;2;Azenha;13051;12580;471;-155;33;-188
67;19;2;Bela Vista;11024;10573;451;-57;40;-97
67;19;2;Belém Novo;10248;9502;746;36;20;16
67;19;2;Belém Velho;10829;10054;775;48;23;25
67;19;2;Boa Vista;9395;9009;386;-29;42;-71
67;19;2;Boa Vista do Sul;2113;1948;165;8;10;-2
67;19;2;Bom Fim;10891;10453;438;-20;86;-106
67;19;2;Bom Jesus;29429;27306;2123;175;88;87
67;19;2;Camaquã;18010;16832;1178;52;71;-19
67;19;2;Campo Novo;8533;7976;557;-4;13;-17
67;19;2;Cascata;12986;12080;906;46;29;17
67;19;2;Cavalhada;30096;28102;1994;-59;13;-72
67;19;2;Centro;41106;38072;3034;77;119;-42
67;19;2;Chácara das Pedras;5789;5616;173;-58;30;-88
67;19;2;Chapéu do Sol;2439;2346;93;-17;8;-25
67;19;2;Cidade Baixa;15128;14178;950;34;50;-16
67;19;2;Coronel Aparício Borges;19226;17940;1286;-28;35;-63
67;19;2;Costa e Silva;15494;14557;937;96;60;36
67;19;2;Cristal;33068;30350;2718;267;94;173
67;19;2;Cristo Redentor;16299;15496;803;-32;50;-82
67;19;2;Espírito Santo;5083;4796;287;16;30;-14
67;19;2;Extrema;1805;1688;117;3;2;1
67;19;2;Farrapos;19612;18109;1503;120;80;40
67;19;2;Farroupilha;392;392;0;66;66;0
67;19;2;Floresta;11176;10578;598;-25;48;-73
67;19;2;Glória;16944;15742;1202;40;30;10
67;19;2;Guarujá;4356;4073;283;15;30;-15
67;19;2;Higienópolis;10168;9633;535;29;53;-24
67;19;2;Hípica;18951;17468;1483;88;19;69
67;19;2;Humaitá;11504;10702;802;28;53;-25
67;19;2;Independência;7330;7083;247;-101;34;-135
67;19;2;Ipanema;13810;12712;1098;99;51;48
67;19;2;Jardim Botânico;11844;11342;502;-93;26;-119
67;19;2;Jardim Carvalho;26099;23928;2171;188;81;107
67;19;2;Jardim do Salso;3406;3369;37;-63;32;-95
67;19;2;Jardim Dona Leopoldina;17487;16401;1086;72;70;2
67;19;2;Jardim Europa;1438;1438;0;69;69;0
67;19;2;Jardim Floresta;2556;2556;0;-26;44;-70
67;19;2;Jardim Isabel;2211;2159;52;-45;13;-58
67;19;2;Jardim Itu;17632;16411;1221;134;89;45
67;19;2;Jardim Lindóia;6847;6607;240;-49;41;-90
67;19;2;Jardim Sabará;13142;12241;901;116;67;49
67;19;2;Jardim São Pedro;3139;3081;58;-34;47;-81
67;19;2;Lageado;4157;3869;288;10;21;-11
67;19;2;Lami;4135;3869;266;13;11;2
67;19;2;Lomba do Pinheiro;62101;56793;5308;-140;8;-148
67;19;2;Mário Quintana;39413;36249;3164;244;130;114
67;19;2;Medianeira;10546;9889;657;72;79;-7
67;19;2;Menino Deus;32811;30062;2749;203;136;67
67;19;2;Moinhos de Vento;11473;10866;607;5;48;-43
67;19;2;MontSerrat;10580;9949;631;-22;34;-56
67;19;2;Morro Santana;19641;18038;1603;136;38;98
67;19;2;Navegantes;3701;3608;93;-79;23;-102
67;19;2;Nonoai;25471;23445;2026;77;34;43
67;19;2;Parque Santa Fé;5407;5198;209;-3;68;-71
67;19;2;Partenon;50404;45729;4675;305;150;155
67;19;2;Passo DAreia;22336;20491;1845;116;61;55
67;19;2;Passo das Pedras;15597;14519;1078;19;88;-69
67;19;2;Pedra Redonda;66;60;6;-10;28;-38
67;19;2;Petrópolis;38946;35574;3372;173;106;67
67;19;2;Pitinga;4102;3810;292;27;6;21
67;19;2;Ponta Grossa;8577;7959;618;21;-5;26
67;19;2;Praia de Belas;1501;1501;0;-64;19;-83
67;19;2;Restinga;55912;52109;3803;-351;-19;-332
67;19;2;Rio Branco;17462;16038;1424;89;104;-15
67;19;2;Rubem Berta;33998;31234;2764;-145;6;-151
67;19;2;Santa Cecília;4730;4481;249;-60;56;-116
67;19;2;Santa Maria Goretti;2799;2658;141;-62;40;-102
67;19;2;Santa Rosa de Lima;36541;33717;2824;-47;63;-110
67;19;2;Santa Tereza;40820;37332;3488;41;65;-24
67;19;2;Santana;21030;19107;1923;34;51;-17
67;19;2;Santo Antônio;12870;11737;1133;-92;-2;-90
67;19;2;São Caetano;567;468;99;9;7;2
67;19;2;São Geraldo;8380;7698;682;-35;21;-56
67;19;2;São João;12293;11350;943;-33;24;-57
67;19;2;São Sebastião;6444;6134;310;-51;30;-81
67;19;2;Sarandi;63441;58057;5384;-431;-15;-416
67;19;2;Serraria;6006;5535;471;18;-14;32
67;19;2;Sétimo Céu;730;673;57;-7;11;-18
67;19;2;Teresópolis;14552;13244;1308;-75;23;-98
67;19;2;Três Figueiras;3234;3066;168;-126;16;-142
67;19;2;Tristeza;16737;15368;1369;4;-15;19
67;19;2;Vila Assunção;4009;3631;378;5;7;-2
67;19;2;Vila Conceição;936;794;142;-2;-10;8
67;19;2;Vila Ipiranga;18803;17081;1722;-179;-69;-110
67;19;2;Vila Jardim;12943;11759;1184;-169;-69;-100
67;19;2;Vila João Pessoa;12680;11527;1153;11;4;7
67;19;2;Vila Nova;33546;30849;2697;-307;-35;-272
67;19;2;Vila São José;27340;24917;2423;-165;-87;-78
68;20;2;Aberta dos Morros;7110;6886;224;279;465;-186
68;20;2;Agronomia;2531;2222;309;691;422;269
68;20;2;Anchieta;2135;1924;211;603;395;208
68;20;2;Arquipélago;8491;8239;252;206;469;-263
68;20;2;Auxiliadora;9517;9462;55;508;805;-297
68;20;2;Azenha;13497;13497;0;446;917;-471
68;20;2;Bela Vista;11553;11510;43;529;937;-408
68;20;2;Belém Novo;10254;9887;367;6;385;-379
68;20;2;Belém Velho;10943;10641;302;114;587;-473
68;20;2;Boa Vista;9877;9812;65;482;803;-321
68;20;2;Boa Vista do Sul;2411;2113;298;298;165;133
68;20;2;Bom Fim;11407;11350;57;516;897;-381
68;20;2;Bom Jesus;28578;28365;213;-851;1059;-1910
68;20;2;Camaquã;17836;17619;217;-174;787;-961
68;20;2;Campo Novo;8741;8507;234;208;531;-323
68;20;2;Cascata;13059;12786;273;73;706;-633
68;20;2;Cavalhada;29149;28974;175;-947;872;-1819
68;20;2;Centro;39203;38979;224;-1903;907;-2810
68;20;2;Chácara das Pedras;6496;6410;86;707;794;-87
68;20;2;Chapéu do Sol;2925;2682;243;486;336;150
68;20;2;Cidade Baixa;15298;15156;142;170;978;-808
68;20;2;Coronel Aparício Borges;19188;18960;228;-38;1020;-1058
68;20;2;Costa e Silva;15679;15517;162;185;960;-775
68;20;2;Cristal;32112;31482;630;-956;1132;-2088
68;20;2;Cristo Redentor;16205;16199;6;-94;703;-797
68;20;2;Espírito Santo;5463;5274;189;380;478;-98
68;20;2;Extrema;2132;1841;291;327;153;174
68;20;2;Farrapos;19251;18819;432;-361;710;-1071
68;20;2;Farroupilha;978;812;166;586;420;166
68;20;2;Floresta;11508;11389;119;332;811;-479
68;20;2;Glória;16910;16705;205;-34;963;-997
68;20;2;Guarujá;4784;4533;251;428;460;-32
68;20;2;Higienópolis;10554;10453;101;386;820;-434
68;20;2;Hípica;18605;18178;427;-346;710;-1056
68;20;2;Humaitá;11648;11333;315;144;631;-487
68;20;2;Independência;7948;7869;79;618;786;-168
68;20;2;Ipanema;13716;13367;349;-94;655;-749
68;20;2;Jardim Botânico;12260;12233;27;416;891;-475
68;20;2;Jardim Carvalho;25486;25044;442;-613;1116;-1729
68;20;2;Jardim do Salso;4356;4163;193;950;794;156
68;20;2;Jardim Dona Leopoldina;17766;17573;193;279;1172;-893
68;20;2;Jardim Europa;2219;2091;128;781;653;128
68;20;2;Jardim Floresta;3272;3105;167;716;549;167
68;20;2;Jardim Isabel;2784;2574;210;573;415;158
68;20;2;Jardim Itu;17657;17489;168;25;1078;-1053
68;20;2;Jardim Lindóia;7273;7189;84;426;582;-156
68;20;2;Jardim Sabará;13337;13179;158;195;938;-743
68;20;2;Jardim São Pedro;3926;3733;193;787;652;135
68;20;2;Lageado;4545;4234;311;388;365;23
68;20;2;Lami;4372;4088;284;237;219;18
68;20;2;Lomba do Pinheiro;59015;57840;1175;-3086;1047;-4133
68;20;2;Mário Quintana;38284;37580;704;-1129;1331;-2460
68;20;2;Medianeira;10990;10862;128;444;973;-529
68;20;2;Menino Deus;31618;31258;360;-1193;1196;-2389
68;20;2;Moinhos de Vento;11782;11683;99;309;817;-508
68;20;2;MontSerrat;11066;10891;175;486;942;-456
68;20;2;Morro Santana;19417;18965;452;-224;927;-1151
68;20;2;Navegantes;4356;4162;194;655;554;101
68;20;2;Nonoai;25158;24692;466;-313;1247;-1560
68;20;2;Parque Santa Fé;6259;6077;182;852;879;-27
68;20;2;Partenon;48456;47340;1116;-1948;1611;-3559
68;20;2;Passo DAreia;21873;21552;321;-463;1061;-1524
68;20;2;Passo das Pedras;15801;15547;254;204;1028;-824
68;20;2;Pedra Redonda;357;122;235;291;62;229
68;20;2;Petrópolis;37563;36904;659;-1383;1330;-2713
68;20;2;Pitinga;4550;4188;362;448;378;70
68;20;2;Ponta Grossa;8738;8348;390;161;389;-228
68;20;2;Praia de Belas;2394;2130;264;893;629;264
68;20;2;Restinga;53635;52850;785;-2277;741;-3018
68;20;2;Rio Branco;17313;17083;230;-149;1045;-1194
68;20;2;Rubem Berta;33448;32658;790;-550;1424;-1974
68;20;2;Santa Cecília;5711;5419;292;981;938;43
68;20;2;Santa Maria Goretti;3566;3273;293;767;615;152
68;20;2;Santa Rosa de Lima;35753;34870;883;-788;1153;-1941
68;20;2;Santa Tereza;39810;38779;1031;-1010;1447;-2457
68;20;2;Santana;20543;20238;305;-487;1131;-1618
68;20;2;Santo Antônio;13014;12716;298;144;979;-835
68;20;2;São Caetano;880;588;292;313;120;193
68;20;2;São Geraldo;8754;8433;321;374;735;-361
68;20;2;São João;12156;11966;190;-137;616;-753
68;20;2;São Sebastião;6970;6789;181;526;655;-129
68;20;2;Sarandi;60227;59064;1163;-3214;1007;-4221
68;20;2;Serraria;6317;5888;429;311;353;-42
68;20;2;Sétimo Céu;1204;1004;200;474;331;143
68;20;2;Teresópolis;14600;14182;418;48;938;-890
68;20;2;Três Figueiras;4049;3782;267;815;716;99
68;20;2;Tristeza;16608;16132;476;-129;764;-893
68;20;2;Vila Assunção;4607;4143;464;598;512;86
68;20;2;Vila Conceição;1487;1121;366;551;327;224
68;20;2;Vila Ipiranga;18642;18142;500;-161;1061;-1222
68;20;2;Vila Jardim;13210;12744;466;267;985;-718
68;20;2;Vila João Pessoa;12910;12547;363;230;1020;-790
68;20;2;Vila Nova;32544;31679;865;-1002;830;-1832
68;20;2;Vila São José;26771;25924;847;-569;1007;-1576
69;21;2;Aberta dos Morros;7108;6950;158;-2;64;-66
69;21;2;Agronomia;2485;2243;242;-46;21;-67
69;21;2;Anchieta;2127;1973;154;-8;49;-57
69;21;2;Arquipélago;8434;8269;165;-57;30;-87
69;21;2;Auxiliadora;9552;9543;9;35;81;-46
69;21;2;Azenha;13573;13573;0;76;76;0
69;21;2;Bela Vista;11622;11606;16;69;96;-27
69;21;2;Belém Novo;10167;9936;231;-87;49;-136
69;21;2;Belém Velho;10878;10684;194;-65;43;-108
69;21;2;Boa Vista;9921;9910;11;44;98;-54
69;21;2;Boa Vista do Sul;2415;2143;272;4;30;-26
69;21;2;Bom Fim;11451;11435;16;44;85;-41
69;21;2;Bom Jesus;28760;28460;300;182;95;87
69;21;2;Camaquã;17853;17701;152;17;82;-65
69;21;2;Campo Novo;8731;8569;162;-10;62;-72
69;21;2;Cascata;13022;12842;180;-37;56;-93
69;21;2;Cavalhada;29185;29069;116;36;95;-59
69;21;2;Centro;39365;39045;320;162;66;96
69;21;2;Chácara das Pedras;6513;6512;1;17;102;-85
69;21;2;Chapéu do Sol;2923;2734;189;-2;52;-54
69;21;2;Cidade Baixa;15292;15226;66;-6;70;-76
69;21;2;Coronel Aparício Borges;19235;19052;183;47;92;-45
69;21;2;Costa e Silva;15698;15627;71;19;110;-91
69;21;2;Cristal;31981;31655;326;-131;173;-304
69;21;2;Cristo Redentor;16348;16318;30;143;119;24
69;21;2;Espírito Santo;5507;5357;150;44;83;-39
69;21;2;Extrema;2150;1862;288;18;21;-3
69;21;2;Farrapos;19135;18898;237;-116;79;-195
69;21;2;Farroupilha;899;837;62;-79;25;-104
69;21;2;Floresta;11479;11459;20;-29;70;-99
69;21;2;Glória;17001;16842;159;91;137;-46
69;21;2;Guarujá;4810;4610;200;26;77;-51
69;21;2;Higienópolis;10593;10553;40;39;100;-61
69;21;2;Hípica;18577;18313;264;-28;135;-163
69;21;2;Humaitá;11594;11406;188;-54;73;-127
69;21;2;Independência;7961;7961;0;13;92;-79
69;21;2;Ipanema;13732;13475;257;16;108;-92
69;21;2;Jardim Botânico;12338;12338;0;78;105;-27
69;21;2;Jardim Carvalho;25457;25158;299;-29;114;-143
69;21;2;Jardim do Salso;4329;4233;96;-27;70;-97
69;21;2;Jardim Dona Leopoldina;17820;17726;94;54;153;-99
69;21;2;Jardim Europa;2248;2169;79;29;78;-49
69;21;2;Jardim Floresta;3298;3196;102;26;91;-65
69;21;2;Jardim Isabel;2777;2627;150;-7;53;-60
69;21;2;Jardim Itu;17780;17642;138;123;153;-30
69;21;2;Jardim Lindóia;7291;7286;5;18;97;-79
69;21;2;Jardim Sabará;13455;13332;123;118;153;-35
69;21;2;Jardim São Pedro;3923;3822;101;-3;89;-92
69;21;2;Lageado;4538;4291;247;-7;57;-64
69;21;2;Lami;4379;4118;261;7;30;-23
69;21;2;Lomba do Pinheiro;58747;57934;813;-268;94;-362
69;21;2;Mário Quintana;38319;37821;498;35;241;-206
69;21;2;Medianeira;11055;10985;70;65;123;-58
69;21;2;Menino Deus;31819;31418;401;201;160;41
69;21;2;Moinhos de Vento;11804;11763;41;22;80;-58
69;21;2;MontSerrat;11081;11033;48;15;142;-127
69;21;2;Morro Santana;19416;19139;277;-1;174;-175
69;21;2;Navegantes;4326;4230;96;-30;68;-98
69;21;2;Nonoai;25126;24848;278;-32;156;-188
69;21;2;Parque Santa Fé;6305;6195;110;46;118;-72
69;21;2;Partenon;48418;47698;720;-38;358;-396
69;21;2;Passo DAreia;21968;21742;226;95;190;-95
69;21;2;Passo das Pedras;15824;15689;135;23;142;-119
69;21;2;Pedra Redonda;341;143;198;-16;21;-37
69;21;2;Petrópolis;37594;37147;447;31;243;-212
69;21;2;Pitinga;4527;4224;303;-23;36;-59
69;21;2;Ponta Grossa;8725;8458;267;-13;110;-123
69;21;2;Praia de Belas;2293;2180;113;-101;50;-151
69;21;2;Restinga;53573;53072;501;-62;222;-284
69;21;2;Rio Branco;17525;17279;246;212;196;16
69;21;2;Rubem Berta;33325;32860;465;-123;202;-325
69;21;2;Santa Cecília;5618;5542;76;-93;123;-216
69;21;2;Santa Maria Goretti;3517;3356;161;-49;83;-132
69;21;2;Santa Rosa de Lima;35571;35075;496;-182;205;-387
69;21;2;Santa Tereza;39787;39102;685;-23;323;-346
69;21;2;Santana;20743;20437;306;200;199;1
69;21;2;Santo Antônio;12997;12880;117;-17;164;-181
69;21;2;São Caetano;907;613;294;27;25;2
69;21;2;São Geraldo;8679;8536;143;-75;103;-178
69;21;2;São João;12136;12065;71;-20;99;-119
69;21;2;São Sebastião;6927;6884;43;-43;95;-138
69;21;2;Sarandi;59965;59356;609;-262;292;-554
69;21;2;Serraria;6342;5985;357;25;97;-72
69;21;2;Sétimo Céu;1226;1061;165;22;57;-35
69;21;2;Teresópolis;14593;14374;219;-7;192;-199
69;21;2;Três Figueiras;3993;3897;96;-56;115;-171
69;21;2;Tristeza;16663;16332;331;55;200;-145
69;21;2;Vila Assunção;4547;4214;333;-60;71;-131
69;21;2;Vila Conceição;1507;1159;348;20;38;-18
69;21;2;Vila Ipiranga;18635;18380;255;-7;238;-245
69;21;2;Vila Jardim;13158;12932;226;-52;188;-240
69;21;2;Vila João Pessoa;12870;12698;172;-40;151;-191
69;21;2;Vila Nova;32468;31944;524;-76;265;-341
69;21;2;Vila São José;26681;26137;544;-90;213;-303
70;22;2;Aberta dos Morros;7141;6958;183;33;8;25
70;22;2;Agronomia;2557;2258;299;72;15;57
70;22;2;Anchieta;2166;1947;219;39;-26;65
70;22;2;Arquipélago;8417;8247;170;-17;-22;5
70;22;2;Auxiliadora;9628;9476;152;76;-67;143
70;22;2;Azenha;13673;13526;147;100;-47;147
70;22;2;Bela Vista;11705;11546;159;83;-60;143
70;22;2;Belém Novo;10186;9944;242;19;8;11
70;22;2;Belém Velho;10866;10679;187;-12;-5;-7
70;22;2;Boa Vista;10011;9853;158;90;-57;147
70;22;2;Boa Vista do Sul;2444;2140;304;29;-3;32
70;22;2;Bom Fim;11504;11357;147;53;-78;131
70;22;2;Bom Jesus;28637;28446;191;-123;-14;-109
70;22;2;Camaquã;17849;17683;166;-4;-18;14
70;22;2;Campo Novo;8745;8581;164;14;12;2
70;22;2;Cascata;12997;12833;164;-25;-9;-16
70;22;2;Cavalhada;29253;29052;201;68;-17;85
70;22;2;Centro;39290;38980;310;-75;-65;-10
70;22;2;Chácara das Pedras;6613;6464;149;100;-48;148
70;22;2;Chapéu do Sol;2967;2743;224;44;9;35
70;22;2;Cidade Baixa;15382;15200;182;90;-26;116
70;22;2;Coronel Aparício Borges;19239;19060;179;4;8;-4
70;22;2;Costa e Silva;15793;15635;158;95;8;87
70;22;2;Cristal;31919;31678;241;-62;23;-85
70;22;2;Cristo Redentor;16429;16252;177;81;-66;147
70;22;2;Espírito Santo;5521;5367;154;14;10;4
70;22;2;Extrema;2169;1859;310;19;-3;22
70;22;2;Farrapos;19045;18855;190;-90;-43;-47
70;22;2;Farroupilha;924;772;152;25;-65;90
70;22;2;Floresta;11552;11395;157;73;-64;137
70;22;2;Glória;17048;16849;199;47;7;40
70;22;2;Guarujá;4834;4617;217;24;7;17
70;22;2;Higienópolis;10682;10517;165;89;-36;125
70;22;2;Hípica;18596;18374;222;19;61;-42
70;22;2;Humaitá;11569;11379;190;-25;-27;2
70;22;2;Independência;8061;7896;165;100;-65;165
70;22;2;Ipanema;13694;13489;205;-38;14;-52
70;22;2;Jardim Botânico;12478;12312;166;140;-26;166
70;22;2;Jardim Carvalho;25408;25176;232;-49;18;-67
70;22;2;Jardim do Salso;4380;4228;152;51;-5;56
70;22;2;Jardim Dona Leopoldina;17918;17772;146;98;46;52
70;22;2;Jardim Europa;2269;2119;150;21;-50;71
70;22;2;Jardim Floresta;3306;3160;146;8;-36;44
70;22;2;Jardim Isabel;2794;2619;175;17;-8;25
70;22;2;Jardim Itu;17805;17630;175;25;-12;37
70;22;2;Jardim Lindóia;7397;7245;152;106;-41;147
70;22;2;Jardim Sabará;13497;13330;167;42;-2;44
70;22;2;Jardim São Pedro;3932;3783;149;9;-39;48
70;22;2;Lageado;4552;4304;248;14;13;1
70;22;2;Lami;4375;4098;277;-4;-20;16
70;22;2;Lomba do Pinheiro;58479;57951;528;-268;17;-285
70;22;2;Mário Quintana;38189;37887;302;-130;66;-196
70;22;2;Medianeira;11152;10989;163;97;4;93
70;22;2;Menino Deus;31640;31380;260;-179;-38;-141
70;22;2;Moinhos de Vento;11875;11692;183;71;-71;142
70;22;2;MontSerrat;11156;10993;163;75;-40;115
70;22;2;Morro Santana;19402;19184;218;-14;45;-59
70;22;2;Navegantes;4346;4196;150;20;-34;54
70;22;2;Nonoai;25097;24878;219;-29;30;-59
70;22;2;Parque Santa Fé;6363;6225;138;58;30;28
70;22;2;Partenon;48151;47725;426;-267;27;-294
70;22;2;Passo DAreia;21893;21697;196;-75;-45;-30
70;22;2;Passo das Pedras;15876;15697;179;52;8;44
70;22;2;Pedra Redonda;404;146;258;63;3;60
70;22;2;Petrópolis;37427;37156;271;-167;9;-176
70;22;2;Pitinga;4543;4234;309;16;10;6
70;22;2;Ponta Grossa;8770;8491;279;45;33;12
70;22;2;Praia de Belas;2338;2173;165;45;-7;52
70;22;2;Restinga;53334;53109;225;-239;37;-276
70;22;2;Rio Branco;17402;17183;219;-123;-96;-27
70;22;2;Rubem Berta;33216;32906;310;-109;46;-155
70;22;2;Santa Cecília;5662;5511;151;44;-31;75
70;22;2;Santa Maria Goretti;3492;3323;169;-25;-33;8
70;22;2;Santa Rosa de Lima;35421;35100;321;-150;25;-175
70;22;2;Santa Tereza;39615;39144;471;-172;42;-214
70;22;2;Santana;20661;20402;259;-82;-35;-47
70;22;2;Santo Antônio;13083;12896;187;86;16;70
70;22;2;São Caetano;884;580;304;-23;-33;10
70;22;2;São Geraldo;8641;8490;151;-38;-46;8
70;22;2;São João;12214;12035;179;78;-30;108
70;22;2;São Sebastião;7007;6868;139;80;-16;96
70;22;2;Sarandi;59779;59386;393;-186;30;-216
70;22;2;Serraria;6337;5998;339;-5;13;-18
70;22;2;Sétimo Céu;1250;1061;189;24;0;24
70;22;2;Teresópolis;14653;14425;228;60;51;9
70;22;2;Três Figueiras;4035;3884;151;42;-13;55
70;22;2;Tristeza;16640;16330;310;-23;-2;-21
70;22;2;Vila Assunção;4489;4226;263;-58;12;-70
70;22;2;Vila Conceição;1499;1149;350;-8;-10;2
70;22;2;Vila Ipiranga;18593;18372;221;-42;-8;-34
70;22;2;Vila Jardim;13157;12949;208;-1;17;-18
70;22;2;Vila João Pessoa;12933;12758;175;63;60;3
70;22;2;Vila Nova;32372;31980;392;-96;36;-132
70;22;2;Vila São José;26664;26198;466;-17;61;-78
71;23;2;Aberta dos Morros;7146;7146;0;5;188;-183
71;23;2;Agronomia;2330;2330;0;-227;72;-299
71;23;2;Anchieta;2024;2024;0;-142;77;-219
71;23;2;Arquipélago;8331;8330;1;-86;83;-169
71;23;2;Auxiliadora;9682;9682;0;54;206;-152
71;23;2;Azenha;13795;13794;1;122;268;-146
71;23;2;Bela Vista;11786;11785;1;81;239;-158
71;23;2;Belém Novo;10100;10100;0;-86;156;-242
71;23;2;Belém Velho;10836;10835;1;-30;156;-186
71;23;2;Boa Vista;10054;10053;1;43;200;-157
71;23;2;Boa Vista do Sul;2309;2309;0;-135;169;-304
71;23;2;Bom Fim;11595;11593;2;91;236;-145
71;23;2;Bom Jesus;28678;28675;3;41;229;-188
71;23;2;Camaquã;17937;17937;0;88;254;-166
71;23;2;Campo Novo;8766;8766;0;21;185;-164
71;23;2;Cascata;13013;13013;0;16;180;-164
71;23;2;Cavalhada;29298;29297;1;45;245;-200
71;23;2;Centro;39152;39152;0;-138;172;-310
71;23;2;Chácara das Pedras;6669;6668;1;56;204;-148
71;23;2;Chapéu do Sol;2906;2906;0;-61;163;-224
71;23;2;Cidade Baixa;15380;15379;1;-2;179;-181
71;23;2;Coronel Aparício Borges;19306;19303;3;67;243;-176
71;23;2;Costa e Silva;15845;15841;4;52;206;-154
71;23;2;Cristal;31948;31946;2;29;268;-239
71;23;2;Cristo Redentor;16456;16455;1;27;203;-176
71;23;2;Espírito Santo;5606;5606;0;85;239;-154
71;23;2;Extrema;1981;1981;0;-188;122;-310
71;23;2;Farrapos;18985;18985;0;-60;130;-190
71;23;2;Farroupilha;961;961;0;37;189;-152
71;23;2;Floresta;11596;11596;0;44;201;-157
71;23;2;Glória;17069;17067;2;21;218;-197
71;23;2;Guarujá;4810;4810;0;-24;193;-217
71;23;2;Higienópolis;10725;10724;1;43;207;-164
71;23;2;Hípica;18645;18645;0;49;271;-222
71;23;2;Humaitá;11503;11502;1;-66;123;-189
71;23;2;Independência;8112;8112;0;51;216;-165
71;23;2;Ipanema;13729;13728;1;35;239;-204
71;23;2;Jardim Botânico;12522;12521;1;44;209;-165
71;23;2;Jardim Carvalho;25385;25385;0;-23;209;-232
71;23;2;Jardim do Salso;4404;4404;0;24;176;-152
71;23;2;Jardim Dona Leopoldina;18014;18013;1;96;241;-145
71;23;2;Jardim Europa;2298;2298;0;29;179;-150
71;23;2;Jardim Floresta;3307;3307;0;1;147;-146
71;23;2;Jardim Isabel;2834;2834;0;40;215;-175
71;23;2;Jardim Itu;17852;17850;2;47;220;-173
71;23;2;Jardim Lindóia;7417;7417;0;20;172;-152
71;23;2;Jardim Sabará;13530;13530;0;33;200;-167
71;23;2;Jardim São Pedro;3967;3967;0;35;184;-149
71;23;2;Lageado;4481;4481;0;-71;177;-248
71;23;2;Lami;4289;4289;0;-86;191;-277
71;23;2;Lomba do Pinheiro;58106;58106;0;-373;155;-528
71;23;2;Mário Quintana;38115;38115;0;-74;228;-302
71;23;2;Medianeira;11220;11219;1;68;230;-162
71;23;2;Menino Deus;31653;31650;3;13;270;-257
71;23;2;Moinhos de Vento;11938;11937;1;63;245;-182
71;23;2;MontSerrat;11236;11236;0;80;243;-163
71;23;2;Morro Santana;19339;19338;1;-63;154;-217
71;23;2;Navegantes;4327;4327;0;-19;131;-150
71;23;2;Nonoai;25163;25160;3;66;282;-216
71;23;2;Parque Santa Fé;6376;6375;1;13;150;-137
71;23;2;Partenon;48160;48160;0;9;435;-426
71;23;2;Passo DAreia;21968;21967;1;75;270;-195
71;23;2;Passo das Pedras;15904;15902;2;28;205;-177
71;23;2;Pedra Redonda;274;274;0;-130;128;-258
71;23;2;Petrópolis;37497;37496;1;70;340;-270
71;23;2;Pitinga;4352;4352;0;-191;118;-309
71;23;2;Ponta Grossa;8722;8722;0;-48;231;-279
71;23;2;Praia de Belas;2281;2281;0;-57;108;-165
71;23;2;Restinga;53515;53508;7;181;399;-218
71;23;2;Rio Branco;17532;17531;1;130;348;-218
71;23;2;Rubem Berta;33167;33167;0;-49;261;-310
71;23;2;Santa Cecília;5768;5768;0;106;257;-151
71;23;2;Santa Maria Goretti;3508;3508;0;16;185;-169
71;23;2;Santa Rosa de Lima;35333;35333;0;-88;233;-321
71;23;2;Santa Tereza;39577;39577;0;-38;433;-471
71;23;2;Santana;20723;20723;0;62;321;-259
71;23;2;Santo Antônio;13161;13161;0;78;265;-187
71;23;2;São Caetano;757;757;0;-127;177;-304
71;23;2;São Geraldo;8680;8680;0;39;190;-151
71;23;2;São João;12225;12225;0;11;190;-179
71;23;2;São Sebastião;7019;7019;0;12;151;-139
71;23;2;Sarandi;59711;59711;0;-68;325;-393
71;23;2;Serraria;6239;6239;0;-98;241;-339
71;23;2;Sétimo Céu;1328;1328;0;78;267;-189
71;23;2;Teresópolis;14707;14707;0;54;282;-228
71;23;2;Três Figueiras;4070;4070;0;35;186;-151
71;23;2;Tristeza;16692;16691;1;52;361;-309
71;23;2;Vila Assunção;4418;4418;0;-71;192;-263
71;23;2;Vila Conceição;1349;1349;0;-150;200;-350
71;23;2;Vila Ipiranga;18659;18657;2;66;285;-219
71;23;2;Vila Jardim;13188;13188;0;31;239;-208
71;23;2;Vila João Pessoa;13040;13040;0;107;282;-175
71;23;2;Vila Nova;32470;32469;1;98;489;-391
71;23;2;Vila São José;26520;26520;0;-144;322;-466
72;0;3;Aberta dos Morros;7133;7088;45;-13;-58;45
72;0;3;Agronomia;2349;2298;51;19;-32;51
72;0;3;Anchieta;2031;1975;56;7;-49;56
72;0;3;Arquipélago;8344;8293;51;13;-37;50
72;0;3;Auxiliadora;9619;9556;63;-63;-126;63
72;0;3;Azenha;13739;13630;109;-56;-164;108
72;0;3;Bela Vista;11711;11648;63;-75;-137;62
72;0;3;Belém Novo;10086;10069;17;-14;-31;17
72;0;3;Belém Velho;10830;10787;43;-6;-48;42
72;0;3;Boa Vista;9998;9934;64;-56;-119;63
72;0;3;Boa Vista do Sul;2286;2269;17;-23;-40;17
72;0;3;Bom Fim;11472;11430;42;-123;-163;40
72;0;3;Bom Jesus;28647;28587;60;-31;-88;57
72;0;3;Camaquã;17901;17853;48;-36;-84;48
72;0;3;Campo Novo;8750;8708;42;-16;-58;42
72;0;3;Cascata;13010;12960;50;-3;-53;50
72;0;3;Cavalhada;29267;29215;52;-31;-82;51
72;0;3;Centro;39189;39070;119;37;-82;119
72;0;3;Chácara das Pedras;6636;6570;66;-33;-98;65
72;0;3;Chapéu do Sol;2895;2863;32;-11;-43;32
72;0;3;Cidade Baixa;15304;15242;62;-76;-137;61
72;0;3;Coronel Aparício Borges;19271;19211;60;-35;-92;57
72;0;3;Costa e Silva;15849;15781;68;4;-60;64
72;0;3;Cristal;31928;31879;49;-20;-67;47
72;0;3;Cristo Redentor;16471;16321;150;15;-134;149
72;0;3;Espírito Santo;5582;5535;47;-24;-71;47
72;0;3;Extrema;1976;1968;8;-5;-13;8
72;0;3;Farrapos;19001;18948;53;16;-37;53
72;0;3;Farroupilha;955;807;148;-6;-154;148
72;0;3;Floresta;11544;11480;64;-52;-116;64
72;0;3;Glória;17110;16978;132;41;-89;130
72;0;3;Guarujá;4793;4747;46;-17;-63;46
72;0;3;Higienópolis;10697;10628;69;-28;-96;68
72;0;3;Hípica;18634;18592;42;-11;-53;42
72;0;3;Humaitá;11523;11466;57;20;-36;56
72;0;3;Independência;8137;7978;159;25;-134;159
72;0;3;Ipanema;13710;13661;49;-19;-67;48
72;0;3;Jardim Botânico;12553;12406;147;31;-115;146
72;0;3;Jardim Carvalho;25463;25323;140;78;-62;140
72;0;3;Jardim do Salso;4391;4326;65;-13;-78;65
72;0;3;Jardim Dona Leopoldina;18003;17946;57;-11;-67;56
72;0;3;Jardim Europa;2276;2206;70;-22;-92;70
72;0;3;Jardim Floresta;3291;3225;66;-16;-82;66
72;0;3;Jardim Isabel;2808;2756;52;-26;-78;52
72;0;3;Jardim Itu;17834;17771;63;-18;-79;61
72;0;3;Jardim Lindóia;7394;7327;67;-23;-90;67
72;0;3;Jardim Sabará;13518;13453;65;-12;-77;65
72;0;3;Jardim São Pedro;3947;3878;69;-20;-89;69
72;0;3;Lageado;4484;4450;34;3;-31;34
72;0;3;Lami;4284;4262;22;-5;-27;22
72;0;3;Lomba do Pinheiro;58137;58089;48;31;-17;48
72;0;3;Mário Quintana;38122;38067;55;7;-48;55
72;0;3;Medianeira;11176;11112;64;-44;-107;63
72;0;3;Menino Deus;31706;31546;160;53;-104;157
72;0;3;Moinhos de Vento;11994;11823;171;56;-114;170
72;0;3;MontSerrat;11187;11117;70;-49;-119;70
72;0;3;Morro Santana;19353;19291;62;14;-47;61
72;0;3;Navegantes;4338;4270;68;11;-57;68
72;0;3;Nonoai;25141;25081;60;-22;-79;57
72;0;3;Parque Santa Fé;6373;6313;60;-3;-62;59
72;0;3;Partenon;48145;48076;69;-15;-84;69
72;0;3;Passo DAreia;21944;21871;73;-24;-96;72
72;0;3;Passo das Pedras;15903;15837;66;-1;-65;64
72;0;3;Pedra Redonda;252;196;56;-22;-78;56
72;0;3;Petrópolis;37465;37394;71;-32;-102;70
72;0;3;Pitinga;4372;4336;36;20;-16;36
72;0;3;Ponta Grossa;8735;8695;40;13;-27;40
72;0;3;Praia de Belas;2267;2198;69;-14;-83;69
72;0;3;Restinga;53597;53489;108;82;-19;101
72;0;3;Rio Branco;17588;17401;187;56;-130;186
72;0;3;Rubem Berta;33183;33114;69;16;-53;69
72;0;3;Santa Cecília;5836;5650;186;68;-118;186
72;0;3;Santa Maria Goretti;3511;3439;72;3;-69;72
72;0;3;Santa Rosa de Lima;35365;35307;58;32;-26;58
72;0;3;Santa Tereza;39573;39508;65;-4;-69;65
72;0;3;Santana;20804;20608;196;81;-115;196
72;0;3;Santo Antônio;13148;13069;79;-13;-92;79
72;0;3;São Caetano;774;738;36;17;-19;36
72;0;3;São Geraldo;8689;8612;77;9;-68;77
72;0;3;São João;12238;12156;82;13;-69;82
72;0;3;São Sebastião;7029;6954;75;10;-65;75
72;0;3;Sarandi;59735;59664;71;24;-47;71
72;0;3;Serraria;6253;6200;53;14;-39;53
72;0;3;Sétimo Céu;1307;1249;58;-21;-79;58
72;0;3;Teresópolis;14818;14640;178;111;-67;178
72;0;3;Três Figueiras;4066;3986;80;-4;-84;80
72;0;3;Tristeza;16670;16614;56;-22;-77;55
72;0;3;Vila Assunção;4531;4381;150;113;-37;150
72;0;3;Vila Conceição;1364;1303;61;15;-46;61
72;0;3;Vila Ipiranga;18662;18582;80;3;-75;78
72;0;3;Vila Jardim;13194;13114;80;6;-74;80
72;0;3;Vila João Pessoa;13052;12978;74;12;-62;74
72;0;3;Vila Nova;32582;32426;156;112;-43;155
72;0;3;Vila São José;26548;26473;75;28;-47;75
73;1;3;Aberta dos Morros;7125;7075;50;-8;-13;5
73;1;3;Agronomia;2337;2284;53;-12;-14;2
73;1;3;Anchieta;2028;1971;57;-3;-4;1
73;1;3;Arquipélago;8350;8287;63;6;-6;12
73;1;3;Auxiliadora;9605;9537;68;-14;-19;5
73;1;3;Azenha;13744;13605;139;5;-25;30
73;1;3;Bela Vista;11703;11628;75;-8;-20;12
73;1;3;Belém Novo;10086;10065;21;0;-4;4
73;1;3;Belém Velho;10828;10773;55;-2;-14;12
73;1;3;Boa Vista;9992;9916;76;-6;-18;12
73;1;3;Boa Vista do Sul;2283;2264;19;-3;-5;2
73;1;3;Bom Fim;11445;11404;41;-27;-26;-1
73;1;3;Bom Jesus;28664;28569;95;17;-18;35
73;1;3;Camaquã;17906;17832;74;5;-21;26
73;1;3;Campo Novo;8746;8696;50;-4;-12;8
73;1;3;Cascata;13006;12937;69;-4;-23;19
73;1;3;Cavalhada;29278;29193;85;11;-22;33
73;1;3;Centro;39281;39067;214;92;-3;95
73;1;3;Chácara das Pedras;6612;6542;70;-24;-28;4
73;1;3;Chapéu do Sol;2885;2850;35;-10;-13;3
73;1;3;Cidade Baixa;15298;15225;73;-6;-17;11
73;1;3;Coronel Aparício Borges;19258;19180;78;-13;-31;18
73;1;3;Costa e Silva;15835;15752;83;-14;-29;15
73;1;3;Cristal;31954;31866;88;26;-13;39
73;1;3;Cristo Redentor;16497;16309;188;26;-12;38
73;1;3;Espírito Santo;5567;5515;52;-15;-20;5
73;1;3;Extrema;1974;1965;9;-2;-3;1
73;1;3;Farrapos;19020;18942;78;19;-6;25
73;1;3;Farroupilha;905;775;130;-50;-32;-18
73;1;3;Floresta;11532;11460;72;-12;-20;8
73;1;3;Glória;17099;16945;154;-11;-33;22
73;1;3;Guarujá;4789;4738;51;-4;-9;5
73;1;3;Higienópolis;10697;10611;86;0;-17;17
73;1;3;Hípica;18634;18575;59;0;-17;17
73;1;3;Humaitá;11526;11457;69;3;-9;12
73;1;3;Independência;8114;7952;162;-23;-26;3
73;1;3;Ipanema;13711;13648;63;1;-13;14
73;1;3;Jardim Botânico;12542;12377;165;-11;-29;18
73;1;3;Jardim Carvalho;25498;25305;193;35;-18;53
73;1;3;Jardim do Salso;4365;4295;70;-26;-31;5
73;1;3;Jardim Dona Leopoldina;17995;17910;85;-8;-36;28
73;1;3;Jardim Europa;2251;2180;71;-25;-26;1
73;1;3;Jardim Floresta;3277;3208;69;-14;-17;3
73;1;3;Jardim Isabel;2796;2741;55;-12;-15;3
73;1;3;Jardim Itu;17821;17734;87;-13;-37;24
73;1;3;Jardim Lindóia;7384;7307;77;-10;-20;10
73;1;3;Jardim Sabará;13511;13424;87;-7;-29;22
73;1;3;Jardim São Pedro;3929;3854;75;-18;-24;6
73;1;3;Lageado;4479;4443;36;-5;-7;2
73;1;3;Lami;4281;4258;23;-3;-4;1
73;1;3;Lomba do Pinheiro;58183;58084;99;46;-5;51
73;1;3;Mário Quintana;38149;38046;103;27;-21;48
73;1;3;Medianeira;11154;11083;71;-22;-29;7
73;1;3;Menino Deus;31759;31524;235;53;-22;75
73;1;3;Moinhos de Vento;11995;11800;195;1;-23;24
73;1;3;MontSerrat;11175;11095;80;-12;-22;10
73;1;3;Morro Santana;19357;19271;86;4;-20;24
73;1;3;Navegantes;4329;4256;73;-9;-14;5
73;1;3;Nonoai;25142;25056;86;1;-25;26
73;1;3;Parque Santa Fé;6342;6276;66;-31;-37;6
73;1;3;Partenon;48196;48055;141;51;-21;72
73;1;3;Passo DAreia;21965;21857;108;21;-14;35
73;1;3;Passo das Pedras;15897;15810;87;-6;-27;21
73;1;3;Pedra Redonda;237;183;54;-15;-13;-2
73;1;3;Petrópolis;37506;37378;128;41;-16;57
73;1;3;Pitinga;4365;4327;38;-7;-9;2
73;1;3;Ponta Grossa;8730;8687;43;-5;-8;3
73;1;3;Praia de Belas;2237;2170;67;-30;-28;-2
73;1;3;Restinga;53674;53484;190;77;-5;82
73;1;3;Rio Branco;17593;17372;221;5;-29;34
73;1;3;Rubem Berta;33197;33085;112;14;-29;43
73;1;3;Santa Cecília;5808;5623;185;-28;-27;-1
73;1;3;Santa Maria Goretti;3497;3421;76;-14;-18;4
73;1;3;Santa Rosa de Lima;35386;35293;93;21;-14;35
73;1;3;Santa Tereza;39602;39491;111;29;-17;46
73;1;3;Santana;20817;20580;237;13;-28;41
73;1;3;Santo Antônio;13124;13030;94;-24;-39;15
73;1;3;São Caetano;768;732;36;-6;-6;0
73;1;3;São Geraldo;8679;8590;89;-10;-22;12
73;1;3;São João;12243;12140;103;5;-16;21
73;1;3;São Sebastião;7014;6929;85;-15;-25;10
73;1;3;Sarandi;59795;59648;147;60;-16;76
73;1;3;Serraria;6246;6188;58;-7;-12;5
73;1;3;Sétimo Céu;1291;1234;57;-16;-15;-1
73;1;3;Teresópolis;14810;14613;197;-8;-27;19
73;1;3;Três Figueiras;4053;3968;85;-13;-18;5
73;1;3;Tristeza;16675;16599;76;5;-15;20
73;1;3;Vila Assunção;4515;4365;150;-16;-16;0
73;1;3;Vila Conceição;1358;1297;61;-6;-6;0
73;1;3;Vila Ipiranga;18654;18547;107;-8;-35;27
73;1;3;Vila Jardim;13178;13083;95;-16;-31;15
73;1;3;Vila João Pessoa;13030;12943;87;-22;-35;13
73;1;3;Vila Nova;32629;32415;214;47;-11;58
73;1;3;Vila São José;26554;26447;107;6;-26;32
74;2;3;Aberta dos Morros;7120;7071;49;-5;-4;-1
74;2;3;Agronomia;2348;2297;51;11;13;-2
74;2;3;Anchieta;2033;1974;59;5;3;2
74;2;3;Arquipélago;8347;8286;61;-3;-1;-2
74;2;3;Auxiliadora;9612;9555;57;7;18;-11
74;2;3;Azenha;13766;13639;127;22;34;-12
74;2;3;Bela Vista;11701;11643;58;-2;15;-17
74;2;3;Belém Novo;10089;10066;23;3;1;2
74;2;3;Belém Velho;10832;10777;55;4;4;0
74;2;3;Boa Vista;10003;9935;68;11;19;-8
74;2;3;Boa Vista do Sul;2284;2266;18;1;2;-1
74;2;3;Bom Fim;11451;11429;22;6;25;-19
74;2;3;Bom Jesus;28661;28584;77;-3;15;-18
74;2;3;Camaquã;17917;17847;70;11;15;-4
74;2;3;Campo Novo;8749;8696;53;3;0;3
74;2;3;Cascata;13002;12941;61;-4;4;-8
74;2;3;Cavalhada;29281;29206;75;3;13;-10
74;2;3;Centro;39312;39080;232;31;13;18
74;2;3;Chácara das Pedras;6616;6559;57;4;17;-13
74;2;3;Chapéu do Sol;2893;2858;35;8;8;0
74;2;3;Cidade Baixa;15299;15242;57;1;17;-16
74;2;3;Coronel Aparício Borges;19265;19198;67;7;18;-11
74;2;3;Costa e Silva;15852;15772;80;17;20;-3
74;2;3;Cristal;31958;31871;87;4;5;-1
74;2;3;Cristo Redentor;16475;16321;154;-22;12;-34
74;2;3;Espírito Santo;5569;5518;51;2;3;-1
74;2;3;Extrema;1973;1963;10;-1;-2;1
74;2;3;Farrapos;19021;18942;79;1;0;1
74;2;3;Farroupilha;922;807;115;17;32;-15
74;2;3;Floresta;11531;11474;57;-1;14;-15
74;2;3;Glória;17113;16947;166;14;2;12
74;2;3;Guarujá;4788;4738;50;-1;0;-1
74;2;3;Higienópolis;10690;10613;77;-7;2;-9
74;2;3;Hípica;18645;18587;58;11;12;-1
74;2;3;Humaitá;11528;11457;71;2;0;2
74;2;3;Independência;8123;7970;153;9;18;-9
74;2;3;Ipanema;13713;13648;65;2;0;2
74;2;3;Jardim Botânico;12552;12402;150;10;25;-15
74;2;3;Jardim Carvalho;25484;25308;176;-14;3;-17
74;2;3;Jardim do Salso;4375;4312;63;10;17;-7
74;2;3;Jardim Dona Leopoldina;18013;17939;74;18;29;-11
74;2;3;Jardim Europa;2254;2188;66;3;8;-5
74;2;3;Jardim Floresta;3287;3218;69;10;10;0
74;2;3;Jardim Isabel;2799;2744;55;3;3;0
74;2;3;Jardim Itu;17830;17752;78;9;18;-9
74;2;3;Jardim Lindóia;7386;7317;69;2;10;-8
74;2;3;Jardim Sabará;13516;13436;80;5;12;-7
74;2;3;Jardim São Pedro;3934;3865;69;5;11;-6
74;2;3;Lageado;4482;4446;36;3;3;0
74;2;3;Lami;4284;4259;25;3;1;2
74;2;3;Lomba do Pinheiro;58162;58085;77;-21;1;-22
74;2;3;Mário Quintana;38144;38058;86;-5;12;-17
74;2;3;Medianeira;11156;11101;55;2;18;-16
74;2;3;Menino Deus;31749;31545;204;-10;21;-31
74;2;3;Moinhos de Vento;11988;11817;171;-7;17;-24
74;2;3;MontSerrat;11182;11110;72;7;15;-8
74;2;3;Morro Santana;19358;19270;88;1;-1;2
74;2;3;Navegantes;4327;4255;72;-2;-1;-1
74;2;3;Nonoai;25146;25063;83;4;7;-3
74;2;3;Parque Santa Fé;6354;6296;58;12;20;-8
74;2;3;Partenon;48173;48069;104;-23;14;-37
74;2;3;Passo DAreia;21969;21864;105;4;7;-3
74;2;3;Passo das Pedras;15897;15819;78;0;9;-9
74;2;3;Pedra Redonda;237;188;49;0;5;-5
74;2;3;Petrópolis;37484;37380;104;-22;2;-24
74;2;3;Pitinga;4373;4332;41;8;5;3
74;2;3;Ponta Grossa;8733;8686;47;3;-1;4
74;2;3;Praia de Belas;2245;2186;59;8;16;-8
74;2;3;Restinga;53645;53482;163;-29;-2;-27
74;2;3;Rio Branco;17568;17373;195;-25;1;-26
74;2;3;Rubem Berta;33178;33098;80;-19;13;-32
74;2;3;Santa Cecília;5798;5625;173;-10;2;-12
74;2;3;Santa Maria Goretti;3500;3422;78;3;1;2
74;2;3;Santa Rosa de Lima;35389;35294;95;3;1;2
74;2;3;Santa Tereza;39585;39489;96;-17;-2;-15
74;2;3;Santana;20804;20582;222;-13;2;-15
74;2;3;Santo Antônio;13112;13042;70;-12;12;-24
74;2;3;São Caetano;765;729;36;-3;-3;0
74;2;3;São Geraldo;8679;8598;81;0;8;-8
74;2;3;São João;12235;12140;95;-8;0;-8
74;2;3;São Sebastião;7017;6939;78;3;10;-7
74;2;3;Sarandi;59761;59648;113;-34;0;-34
74;2;3;Serraria;6249;6191;58;3;3;0
74;2;3;Sétimo Céu;1298;1241;57;7;7;0
74;2;3;Teresópolis;14803;14613;190;-7;0;-7
74;2;3;Três Figueiras;4058;3973;85;5;5;0
74;2;3;Tristeza;16677;16604;73;2;5;-3
74;2;3;Vila Assunção;4503;4359;144;-12;-6;-6
74;2;3;Vila Conceição;1360;1298;62;2;1;1
74;2;3;Vila Ipiranga;18650;18555;95;-4;8;-12
74;2;3;Vila Jardim;13174;13084;90;-4;1;-5
74;2;3;Vila João Pessoa;13033;12958;75;3;15;-12
74;2;3;Vila Nova;32602;32411;191;-27;-4;-23
74;2;3;Vila São José;26553;26452;101;-1;5;-6
75;3;3;Aberta dos Morros;7121;7071;50;1;0;1
75;3;3;Agronomia;2347;2297;50;-1;0;-1
75;3;3;Anchieta;2033;1975;58;0;1;-1
75;3;3;Arquipélago;8351;8290;61;4;4;0
75;3;3;Auxiliadora;9614;9572;42;2;17;-15
75;3;3;Azenha;13797;13677;120;31;38;-7
75;3;3;Bela Vista;11704;11667;37;3;24;-21
75;3;3;Belém Novo;10089;10067;22;0;1;-1
75;3;3;Belém Velho;10841;10787;54;9;10;-1
75;3;3;Boa Vista;10010;9955;55;7;20;-13
75;3;3;Boa Vista do Sul;2283;2266;17;-1;0;-1
75;3;3;Bom Fim;11472;11454;18;21;25;-4
75;3;3;Bom Jesus;28669;28602;67;8;18;-10
75;3;3;Camaquã;17921;17868;53;4;21;-17
75;3;3;Campo Novo;8750;8701;49;1;5;-4
75;3;3;Cascata;13004;12952;52;2;11;-9
75;3;3;Cavalhada;29294;29228;66;13;22;-9
75;3;3;Centro;39287;39081;206;-25;1;-26
75;3;3;Chácara das Pedras;6631;6583;48;15;24;-9
75;3;3;Chapéu do Sol;2896;2861;35;3;3;0
75;3;3;Cidade Baixa;15287;15256;31;-12;14;-26
75;3;3;Coronel Aparício Borges;19258;19224;34;-7;26;-33
75;3;3;Costa e Silva;15848;15795;53;-4;23;-27
75;3;3;Cristal;31939;31881;58;-19;10;-29
75;3;3;Cristo Redentor;16501;16353;148;26;32;-6
75;3;3;Espírito Santo;5571;5523;48;2;5;-3
75;3;3;Extrema;1974;1963;11;1;0;1
75;3;3;Farrapos;19017;18943;74;-4;1;-5
75;3;3;Farroupilha;947;839;108;25;32;-7
75;3;3;Floresta;11539;11494;45;8;20;-12
75;3;3;Glória;17124;16976;148;11;29;-18
75;3;3;Guarujá;4788;4737;51;0;-1;1
75;3;3;Higienópolis;10690;10624;66;0;11;-11
75;3;3;Hípica;18640;18589;51;-5;2;-7
75;3;3;Humaitá;11529;11461;68;1;4;-3
75;3;3;Independência;8131;7988;143;8;18;-10
75;3;3;Ipanema;13718;13655;63;5;7;-2
75;3;3;Jardim Botânico;12552;12418;134;0;16;-16
75;3;3;Jardim Carvalho;25524;25331;193;40;23;17
75;3;3;Jardim do Salso;4376;4326;50;1;14;-13
75;3;3;Jardim Dona Leopoldina;18009;17965;44;-4;26;-30
75;3;3;Jardim Europa;2262;2210;52;8;22;-14
75;3;3;Jardim Floresta;3291;3229;62;4;11;-7
75;3;3;Jardim Isabel;2805;2751;54;6;7;-1
75;3;3;Jardim Itu;17816;17766;50;-14;14;-28
75;3;3;Jardim Lindóia;7398;7335;63;12;18;-6
75;3;3;Jardim Sabará;13513;13458;55;-3;22;-25
75;3;3;Jardim São Pedro;3946;3884;62;12;19;-7
75;3;3;Lageado;4486;4450;36;4;4;0
75;3;3;Lami;4282;4258;24;-2;-1;-1
75;3;3;Lomba do Pinheiro;58171;58085;86;9;0;9
75;3;3;Mário Quintana;38139;38075;64;-5;17;-22
75;3;3;Medianeira;11147;11114;33;-9;13;-22
75;3;3;Menino Deus;31761;31561;200;12;16;-4
75;3;3;Moinhos de Vento;11992;11828;164;4;11;-7
75;3;3;MontSerrat;11175;11122;53;-7;12;-19
75;3;3;Morro Santana;19350;19284;66;-8;14;-22
75;3;3;Navegantes;4327;4257;70;0;2;-2
75;3;3;Nonoai;25125;25077;48;-21;14;-35
75;3;3;Parque Santa Fé;6367;6320;47;13;24;-11
75;3;3;Partenon;48169;48081;88;-4;12;-16
75;3;3;Passo DAreia;21958;21875;83;-11;11;-22
75;3;3;Passo das Pedras;15886;15832;54;-11;13;-24
75;3;3;Pedra Redonda;235;189;46;-2;1;-3
75;3;3;Petrópolis;37473;37389;84;-11;9;-20
75;3;3;Pitinga;4377;4334;43;4;2;2
75;3;3;Ponta Grossa;8732;8685;47;-1;-1;0
75;3;3;Praia de Belas;2255;2207;48;10;21;-11
75;3;3;Restinga;53636;53482;154;-9;0;-9
75;3;3;Rio Branco;17576;17390;186;8;17;-9
75;3;3;Rubem Berta;33167;33120;47;-11;22;-33
75;3;3;Santa Cecília;5796;5646;150;-2;21;-23
75;3;3;Santa Maria Goretti;3499;3428;71;-1;6;-7
75;3;3;Santa Rosa de Lima;35369;35301;68;-20;7;-27
75;3;3;Santa Tereza;39574;39506;68;-11;17;-28
75;3;3;Santana;20796;20597;199;-8;15;-23
75;3;3;Santo Antônio;13099;13058;41;-13;16;-29
75;3;3;São Caetano;769;733;36;4;4;0
75;3;3;São Geraldo;8676;8605;71;-3;7;-10
75;3;3;São João;12231;12147;84;-4;7;-11
75;3;3;São Sebastião;7013;6950;63;-4;11;-15
75;3;3;Sarandi;59759;59665;94;-2;17;-19
75;3;3;Serraria;6248;6190;58;-1;-1;0
75;3;3;Sétimo Céu;1304;1249;55;6;8;-2
75;3;3;Teresópolis;14793;14622;171;-10;9;-19
75;3;3;Três Figueiras;4052;3976;76;-6;3;-9
75;3;3;Tristeza;16671;16612;59;-6;8;-14
75;3;3;Vila Assunção;4505;4369;136;2;10;-8
75;3;3;Vila Conceição;1360;1297;63;0;-1;1
75;3;3;Vila Ipiranga;18629;18566;63;-21;11;-32
75;3;3;Vila Jardim;13173;13103;70;-1;19;-20
75;3;3;Vila João Pessoa;13021;12964;57;-12;6;-18
75;3;3;Vila Nova;32595;32416;179;-7;5;-12
75;3;3;Vila São José;26526;26457;69;-27;5;-32
76;4;3;Aberta dos Morros;6827;6461;366;-294;-610;316
76;4;3;Agronomia;1752;1687;65;-595;-610;15
76;4;3;Anchieta;1408;1373;35;-625;-602;-23
76;4;3;Arquipélago;8161;7675;486;-190;-615;425
76;4;3;Auxiliadora;9167;8638;529;-447;-934;487
76;4;3;Azenha;13445;12657;788;-352;-1020;668
76;4;3;Bela Vista;11312;10619;693;-392;-1048;656
76;4;3;Belém Novo;10043;9569;474;-46;-498;452
76;4;3;Belém Velho;10713;10078;635;-128;-709;581
76;4;3;Boa Vista;9549;8979;570;-461;-976;515
76;4;3;Boa Vista do Sul;1817;1776;41;-466;-490;24
76;4;3;Bom Fim;11003;10378;625;-469;-1076;607
76;4;3;Bom Jesus;29337;27554;1783;668;-1048;1716
76;4;3;Camaquã;18012;16976;1036;91;-892;983
76;4;3;Campo Novo;8422;7978;444;-328;-723;395
76;4;3;Cascata;12869;12130;739;-135;-822;687
76;4;3;Cavalhada;30045;28333;1712;751;-895;1646
76;4;3;Centro;40518;38234;2284;1231;-847;2078
76;4;3;Chácara das Pedras;5845;5537;308;-786;-1046;260
76;4;3;Chapéu do Sol;2326;2270;56;-570;-591;21
76;4;3;Cidade Baixa;15153;14237;916;-134;-1019;885
76;4;3;Coronel Aparício Borges;19317;18192;1125;59;-1032;1091
76;4;3;Costa e Silva;15656;14806;850;-192;-989;797
76;4;3;Cristal;32914;31062;1852;975;-819;1794
76;4;3;Cristo Redentor;16261;15307;954;-240;-1046;806
76;4;3;Espírito Santo;5051;4804;247;-520;-719;199
76;4;3;Extrema;1576;1541;35;-398;-422;24
76;4;3;Farrapos;19329;18267;1062;312;-676;988
76;4;3;Farroupilha;441;441;0;-506;-398;-108
76;4;3;Floresta;11217;10551;666;-322;-943;621
76;4;3;Glória;16958;15951;1007;-166;-1025;859
76;4;3;Guarujá;4262;4061;201;-526;-676;150
76;4;3;Higienópolis;10260;9634;626;-430;-990;560
76;4;3;Hípica;18942;17939;1003;302;-650;952
76;4;3;Humaitá;11409;10772;637;-120;-689;569
76;4;3;Independência;7378;6933;445;-753;-1055;302
76;4;3;Ipanema;13689;12938;751;-29;-717;688
76;4;3;Jardim Botânico;12033;11284;749;-519;-1134;615
76;4;3;Jardim Carvalho;25969;24399;1570;445;-932;1377
76;4;3;Jardim do Salso;3486;3302;184;-890;-1024;134
76;4;3;Jardim Dona Leopoldina;17922;16893;1029;-87;-1072;985
76;4;3;Jardim Europa;1311;1290;21;-951;-920;-31
76;4;3;Jardim Floresta;2474;2380;94;-817;-849;32
76;4;3;Jardim Isabel;2062;2029;33;-743;-722;-21
76;4;3;Jardim Itu;17875;16793;1082;59;-973;1032
76;4;3;Jardim Lindóia;6800;6405;395;-598;-930;332
76;4;3;Jardim Sabará;13302;12493;809;-211;-965;754
76;4;3;Jardim São Pedro;3163;2983;180;-783;-901;118
76;4;3;Lageado;4054;3859;195;-432;-591;159
76;4;3;Lami;3994;3784;210;-288;-474;186
76;4;3;Lomba do Pinheiro;60698;57434;3264;2527;-651;3178
76;4;3;Mário Quintana;39414;37263;2151;1275;-812;2087
76;4;3;Medianeira;10752;10106;646;-395;-1008;613
76;4;3;Menino Deus;32616;30622;1994;855;-939;1794
76;4;3;Moinhos de Vento;11566;10827;739;-426;-1001;575
76;4;3;MontSerrat;10777;10105;672;-398;-1017;619
76;4;3;Morro Santana;19620;18470;1150;270;-814;1084
76;4;3;Navegantes;3676;3476;200;-651;-781;130
76;4;3;Nonoai;25657;24178;1479;532;-899;1431
76;4;3;Parque Santa Fé;5674;5361;313;-693;-959;266
76;4;3;Partenon;49954;47077;2877;1785;-1004;2789
76;4;3;Passo DAreia;22319;20958;1361;361;-917;1278
76;4;3;Passo das Pedras;15825;14916;909;-61;-916;855
76;4;3;Pedra Redonda;155;129;26;-80;-60;-20
76;4;3;Petrópolis;38777;36408;2369;1304;-981;2285
76;4;3;Pitinga;3962;3751;211;-415;-583;168
76;4;3;Ponta Grossa;8610;8171;439;-122;-514;392
76;4;3;Praia de Belas;1521;1399;122;-734;-808;74
76;4;3;Restinga;55917;52988;2929;2281;-494;2775
76;4;3;Rio Branco;17479;16357;1122;-97;-1033;936
76;4;3;Rubem Berta;34209;32291;1918;1042;-829;1871
76;4;3;Santa Cecília;4891;4580;311;-905;-1066;161
76;4;3;Santa Maria Goretti;2826;2597;229;-673;-831;158
76;4;3;Santa Rosa de Lima;36642;34601;2041;1273;-700;1973
76;4;3;Santa Tereza;41020;38644;2376;1446;-862;2308
76;4;3;Santana;21037;19637;1400;241;-960;1201
76;4;3;Santo Antônio;12995;12125;870;-104;-933;829
76;4;3;São Caetano;605;417;188;-164;-316;152
76;4;3;São Geraldo;8411;7817;594;-265;-788;523
76;4;3;São João;12255;11375;880;24;-772;796
76;4;3;São Sebastião;6494;6068;426;-519;-882;363
76;4;3;Sarandi;62634;58991;3643;2875;-674;3549
76;4;3;Serraria;6099;5720;379;-149;-470;321
76;4;3;Sétimo Céu;755;665;90;-549;-584;35
76;4;3;Teresópolis;14791;13729;1062;-2;-893;891
76;4;3;Três Figueiras;3433;3051;382;-619;-925;306
76;4;3;Tristeza;16917;15905;1012;246;-707;953
76;4;3;Vila Assunção;4071;3707;364;-434;-662;228
76;4;3;Vila Conceição;925;757;168;-435;-540;105
76;4;3;Vila Ipiranga;19001;17692;1309;372;-874;1246
76;4;3;Vila Jardim;13223;12226;997;50;-877;927
76;4;3;Vila João Pessoa;12906;12016;890;-115;-948;833
76;4;3;Vila Nova;33906;31874;2032;1311;-542;1853
76;4;3;Vila São José;27507;25772;1735;981;-685;1666
77;5;3;Aberta dos Morros;6823;6454;369;-4;-7;3
77;5;3;Agronomia;1747;1684;63;-5;-3;-2
77;5;3;Anchieta;1399;1368;31;-9;-5;-4
77;5;3;Arquipélago;8171;7673;498;10;-2;12
77;5;3;Auxiliadora;9168;8636;532;1;-2;3
77;5;3;Azenha;13432;12641;791;-13;-16;3
77;5;3;Bela Vista;11303;10611;692;-9;-8;-1
77;5;3;Belém Novo;10051;9568;483;8;-1;9
77;5;3;Belém Velho;10709;10065;644;-4;-13;9
77;5;3;Boa Vista;9553;8977;576;4;-2;6
77;5;3;Boa Vista do Sul;1817;1777;40;0;1;-1
77;5;3;Bom Fim;10981;10365;616;-22;-13;-9
77;5;3;Bom Jesus;29366;27530;1836;29;-24;53
77;5;3;Camaquã;18014;16953;1061;2;-23;25
77;5;3;Campo Novo;8418;7962;456;-4;-16;12
77;5;3;Cascata;12879;12118;761;10;-12;22
77;5;3;Cavalhada;30089;28317;1772;44;-16;60
77;5;3;Centro;40564;38227;2337;46;-7;53
77;5;3;Chácara das Pedras;5825;5527;298;-20;-10;-10
77;5;3;Chapéu do Sol;2311;2265;46;-15;-5;-10
77;5;3;Cidade Baixa;15157;14228;929;4;-9;13
77;5;3;Coronel Aparício Borges;19328;18169;1159;11;-23;34
77;5;3;Costa e Silva;15649;14780;869;-7;-26;19
77;5;3;Cristal;32963;31051;1912;49;-11;60
77;5;3;Cristo Redentor;16249;15284;965;-12;-23;11
77;5;3;Espírito Santo;5043;4800;243;-8;-4;-4
77;5;3;Extrema;1576;1541;35;0;0;0
77;5;3;Farrapos;19348;18259;1089;19;-8;27
77;5;3;Farroupilha;440;440;0;-1;-1;0
77;5;3;Floresta;11218;10531;687;1;-20;21
77;5;3;Glória;16975;15925;1050;17;-26;43
77;5;3;Guarujá;4265;4063;202;3;2;1
77;5;3;Higienópolis;10264;9625;639;4;-9;13
77;5;3;Hípica;18950;17923;1027;8;-16;24
77;5;3;Humaitá;11428;10767;661;19;-5;24
77;5;3;Independência;7376;6934;442;-2;1;-3
77;5;3;Ipanema;13699;12933;766;10;-5;15
77;5;3;Jardim Botânico;12034;11268;766;1;-16;17
77;5;3;Jardim Carvalho;26005;24382;1623;36;-17;53
77;5;3;Jardim do Salso;3468;3293;175;-18;-9;-9
77;5;3;Jardim Dona Leopoldina;17915;16855;1060;-7;-38;31
77;5;3;Jardim Europa;1288;1282;6;-23;-8;-15
77;5;3;Jardim Floresta;2461;2377;84;-13;-3;-10
77;5;3;Jardim Isabel;2054;2027;27;-8;-2;-6
77;5;3;Jardim Itu;17879;16764;1115;4;-29;33
77;5;3;Jardim Lindóia;6809;6408;401;9;3;6
77;5;3;Jardim Sabará;13311;12485;826;9;-8;17
77;5;3;Jardim São Pedro;3164;2985;179;1;2;-1
77;5;3;Lageado;4052;3860;192;-2;1;-3
77;5;3;Lami;3996;3787;209;2;3;-1
77;5;3;Lomba do Pinheiro;60764;57428;3336;66;-6;72
77;5;3;Mário Quintana;39459;37249;2210;45;-14;59
77;5;3;Medianeira;10744;10084;660;-8;-22;14
77;5;3;Menino Deus;32642;30594;2048;26;-28;54
77;5;3;Moinhos de Vento;11542;10796;746;-24;-31;7
77;5;3;MontSerrat;10776;10083;693;-1;-22;21
77;5;3;Morro Santana;19640;18454;1186;20;-16;36
77;5;3;Navegantes;3668;3474;194;-8;-2;-6
77;5;3;Nonoai;25681;24155;1526;24;-23;47
77;5;3;Parque Santa Fé;5654;5337;317;-20;-24;4
77;5;3;Partenon;50023;47052;2971;69;-25;94
77;5;3;Passo DAreia;22346;20948;1398;27;-10;37
77;5;3;Passo das Pedras;15830;14894;936;5;-22;27
77;5;3;Pedra Redonda;143;125;18;-12;-4;-8
77;5;3;Petrópolis;38837;36394;2443;60;-14;74
77;5;3;Pitinga;3950;3746;204;-12;-5;-7
77;5;3;Ponta Grossa;8592;8154;438;-18;-17;-1
77;5;3;Praia de Belas;1481;1394;87;-40;-5;-35
77;5;3;Restinga;55953;52981;2972;36;-7;43
77;5;3;Rio Branco;17479;16324;1155;0;-33;33
77;5;3;Rubem Berta;34218;32270;1948;9;-21;30
77;5;3;Santa Cecília;4871;4573;298;-20;-7;-13
77;5;3;Santa Maria Goretti;2810;2589;221;-16;-8;-8
77;5;3;Santa Rosa de Lima;36652;34588;2064;10;-13;23
77;5;3;Santa Tereza;41037;38628;2409;17;-16;33
77;5;3;Santana;21016;19599;1417;-21;-38;17
77;5;3;Santo Antônio;12954;12088;866;-41;-37;-4
77;5;3;São Caetano;599;414;185;-6;-3;-3
77;5;3;São Geraldo;8397;7798;599;-14;-19;5
77;5;3;São João;12236;11352;884;-19;-23;4
77;5;3;São Sebastião;6480;6057;423;-14;-11;-3
77;5;3;Sarandi;62628;58965;3663;-6;-26;20
77;5;3;Serraria;6096;5711;385;-3;-9;6
77;5;3;Sétimo Céu;746;664;82;-9;-1;-8
77;5;3;Teresópolis;14753;13697;1056;-38;-32;-6
77;5;3;Três Figueiras;3397;3025;372;-36;-26;-10
77;5;3;Tristeza;16919;15895;1024;2;-10;12
77;5;3;Vila Assunção;4039;3696;343;-32;-11;-21
77;5;3;Vila Conceição;911;745;166;-14;-12;-2
77;5;3;Vila Ipiranga;18973;17653;1320;-28;-39;11
77;5;3;Vila Jardim;13179;12176;1003;-44;-50;6
77;5;3;Vila João Pessoa;12877;11981;896;-29;-35;6
77;5;3;Vila Nova;33896;31848;2048;-10;-26;16
77;5;3;Vila São José;27479;25732;1747;-28;-40;12
78;6;3;Aberta dos Morros;6645;5884;761;-178;-570;392
78;6;3;Agronomia;1347;1171;176;-400;-513;113
78;6;3;Anchieta;1126;1006;120;-273;-362;89
78;6;3;Arquipélago;8084;7112;972;-87;-561;474
78;6;3;Auxiliadora;8821;7703;1118;-347;-933;586
78;6;3;Azenha;13227;11626;1601;-205;-1015;810
78;6;3;Bela Vista;10988;9589;1399;-315;-1022;707
78;6;3;Belém Novo;10136;9163;973;85;-405;490
78;6;3;Belém Velho;10626;9410;1216;-83;-655;572
78;6;3;Boa Vista;9183;8023;1160;-370;-954;584
78;6;3;Boa Vista do Sul;1491;1404;87;-326;-373;47
78;6;3;Bom Fim;10625;9338;1287;-356;-1027;671
78;6;3;Bom Jesus;30050;26573;3477;684;-957;1641
78;6;3;Camaquã;18125;16131;1994;111;-822;933
78;6;3;Campo Novo;8195;7308;887;-223;-654;431
78;6;3;Cascata;12814;11351;1463;-65;-767;702
78;6;3;Cavalhada;30767;27438;3329;678;-879;1557
78;6;3;Centro;41714;37396;4318;1150;-831;1981
78;6;3;Chácara das Pedras;5170;4527;643;-655;-1000;345
78;6;3;Chapéu do Sol;1879;1753;126;-432;-512;80
78;6;3;Cidade Baixa;15079;13285;1794;-78;-943;865
78;6;3;Coronel Aparício Borges;19438;17196;2242;110;-973;1083
78;6;3;Costa e Silva;15573;13842;1731;-76;-938;862
78;6;3;Cristal;33845;30251;3594;882;-800;1682
78;6;3;Cristo Redentor;16217;14313;1904;-32;-971;939
78;6;3;Espírito Santo;4664;4174;490;-379;-626;247
78;6;3;Extrema;1222;1174;48;-354;-367;13
78;6;3;Farrapos;19742;17641;2101;394;-618;1012
78;6;3;Farroupilha;442;442;0;2;2;0
78;6;3;Floresta;10943;9653;1290;-275;-878;603
78;6;3;Glória;16971;14990;1981;-4;-935;931
78;6;3;Guarujá;3859;3484;375;-406;-579;173
78;6;3;Higienópolis;9911;8705;1206;-353;-920;567
78;6;3;Hípica;19308;17339;1969;358;-584;942
78;6;3;Humaitá;11346;10118;1228;-82;-649;567
78;6;3;Independência;6783;5955;828;-593;-979;386
78;6;3;Ipanema;13712;12248;1464;13;-685;698
78;6;3;Jardim Botânico;11634;10219;1415;-400;-1049;649
78;6;3;Jardim Carvalho;26445;23450;2995;440;-932;1372
78;6;3;Jardim do Salso;2642;2277;365;-826;-1016;190
78;6;3;Jardim Dona Leopoldina;17866;15826;2040;-49;-1029;980
78;6;3;Jardim Europa;1212;1124;88;-76;-158;82
78;6;3;Jardim Floresta;1872;1663;209;-589;-714;125
78;6;3;Jardim Isabel;1530;1431;99;-524;-596;72
78;6;3;Jardim Itu;17876;15779;2097;-3;-985;982
78;6;3;Jardim Lindóia;6293;5531;762;-516;-877;361
78;6;3;Jardim Sabará;13068;11505;1563;-243;-980;737
78;6;3;Jardim São Pedro;2440;2106;334;-724;-879;155
78;6;3;Lageado;3693;3374;319;-359;-486;127
78;6;3;Lami;3689;3388;301;-307;-399;92
78;6;3;Lomba do Pinheiro;62949;56741;6208;2185;-687;2872
78;6;3;Mário Quintana;40720;36420;4300;1261;-829;2090
78;6;3;Medianeira;10373;9118;1255;-371;-966;595
78;6;3;Menino Deus;33367;29625;3742;725;-969;1694
78;6;3;Moinhos de Vento;11245;9868;1377;-297;-928;631
78;6;3;MontSerrat;10379;9091;1288;-397;-992;595
78;6;3;Morro Santana;19878;17618;2260;238;-836;1074
78;6;3;Navegantes;3094;2725;369;-574;-749;175
78;6;3;Nonoai;26145;23246;2899;464;-909;1373
78;6;3;Parque Santa Fé;4980;4389;591;-674;-948;274
78;6;3;Partenon;51630;46010;5620;1607;-1042;2649
78;6;3;Passo DAreia;22687;19997;2690;341;-951;1292
78;6;3;Passo das Pedras;15737;13921;1816;-93;-973;880
78;6;3;Pedra Redonda;125;125;0;-18;0;-18
78;6;3;Petrópolis;40024;35381;4643;1187;-1013;2200
78;6;3;Pitinga;3539;3200;339;-411;-546;135
78;6;3;Ponta Grossa;8414;7615;799;-178;-539;361
78;6;3;Praia de Belas;1248;1123;125;-233;-271;38
78;6;3;Restinga;57553;52221;5332;1600;-760;2360
78;6;3;Rio Branco;17415;15289;2126;-64;-1035;971
78;6;3;Rubem Berta;35024;31369;3655;806;-901;1707
78;6;3;Santa Cecília;4087;3566;521;-784;-1007;223
78;6;3;Santa Maria Goretti;2090;1802;288;-720;-787;67
78;6;3;Santa Rosa de Lima;37653;33822;3831;1001;-766;1767
78;6;3;Santa Tereza;42304;37724;4580;1267;-904;2171
78;6;3;Santana;21081;18528;2553;65;-1071;1136
78;6;3;Santo Antônio;12626;11071;1555;-328;-1017;689
78;6;3;São Caetano;534;375;159;-65;-39;-26
78;6;3;São Geraldo;7991;6985;1006;-406;-813;407
78;6;3;São João;11997;10507;1490;-239;-845;606
78;6;3;São Sebastião;5889;5168;721;-591;-889;298
78;6;3;Sarandi;64699;58110;6589;2071;-855;2926
78;6;3;Serraria;5683;5091;592;-413;-620;207
78;6;3;Sétimo Céu;712;653;59;-34;-11;-23
78;6;3;Teresópolis;14419;12682;1737;-334;-1015;681
78;6;3;Três Figueiras;2552;2114;438;-845;-911;66
78;6;3;Tristeza;16992;15167;1825;73;-728;801
78;6;3;Vila Assunção;3354;2952;402;-685;-744;59
78;6;3;Vila Conceição;833;669;164;-78;-76;-2
78;6;3;Vila Ipiranga;18968;16663;2305;-5;-990;985
78;6;3;Vila Jardim;12817;11180;1637;-362;-996;634
78;6;3;Vila João Pessoa;12519;10944;1575;-358;-1037;679
78;6;3;Vila Nova;34732;31064;3668;836;-784;1620
78;6;3;Vila São José;27965;24848;3117;486;-884;1370
79;7;3;Aberta dos Morros;6278;4919;1359;-367;-965;598
79;7;3;Agronomia;1254;920;334;-93;-251;158
79;7;3;Anchieta;1034;781;253;-92;-225;133
79;7;3;Arquipélago;7657;5954;1703;-427;-1158;731
79;7;3;Auxiliadora;8223;6151;2072;-598;-1552;954
79;7;3;Azenha;12594;9450;3144;-633;-2176;1543
79;7;3;Bela Vista;10274;7683;2591;-714;-1906;1192
79;7;3;Belém Novo;10071;8419;1652;-65;-744;679
79;7;3;Belém Velho;10069;7910;2159;-557;-1500;943
79;7;3;Boa Vista;8605;6413;2192;-578;-1610;1032
79;7;3;Boa Vista do Sul;1451;1261;190;-40;-143;103
79;7;3;Bom Fim;9919;7476;2443;-706;-1862;1156
79;7;3;Bom Jesus;30670;24172;6498;620;-2401;3021
79;7;3;Camaquã;17969;14212;3757;-156;-1919;1763
79;7;3;Campo Novo;7724;6106;1618;-471;-1202;731
79;7;3;Cascata;12199;9530;2669;-615;-1821;1206
79;7;3;Cavalhada;31752;25533;6219;985;-1905;2890
79;7;3;Centro;43973;35614;8359;2259;-1782;4041
79;7;3;Chácara das Pedras;4795;3528;1267;-375;-999;624
79;7;3;Chapéu do Sol;1796;1486;310;-83;-267;184
79;7;3;Cidade Baixa;14346;11118;3228;-733;-2167;1434
79;7;3;Coronel Aparício Borges;19025;14807;4218;-413;-2389;1976
79;7;3;Costa e Silva;14865;11598;3267;-708;-2244;1536
79;7;3;Cristal;35162;28540;6622;1317;-1711;3028
79;7;3;Cristo Redentor;15746;11999;3747;-471;-2314;1843
79;7;3;Espírito Santo;4395;3448;947;-269;-726;457
79;7;3;Extrema;1197;1050;147;-25;-124;99
79;7;3;Farrapos;20048;16238;3810;306;-1403;1709
79;7;3;Farroupilha;331;237;94;-111;-205;94
79;7;3;Floresta;10273;7906;2367;-670;-1747;1077
79;7;3;Glória;16458;12777;3681;-513;-2213;1700
79;7;3;Guarujá;3669;2926;743;-190;-558;368
79;7;3;Higienópolis;9306;7024;2282;-605;-1681;1076
79;7;3;Hípica;19555;16113;3442;247;-1226;1473
79;7;3;Humaitá;10884;8652;2232;-462;-1466;1004
79;7;3;Independência;6582;4743;1839;-201;-1212;1011
79;7;3;Ipanema;13496;10855;2641;-216;-1393;1177
79;7;3;Jardim Botânico;11096;8276;2820;-538;-1943;1405
79;7;3;Jardim Carvalho;26825;21365;5460;380;-2085;2465
79;7;3;Jardim do Salso;2425;1530;895;-217;-747;530
79;7;3;Jardim Dona Leopoldina;17090;13384;3706;-776;-2442;1666
79;7;3;Jardim Europa;1214;662;552;2;-462;464
79;7;3;Jardim Floresta;1714;1137;577;-158;-526;368
79;7;3;Jardim Isabel;1449;1000;449;-81;-431;350
79;7;3;Jardim Itu;17194;13426;3768;-682;-2353;1671
79;7;3;Jardim Lindóia;6055;4420;1635;-238;-1111;873
79;7;3;Jardim Sabará;12307;9480;2827;-761;-2025;1264
79;7;3;Jardim São Pedro;2253;1456;797;-187;-650;463
79;7;3;Lageado;3469;2898;571;-224;-476;252
79;7;3;Lami;3524;3026;498;-165;-362;197
79;7;3;Lomba do Pinheiro;66384;55448;10936;3435;-1293;4728
79;7;3;Mário Quintana;42490;34570;7920;1770;-1850;3620
79;7;3;Medianeira;9730;7382;2348;-643;-1736;1093
79;7;3;Menino Deus;34269;27451;6818;902;-2174;3076
79;7;3;Moinhos de Vento;10769;7965;2804;-476;-1903;1427
79;7;3;MontSerrat;9783;7412;2371;-596;-1679;1083
79;7;3;Morro Santana;19720;15686;4034;-158;-1932;1774
79;7;3;Navegantes;3140;2005;1135;46;-720;766
79;7;3;Nonoai;26500;21208;5292;355;-2038;2393
79;7;3;Parque Santa Fé;4625;3277;1348;-355;-1112;757
79;7;3;Partenon;54155;43618;10537;2525;-2392;4917
79;7;3;Passo DAreia;22727;17758;4969;40;-2239;2279
79;7;3;Passo das Pedras;14994;11681;3313;-743;-2240;1497
79;7;3;Pedra Redonda;87;59;28;-38;-66;28
79;7;3;Petrópolis;41380;33018;8362;1356;-2363;3719
79;7;3;Pitinga;3348;2600;748;-191;-600;409
79;7;3;Ponta Grossa;8032;6689;1343;-382;-926;544
79;7;3;Praia de Belas;1332;706;626;84;-417;501
79;7;3;Restinga;60052;51125;8927;2499;-1096;3595
79;7;3;Rio Branco;16800;12889;3911;-615;-2400;1785
79;7;3;Rubem Berta;36081;29356;6725;1057;-2013;3070
79;7;3;Santa Cecília;3830;2558;1272;-257;-1008;751
79;7;3;Santa Maria Goretti;1959;1233;726;-131;-569;438
79;7;3;Santa Rosa de Lima;38813;32207;6606;1160;-1615;2775
79;7;3;Santa Tereza;44008;35752;8256;1704;-1972;3676
79;7;3;Santana;20749;16124;4625;-332;-2404;2072
79;7;3;Santo Antônio;11920;9129;2791;-706;-1942;1236
79;7;3;São Caetano;511;264;247;-23;-111;88
79;7;3;São Geraldo;7474;5426;2048;-517;-1559;1042
79;7;3;São João;11493;8819;2674;-504;-1688;1184
79;7;3;São Sebastião;5714;3887;1827;-175;-1281;1106
79;7;3;Sarandi;67541;56279;11262;2842;-1831;4673
79;7;3;Serraria;5384;4191;1193;-299;-900;601
79;7;3;Sétimo Céu;594;402;192;-118;-251;133
79;7;3;Teresópolis;13643;10648;2995;-776;-2034;1258
79;7;3;Três Figueiras;2585;1429;1156;33;-685;718
79;7;3;Tristeza;16653;13627;3026;-339;-1540;1201
79;7;3;Vila Assunção;3201;2227;974;-153;-725;572
79;7;3;Vila Conceição;745;432;313;-88;-237;149
79;7;3;Vila Ipiranga;18230;14350;3880;-738;-2313;1575
79;7;3;Vila Jardim;12104;8999;3105;-713;-2181;1468
79;7;3;Vila João Pessoa;11809;8798;3011;-710;-2146;1436
79;7;3;Vila Nova;35611;29468;6143;879;-1596;2475
79;7;3;Vila São José;28122;22700;5422;157;-2148;2305
80;8;3;Aberta dos Morros;6282;5094;1188;4;175;-171
80;8;3;Agronomia;1284;1092;192;30;172;-142
80;8;3;Anchieta;1072;907;165;38;126;-88
80;8;3;Arquipélago;7792;6166;1626;135;212;-77
80;8;3;Auxiliadora;8209;6379;1830;-14;228;-242
80;8;3;Azenha;12390;9757;2633;-204;307;-511
80;8;3;Bela Vista;10283;7969;2314;9;286;-277
80;8;3;Belém Novo;10116;8444;1672;45;25;20
80;8;3;Belém Velho;10163;8056;2107;94;146;-52
80;8;3;Boa Vista;8614;6686;1928;9;273;-264
80;8;3;Boa Vista do Sul;1456;1320;136;5;59;-54
80;8;3;Bom Fim;9985;7834;2151;66;358;-292
80;8;3;Bom Jesus;30905;24373;6532;235;201;34
80;8;3;Camaquã;18084;14403;3681;115;191;-76
80;8;3;Campo Novo;7741;6224;1517;17;118;-101
80;8;3;Cascata;12249;9656;2593;50;126;-76
80;8;3;Cavalhada;31667;25648;6019;-85;115;-200
80;8;3;Centro;44175;35876;8299;202;262;-60
80;8;3;Chácara das Pedras;4797;3799;998;2;271;-269
80;8;3;Chapéu do Sol;1790;1581;209;-6;95;-101
80;8;3;Cidade Baixa;14518;11416;3102;172;298;-126
80;8;3;Coronel Aparício Borges;19178;14985;4193;153;178;-25
80;8;3;Costa e Silva;14967;11778;3189;102;180;-78
80;8;3;Cristal;35312;28664;6648;150;124;26
80;8;3;Cristo Redentor;15615;12245;3370;-131;246;-377
80;8;3;Espírito Santo;4264;3555;709;-131;107;-238
80;8;3;Extrema;1322;1168;154;125;118;7
80;8;3;Farrapos;20286;16448;3838;238;210;28
80;8;3;Farroupilha;206;177;29;-125;-60;-65
80;8;3;Floresta;10345;8138;2207;72;232;-160
80;8;3;Glória;16479;12984;3495;21;207;-186
80;8;3;Guarujá;3578;3027;551;-91;101;-192
80;8;3;Higienópolis;9332;7244;2088;26;220;-194
80;8;3;Hípica;19553;16158;3395;-2;45;-47
80;8;3;Humaitá;11024;8830;2194;140;178;-38
80;8;3;Independência;6314;4999;1315;-268;256;-524
80;8;3;Ipanema;13474;10896;2578;-22;41;-63
80;8;3;Jardim Botânico;10833;8477;2356;-263;201;-464
80;8;3;Jardim Carvalho;26963;21553;5410;138;188;-50
80;8;3;Jardim do Salso;2429;1806;623;4;276;-272
80;8;3;Jardim Dona Leopoldina;17104;13538;3566;14;154;-140
80;8;3;Jardim Europa;857;621;236;-357;-41;-316
80;8;3;Jardim Floresta;1702;1278;424;-12;141;-153
80;8;3;Jardim Isabel;1482;1147;335;33;147;-114
80;8;3;Jardim Itu;17244;13614;3630;50;188;-138
80;8;3;Jardim Lindóia;5754;4584;1170;-301;164;-465
80;8;3;Jardim Sabará;12309;9620;2689;2;140;-138
80;8;3;Jardim São Pedro;2282;1712;570;29;256;-227
80;8;3;Lageado;3371;2929;442;-98;31;-129
80;8;3;Lami;3423;3062;361;-101;36;-137
80;8;3;Lomba do Pinheiro;66171;55407;10764;-213;-41;-172
80;8;3;Mário Quintana;42531;34633;7898;41;63;-22
80;8;3;Medianeira;9690;7575;2115;-40;193;-233
80;8;3;Menino Deus;34457;27696;6761;188;245;-57
80;8;3;Moinhos de Vento;10487;8145;2342;-282;180;-462
80;8;3;MontSerrat;9761;7613;2148;-22;201;-223
80;8;3;Morro Santana;19766;15802;3964;46;116;-70
80;8;3;Navegantes;2900;2197;703;-240;192;-432
80;8;3;Nonoai;26526;21301;5225;26;93;-67
80;8;3;Parque Santa Fé;4563;3512;1051;-62;235;-297
80;8;3;Partenon;54221;43735;10486;66;117;-51
80;8;3;Passo DAreia;22785;17916;4869;58;158;-100
80;8;3;Passo das Pedras;14983;11788;3195;-11;107;-118
80;8;3;Pedra Redonda;53;31;22;-34;-28;-6
80;8;3;Petrópolis;41384;33088;8296;4;70;-66
80;8;3;Pitinga;3293;2690;603;-55;90;-145
80;8;3;Ponta Grossa;7997;6711;1286;-35;22;-57
80;8;3;Praia de Belas;1040;718;322;-292;12;-304
80;8;3;Restinga;60228;51145;9083;176;20;156
80;8;3;Rio Branco;16747;13064;3683;-53;175;-228
80;8;3;Rubem Berta;36019;29417;6602;-62;61;-123
80;8;3;Santa Cecília;3796;2858;938;-34;300;-334
80;8;3;Santa Maria Goretti;2043;1464;579;84;231;-147
80;8;3;Santa Rosa de Lima;38918;32304;6614;105;97;8
80;8;3;Santa Tereza;43993;35867;8126;-15;115;-130
80;8;3;Santana;20734;16327;4407;-15;203;-218
80;8;3;Santo Antônio;11900;9298;2602;-20;169;-189
80;8;3;São Caetano;602;268;334;91;4;87
80;8;3;São Geraldo;7498;5565;1933;24;139;-115
80;8;3;São João;11356;8878;2478;-137;59;-196
80;8;3;São Sebastião;5363;4017;1346;-351;130;-481
80;8;3;Sarandi;67723;56252;11471;182;-27;209
80;8;3;Serraria;5347;4227;1120;-37;36;-73
80;8;3;Sétimo Céu;584;368;216;-10;-34;24
80;8;3;Teresópolis;13677;10757;2920;34;109;-75
80;8;3;Três Figueiras;2506;1708;798;-79;279;-358
80;8;3;Tristeza;16636;13652;2984;-17;25;-42
80;8;3;Vila Assunção;3253;2404;849;52;177;-125
80;8;3;Vila Conceição;879;450;429;134;18;116
80;8;3;Vila Ipiranga;18230;14426;3804;0;76;-76
80;8;3;Vila Jardim;12229;9144;3085;125;145;-20
80;8;3;Vila João Pessoa;11821;8898;2923;12;100;-88
80;8;3;Vila Nova;35707;29436;6271;96;-32;128
80;8;3;Vila São José;28380;22761;5619;258;61;197
81;9;3;Aberta dos Morros;6261;5079;1182;-21;-15;-6
81;9;3;Agronomia;1256;1080;176;-28;-12;-16
81;9;3;Anchieta;1085;911;174;13;4;9
81;9;3;Arquipélago;7784;6143;1641;-8;-23;15
81;9;3;Auxiliadora;8160;6347;1813;-49;-32;-17
81;9;3;Azenha;12327;9661;2666;-63;-96;33
81;9;3;Bela Vista;10221;7928;2293;-62;-41;-21
81;9;3;Belém Novo;10109;8449;1660;-7;5;-12
81;9;3;Belém Velho;10197;8063;2134;34;7;27
81;9;3;Boa Vista;8571;6648;1923;-43;-38;-5
81;9;3;Boa Vista do Sul;1470;1327;143;14;7;7
81;9;3;Bom Fim;9886;7756;2130;-99;-78;-21
81;9;3;Bom Jesus;30987;24271;6716;82;-102;184
81;9;3;Camaquã;18095;14363;3732;11;-40;51
81;9;3;Campo Novo;7728;6209;1519;-13;-15;2
81;9;3;Cascata;12296;9628;2668;47;-28;75
81;9;3;Cavalhada;31685;25599;6086;18;-49;67
81;9;3;Centro;44421;35825;8596;246;-51;297
81;9;3;Chácara das Pedras;4750;3778;972;-47;-21;-26
81;9;3;Chapéu do Sol;1766;1564;202;-24;-17;-7
81;9;3;Cidade Baixa;14489;11334;3155;-29;-82;53
81;9;3;Coronel Aparício Borges;19233;14936;4297;55;-49;104
81;9;3;Costa e Silva;14976;11700;3276;9;-78;87
81;9;3;Cristal;35361;28619;6742;49;-45;94
81;9;3;Cristo Redentor;15757;12261;3496;142;16;126
81;9;3;Espírito Santo;4274;3555;719;10;0;10
81;9;3;Extrema;1340;1179;161;18;11;7
81;9;3;Farrapos;20284;16418;3866;-2;-30;28
81;9;3;Farroupilha;198;198;0;-8;21;-29
81;9;3;Floresta;10366;8080;2286;21;-58;79
81;9;3;Glória;16594;12955;3639;115;-29;144
81;9;3;Guarujá;3601;3030;571;23;3;20
81;9;3;Higienópolis;9329;7206;2123;-3;-38;35
81;9;3;Hípica;19586;16136;3450;33;-22;55
81;9;3;Humaitá;11069;8814;2255;45;-16;61
81;9;3;Independência;6268;4928;1340;-46;-71;25
81;9;3;Ipanema;13537;10897;2640;63;1;62
81;9;3;Jardim Botânico;10846;8416;2430;13;-61;74
81;9;3;Jardim Carvalho;27135;21519;5616;172;-34;206
81;9;3;Jardim do Salso;2315;1788;527;-114;-18;-96
81;9;3;Jardim Dona Leopoldina;17085;13434;3651;-19;-104;85
81;9;3;Jardim Europa;826;644;182;-31;23;-54
81;9;3;Jardim Floresta;1670;1303;367;-32;25;-57
81;9;3;Jardim Isabel;1501;1180;321;19;33;-14
81;9;3;Jardim Itu;17268;13526;3742;24;-88;112
81;9;3;Jardim Lindóia;5774;4577;1197;20;-7;27
81;9;3;Jardim Sabará;12292;9581;2711;-17;-39;22
81;9;3;Jardim São Pedro;2234;1703;531;-48;-9;-39
81;9;3;Lageado;3364;2936;428;-7;7;-14
81;9;3;Lami;3421;3065;356;-2;3;-5
81;9;3;Lomba do Pinheiro;66335;55393;10942;164;-14;178
81;9;3;Mário Quintana;42545;34551;7994;14;-82;96
81;9;3;Medianeira;9689;7529;2160;-1;-46;45
81;9;3;Menino Deus;34540;27576;6964;83;-120;203
81;9;3;Moinhos de Vento;10493;8090;2403;6;-55;61
81;9;3;MontSerrat;9735;7547;2188;-26;-66;40
81;9;3;Morro Santana;19764;15712;4052;-2;-90;88
81;9;3;Navegantes;2890;2198;692;-10;1;-11
81;9;3;Nonoai;26576;21219;5357;50;-82;132
81;9;3;Parque Santa Fé;4429;3467;962;-134;-45;-89
81;9;3;Partenon;54466;43649;10817;245;-86;331
81;9;3;Passo DAreia;22823;17862;4961;38;-54;92
81;9;3;Passo das Pedras;15036;11706;3330;53;-82;135
81;9;3;Pedra Redonda;49;41;8;-4;10;-14
81;9;3;Petrópolis;41555;32976;8579;171;-112;283
81;9;3;Pitinga;3296;2686;610;3;-4;7
81;9;3;Ponta Grossa;7986;6690;1296;-11;-21;10
81;9;3;Praia de Belas;948;691;257;-92;-27;-65
81;9;3;Restinga;60153;51134;9019;-75;-11;-64
81;9;3;Rio Branco;16773;12943;3830;26;-121;147
81;9;3;Rubem Berta;36163;29339;6824;144;-78;222
81;9;3;Santa Cecília;3688;2812;876;-108;-46;-62
81;9;3;Santa Maria Goretti;1979;1432;547;-64;-32;-32
81;9;3;Santa Rosa de Lima;38985;32253;6732;67;-51;118
81;9;3;Santa Tereza;44067;35781;8286;74;-86;160
81;9;3;Santana;20760;16191;4569;26;-136;162
81;9;3;Santo Antônio;11856;9200;2656;-44;-98;54
81;9;3;São Caetano;588;272;316;-14;4;-18
81;9;3;São Geraldo;7442;5525;1917;-56;-40;-16
81;9;3;São João;11370;8864;2506;14;-14;28
81;9;3;São Sebastião;5271;3981;1290;-92;-36;-56
81;9;3;Sarandi;67708;56176;11532;-15;-76;61
81;9;3;Serraria;5333;4197;1136;-14;-30;16
81;9;3;Sétimo Céu;548;387;161;-36;19;-55
81;9;3;Teresópolis;13588;10666;2922;-89;-91;2
81;9;3;Três Figueiras;2418;1652;766;-88;-56;-32
81;9;3;Tristeza;16686;13696;2990;50;44;6
81;9;3;Vila Assunção;3164;2375;789;-89;-29;-60
81;9;3;Vila Conceição;830;458;372;-49;8;-57
81;9;3;Vila Ipiranga;18106;14308;3798;-124;-118;-6
81;9;3;Vila Jardim;12130;9067;3063;-99;-77;-22
81;9;3;Vila João Pessoa;11777;8856;2921;-44;-42;-2
81;9;3;Vila Nova;35581;29376;6205;-126;-60;-66
81;9;3;Vila São José;28184;22639;5545;-196;-122;-74
82;10;3;Aberta dos Morros;6306;5253;1053;45;174;-129
82;10;3;Agronomia;1435;1157;278;179;77;102
82;10;3;Anchieta;1237;990;247;152;79;73
82;10;3;Arquipélago;7836;6327;1509;52;184;-132
82;10;3;Auxiliadora;8215;6629;1586;55;282;-227
82;10;3;Azenha;12372;9961;2411;45;300;-255
82;10;3;Bela Vista;10261;8218;2043;40;290;-250
82;10;3;Belém Novo;10102;8646;1456;-7;197;-204
82;10;3;Belém Velho;10213;8266;1947;16;203;-187
82;10;3;Boa Vista;8662;6951;1711;91;303;-212
82;10;3;Boa Vista do Sul;1747;1534;213;277;207;70
82;10;3;Bom Fim;9941;8049;1892;55;293;-238
82;10;3;Bom Jesus;30935;24578;6357;-52;307;-359
82;10;3;Camaquã;18015;14574;3441;-80;211;-291
82;10;3;Campo Novo;7789;6482;1307;61;273;-212
82;10;3;Cascata;12251;9872;2379;-45;244;-289
82;10;3;Cavalhada;31746;25774;5972;61;175;-114
82;10;3;Centro;44305;35766;8539;-116;-59;-57
82;10;3;Chácara das Pedras;5167;4181;986;417;403;14
82;10;3;Chapéu do Sol;2074;1772;302;308;208;100
82;10;3;Cidade Baixa;14435;11620;2815;-54;286;-340
82;10;3;Coronel Aparício Borges;19061;15183;3878;-172;247;-419
82;10;3;Costa e Silva;14858;11968;2890;-118;268;-386
82;10;3;Cristal;35235;28747;6488;-126;128;-254
82;10;3;Cristo Redentor;15697;12550;3147;-60;289;-349
82;10;3;Espírito Santo;4509;3784;725;235;229;6
82;10;3;Extrema;1474;1294;180;134;115;19
82;10;3;Farrapos;20220;16524;3696;-64;106;-170
82;10;3;Farroupilha;193;193;0;-5;-5;0
82;10;3;Floresta;10306;8381;1925;-60;301;-361
82;10;3;Glória;16399;13208;3191;-195;253;-448
82;10;3;Guarujá;3869;3257;612;268;227;41
82;10;3;Higienópolis;9350;7539;1811;21;333;-312
82;10;3;Hípica;19379;16196;3183;-207;60;-267
82;10;3;Humaitá;11025;8993;2032;-44;179;-223
82;10;3;Independência;6682;5247;1435;414;319;95
82;10;3;Ipanema;13420;11080;2340;-117;183;-300
82;10;3;Jardim Botânico;10923;8765;2158;77;349;-272
82;10;3;Jardim Carvalho;26844;21661;5183;-291;142;-433
82;10;3;Jardim do Salso;2724;2159;565;409;371;38
82;10;3;Jardim Dona Leopoldina;16875;13677;3198;-210;243;-453
82;10;3;Jardim Europa;978;660;318;152;16;136
82;10;3;Jardim Floresta;1974;1566;408;304;263;41
82;10;3;Jardim Isabel;1766;1397;369;265;217;48
82;10;3;Jardim Itu;17125;13759;3366;-143;233;-376
82;10;3;Jardim Lindóia;6075;4823;1252;301;246;55
82;10;3;Jardim Sabará;12285;9912;2373;-7;331;-338
82;10;3;Jardim São Pedro;2516;1985;531;282;282;0
82;10;3;Lageado;3558;3114;444;194;178;16
82;10;3;Lami;3642;3237;405;221;172;49
82;10;3;Lomba do Pinheiro;65980;55317;10663;-355;-76;-279
82;10;3;Mário Quintana;42125;34648;7477;-420;97;-517
82;10;3;Medianeira;9633;7842;1791;-56;313;-369
82;10;3;Menino Deus;34211;27675;6536;-329;99;-428
82;10;3;Moinhos de Vento;10446;8316;2130;-47;226;-273
82;10;3;MontSerrat;9718;7881;1837;-17;334;-351
82;10;3;Morro Santana;19611;15850;3761;-153;138;-291
82;10;3;Navegantes;3322;2469;853;432;271;161
82;10;3;Nonoai;26385;21378;5007;-191;159;-350
82;10;3;Parque Santa Fé;4599;3697;902;170;230;-60
82;10;3;Partenon;54210;43758;10452;-256;109;-365
82;10;3;Passo DAreia;22670;18092;4578;-153;230;-383
82;10;3;Passo das Pedras;14881;11924;2957;-155;218;-373
82;10;3;Pedra Redonda;45;41;4;-4;0;-4
82;10;3;Petrópolis;41305;33135;8170;-250;159;-409
82;10;3;Pitinga;3455;2817;638;159;131;28
82;10;3;Ponta Grossa;7895;6855;1040;-91;165;-256
82;10;3;Praia de Belas;1177;779;398;229;88;141
82;10;3;Restinga;59236;50987;8249;-917;-147;-770
82;10;3;Rio Branco;16598;13229;3369;-175;286;-461
82;10;3;Rubem Berta;35821;29361;6460;-342;22;-364
82;10;3;Santa Cecília;4042;3172;870;354;360;-6
82;10;3;Santa Maria Goretti;2230;1720;510;251;288;-37
82;10;3;Santa Rosa de Lima;38699;32215;6484;-286;-38;-248
82;10;3;Santa Tereza;43693;35798;7895;-374;17;-391
82;10;3;Santana;20542;16444;4098;-218;253;-471
82;10;3;Santo Antônio;11839;9488;2351;-17;288;-305
82;10;3;São Caetano;494;275;219;-94;3;-97
82;10;3;São Geraldo;7412;5814;1598;-30;289;-319
82;10;3;São João;11496;9158;2338;126;294;-168
82;10;3;São Sebastião;5578;4272;1306;307;291;16
82;10;3;Sarandi;67690;56218;11472;-18;42;-60
82;10;3;Serraria;5385;4409;976;52;212;-160
82;10;3;Sétimo Céu;514;384;130;-34;-3;-31
82;10;3;Teresópolis;13470;10933;2537;-118;267;-385
82;10;3;Três Figueiras;2805;1980;825;387;328;59
82;10;3;Tristeza;16590;13888;2702;-96;192;-288
82;10;3;Vila Assunção;3429;2654;775;265;279;-14
82;10;3;Vila Conceição;727;484;243;-103;26;-129
82;10;3;Vila Ipiranga;18050;14531;3519;-56;223;-279
82;10;3;Vila Jardim;12167;9471;2696;37;404;-367
82;10;3;Vila João Pessoa;11682;9205;2477;-95;349;-444
82;10;3;Vila Nova;35301;29484;5817;-280;108;-388
82;10;3;Vila São José;28187;22890;5297;3;251;-248
83;11;3;Aberta dos Morros;6627;6082;545;321;829;-508
83;11;3;Agronomia;1410;1293;117;-25;136;-161
83;11;3;Anchieta;1158;1069;89;-79;79;-158
83;11;3;Arquipélago;8235;7311;924;399;984;-585
83;11;3;Auxiliadora;8588;7926;662;373;1297;-924
83;11;3;Azenha;12987;11860;1127;615;1899;-1284
83;11;3;Bela Vista;10770;9796;974;509;1578;-1069
83;11;3;Belém Novo;10154;9313;841;52;667;-615
83;11;3;Belém Velho;10734;9588;1146;521;1322;-801
83;11;3;Boa Vista;8951;8236;715;289;1285;-996
83;11;3;Boa Vista do Sul;1733;1624;109;-14;90;-104
83;11;3;Bom Fim;10310;9539;771;369;1490;-1121
83;11;3;Bom Jesus;30499;26555;3944;-436;1977;-2413
83;11;3;Camaquã;18175;16177;1998;160;1603;-1443
83;11;3;Campo Novo;8173;7490;683;384;1008;-624
83;11;3;Cascata;12827;11419;1408;576;1547;-971
83;11;3;Cavalhada;31057;27364;3693;-689;1590;-2279
83;11;3;Centro;42564;37298;5266;-1741;1532;-3273
83;11;3;Chácara das Pedras;5226;4853;373;59;672;-613
83;11;3;Chapéu do Sol;2069;1939;130;-5;167;-172
83;11;3;Cidade Baixa;14961;13418;1543;526;1798;-1272
83;11;3;Coronel Aparício Borges;19374;17112;2262;313;1929;-1616
83;11;3;Costa e Silva;15446;13815;1631;588;1847;-1259
83;11;3;Cristal;34279;30168;4111;-956;1421;-2377
83;11;3;Cristo Redentor;16210;14439;1771;513;1889;-1376
83;11;3;Espírito Santo;4672;4326;346;163;542;-379
83;11;3;Extrema;1484;1391;93;10;97;-87
83;11;3;Farrapos;20059;17747;2312;-161;1223;-1384
83;11;3;Farroupilha;267;267;0;74;74;0
83;11;3;Floresta;10795;9762;1033;489;1381;-892
83;11;3;Glória;16824;15021;1803;425;1813;-1388
83;11;3;Guarujá;3971;3681;290;102;424;-322
83;11;3;Higienópolis;9687;8811;876;337;1272;-935
83;11;3;Hípica;19274;17225;2049;-105;1029;-1134
83;11;3;Humaitá;11421;10224;1197;396;1231;-835
83;11;3;Independência;6866;6141;725;184;894;-710
83;11;3;Ipanema;13597;12257;1340;177;1177;-1000
83;11;3;Jardim Botânico;11374;10320;1054;451;1555;-1104
83;11;3;Jardim Carvalho;26632;23353;3279;-212;1692;-1904
83;11;3;Jardim do Salso;2771;2568;203;47;409;-362
83;11;3;Jardim Dona Leopoldina;17473;15612;1861;598;1935;-1337
83;11;3;Jardim Europa;1179;862;317;201;202;-1
83;11;3;Jardim Floresta;1972;1870;102;-2;304;-306
83;11;3;Jardim Isabel;1779;1672;107;13;275;-262
83;11;3;Jardim Itu;17690;15656;2034;565;1897;-1332
83;11;3;Jardim Lindóia;6304;5635;669;229;812;-583
83;11;3;Jardim Sabará;12878;11502;1376;593;1590;-997
83;11;3;Jardim São Pedro;2532;2344;188;16;359;-343
83;11;3;Lageado;3689;3471;218;131;357;-226
83;11;3;Lami;3769;3548;221;127;311;-184
83;11;3;Lomba do Pinheiro;63378;56477;6901;-2602;1160;-3762
83;11;3;Mário Quintana;40858;36165;4693;-1267;1517;-2784
83;11;3;Medianeira;10072;9161;911;439;1319;-880
83;11;3;Menino Deus;33519;29392;4127;-692;1717;-2409
83;11;3;Moinhos de Vento;10954;9838;1116;508;1522;-1014
83;11;3;MontSerrat;10084;9121;963;366;1240;-874
83;11;3;Morro Santana;19819;17440;2379;208;1590;-1382
83;11;3;Navegantes;3436;2939;497;114;470;-356
83;11;3;Nonoai;26109;23037;3072;-276;1659;-1935
83;11;3;Parque Santa Fé;4788;4437;351;189;740;-551
83;11;3;Partenon;52285;45741;6544;-1925;1983;-3908
83;11;3;Passo DAreia;22612;19847;2765;-58;1755;-1813
83;11;3;Passo das Pedras;15486;13720;1766;605;1796;-1191
83;11;3;Pedra Redonda;74;74;0;29;33;-4
83;11;3;Petrópolis;40195;35030;5165;-1110;1895;-3005
83;11;3;Pitinga;3569;3309;260;114;492;-378
83;11;3;Ponta Grossa;8230;7647;583;335;792;-457
83;11;3;Praia de Belas;1325;952;373;148;173;-25
83;11;3;Restinga;57333;51933;5400;-1903;946;-2849
83;11;3;Rio Branco;17020;15091;1929;422;1862;-1440
83;11;3;Rubem Berta;35054;30971;4083;-767;1610;-2377
83;11;3;Santa Cecília;4148;3768;380;106;596;-490
83;11;3;Santa Maria Goretti;2178;1984;194;-52;264;-316
83;11;3;Santa Rosa de Lima;37831;33546;4285;-868;1331;-2199
83;11;3;Santa Tereza;42467;37421;5046;-1226;1623;-2849
83;11;3;Santana;20827;18337;2490;285;1893;-1608
83;11;3;Santo Antônio;12336;10997;1339;497;1509;-1012
83;11;3;São Caetano;505;338;167;11;63;-52
83;11;3;São Geraldo;7740;7003;737;328;1189;-861
83;11;3;São João;11964;10407;1557;468;1249;-781
83;11;3;São Sebastião;5870;5219;651;292;947;-655
83;11;3;Sarandi;65425;57597;7828;-2265;1379;-3644
83;11;3;Serraria;5594;5144;450;209;735;-526
83;11;3;Sétimo Céu;547;493;54;33;109;-76
83;11;3;Teresópolis;14117;12556;1561;647;1623;-976
83;11;3;Três Figueiras;2856;2271;585;51;291;-240
83;11;3;Tristeza;16811;15061;1750;221;1173;-952
83;11;3;Vila Assunção;3536;3154;382;107;500;-393
83;11;3;Vila Conceição;749;588;161;22;104;-82
83;11;3;Vila Ipiranga;18608;16309;2299;558;1778;-1220
83;11;3;Vila Jardim;12734;11174;1560;567;1703;-1136
83;11;3;Vila João Pessoa;12283;10907;1376;601;1702;-1101
83;11;3;Vila Nova;34592;30738;3854;-709;1254;-1963
83;11;3;Vila São José;27957;24585;3372;-230;1695;-1925
84;12;3;Aberta dos Morros;6536;5560;976;-91;-522;431
84;12;3;Agronomia;1342;1122;220;-68;-171;103
84;12;3;Anchieta;1103;926;177;-55;-143;88
84;12;3;Arquipélago;8081;6730;1351;-154;-581;427
84;12;3;Auxiliadora;8377;7015;1362;-211;-911;700
84;12;3;Azenha;12852;10861;1991;-135;-999;864
84;12;3;Bela Vista;10459;8760;1699;-311;-1036;725
84;12;3;Belém Novo;10229;8955;1274;75;-358;433
84;12;3;Belém Velho;10625;8936;1689;-109;-652;543
84;12;3;Boa Vista;8742;7364;1378;-209;-872;663
84;12;3;Boa Vista do Sul;1540;1436;104;-193;-188;-5
84;12;3;Bom Fim;10202;8610;1592;-108;-929;821
84;12;3;Bom Jesus;31168;25617;5551;669;-938;1607
84;12;3;Camaquã;18303;15495;2808;128;-682;810
84;12;3;Campo Novo;7982;6849;1133;-191;-641;450
84;12;3;Cascata;12581;10624;1957;-246;-795;549
84;12;3;Cavalhada;31794;26734;5060;737;-630;1367
84;12;3;Centro;43945;36632;7313;1381;-666;2047
84;12;3;Chácara das Pedras;5059;4266;793;-167;-587;420
84;12;3;Chapéu do Sol;1901;1758;143;-168;-181;13
84;12;3;Cidade Baixa;14725;12561;2164;-236;-857;621
84;12;3;Coronel Aparício Borges;19396;16192;3204;22;-920;942
84;12;3;Costa e Silva;15163;12851;2312;-283;-964;681
84;12;3;Cristal;34930;29374;5556;651;-794;1445
84;12;3;Cristo Redentor;15905;13610;2295;-305;-829;524
84;12;3;Espírito Santo;4381;3841;540;-291;-485;194
84;12;3;Extrema;1313;1225;88;-171;-166;-5
84;12;3;Farrapos;20343;17119;3224;284;-628;912
84;12;3;Farroupilha;230;179;51;-37;-88;51
84;12;3;Floresta;10511;8937;1574;-284;-825;541
84;12;3;Glória;16616;14099;2517;-208;-922;714
84;12;3;Guarujá;3718;3253;465;-253;-428;175
84;12;3;Higienópolis;9350;7880;1470;-337;-931;594
84;12;3;Hípica;19416;16675;2741;142;-550;692
84;12;3;Humaitá;11181;9540;1641;-240;-684;444
84;12;3;Independência;6577;5494;1083;-289;-647;358
84;12;3;Ipanema;13460;11599;1861;-137;-658;521
84;12;3;Jardim Botânico;11010;9326;1684;-364;-994;630
84;12;3;Jardim Carvalho;26906;22489;4417;274;-864;1138
84;12;3;Jardim do Salso;2772;2207;565;1;-361;362
84;12;3;Jardim Dona Leopoldina;17175;14602;2573;-298;-1010;712
84;12;3;Jardim Europa;943;695;248;-236;-167;-69
84;12;3;Jardim Floresta;1898;1548;350;-74;-322;248
84;12;3;Jardim Isabel;1613;1349;264;-166;-323;157
84;12;3;Jardim Itu;17351;14629;2722;-339;-1027;688
84;12;3;Jardim Lindóia;5938;5011;927;-366;-624;258
84;12;3;Jardim Sabará;12340;10453;1887;-538;-1049;511
84;12;3;Jardim São Pedro;2510;2012;498;-22;-332;310
84;12;3;Lageado;3397;3069;328;-292;-402;110
84;12;3;Lami;3516;3208;308;-253;-340;87
84;12;3;Lomba do Pinheiro;65243;55677;9566;1865;-800;2665
84;12;3;Mário Quintana;41860;35253;6607;1002;-912;1914
84;12;3;Medianeira;9775;8271;1504;-297;-890;593
84;12;3;Menino Deus;34061;28573;5488;542;-819;1361
84;12;3;Moinhos de Vento;10639;8993;1646;-315;-845;530
84;12;3;MontSerrat;9746;8209;1537;-338;-912;574
84;12;3;Morro Santana;19767;16606;3161;-52;-834;782
84;12;3;Navegantes;3153;2493;660;-283;-446;163
84;12;3;Nonoai;26398;22158;4240;289;-879;1168
84;12;3;Parque Santa Fé;4625;3869;756;-163;-568;405
84;12;3;Partenon;53739;44665;9074;1454;-1076;2530
84;12;3;Passo DAreia;22583;18892;3691;-29;-955;926
84;12;3;Passo das Pedras;15050;12799;2251;-436;-921;485
84;12;3;Pedra Redonda;58;25;33;-16;-49;33
84;12;3;Petrópolis;40964;33956;7008;769;-1074;1843
84;12;3;Pitinga;3344;2961;383;-225;-348;123
84;12;3;Ponta Grossa;8051;7118;933;-179;-529;350
84;12;3;Praia de Belas;1075;744;331;-250;-208;-42
84;12;3;Restinga;58694;51034;7660;1361;-899;2260
84;12;3;Rio Branco;16602;14061;2541;-418;-1030;612
84;12;3;Rubem Berta;35372;30052;5320;318;-919;1237
84;12;3;Santa Cecília;4018;3201;817;-130;-567;437
84;12;3;Santa Maria Goretti;2118;1607;511;-60;-377;317
84;12;3;Santa Rosa de Lima;38505;32727;5778;674;-819;1493
84;12;3;Santa Tereza;43442;36390;7052;975;-1031;2006
84;12;3;Santana;20351;17267;3084;-476;-1070;594
84;12;3;Santo Antônio;11893;10034;1859;-443;-963;520
84;12;3;São Caetano;567;250;317;62;-88;150
84;12;3;São Geraldo;7479;6246;1233;-261;-757;496
84;12;3;São João;11393;9608;1785;-571;-799;228
84;12;3;São Sebastião;5601;4523;1078;-269;-696;427
84;12;3;Sarandi;67136;56733;10403;1711;-864;2575
84;12;3;Serraria;5335;4583;752;-259;-561;302
84;12;3;Sétimo Céu;559;357;202;12;-136;148
84;12;3;Teresópolis;13632;11590;2042;-485;-966;481
84;12;3;Três Figueiras;2614;1905;709;-242;-366;124
84;12;3;Tristeza;16539;14252;2287;-272;-809;537
84;12;3;Vila Assunção;3416;2659;757;-120;-495;375
84;12;3;Vila Conceição;812;414;398;63;-174;237
84;12;3;Vila Ipiranga;18284;15344;2940;-324;-965;641
84;12;3;Vila Jardim;12213;10187;2026;-521;-987;466
84;12;3;Vila João Pessoa;11725;9916;1809;-558;-991;433
84;12;3;Vila Nova;35202;29880;5322;610;-858;1468
84;12;3;Vila São José;28313;23595;4718;356;-990;1346
85;13;3;Aberta dos Morros;6481;5524;957;-55;-36;-19
85;13;3;Agronomia;1285;1109;176;-57;-13;-44
85;13;3;Anchieta;1065;916;149;-38;-10;-28
